,SuccessfulHandoverCount,TotalSuccessfulHandoverCount,TotalSuccessfulHandoverCountRange,TotalSuccessfulHandoverCountLoadBalancing,TotalSuccessfulHandoverCountOverload,FailedHandoverCount,TotalFailedHandoverCount,AvgQoS,MinQoS,AvgQoS_LoadBased,MinQoS_LoadBased,AvgQoS_RangeBased,MinQoS_RangeBased,GiniLoad,VehicleCount
0,0,0,0,0,0,0,0,1.0,1,1.0,1,1.0,1,0.0,0
1,11,11,0,11,0,0,0,1.0,1,1.0,1,1.0,1,0.2655469490441757,26
2,9,20,0,20,0,0,0,1.0,1,1.0,1,1.0,1,0.16272410082778538,27
3,1,21,0,21,0,0,0,1.0,1,1.0,1,1.0,1,0.12596282448452165,28
4,0,21,0,21,0,0,0,1.0,1,1.0,1,1.0,1,0.14502712157999748,29
5,0,21,0,21,0,0,0,1.0,1,1.0,1,1.0,1,0.14502712157999748,29
6,0,21,0,21,0,0,0,1.0,1,1.0,1,1.0,1,0.14785479079118777,32
7,0,21,0,21,0,0,0,1.0,1,1.0,1,1.0,1,0.1469486307307407,33
8,0,21,0,21,0,0,0,1.0,1,1.0,1,1.0,1,0.17309701734000307,35
9,4,25,2,23,0,0,0,1.0,1,1.0,1,1.0,1,0.18465553886373087,35
10,0,25,2,23,0,0,0,1.0,1,1.0,1,1.0,1,0.1821712019907117,35
11,2,27,2,25,0,0,0,1.0,1,1.0,1,1.0,1,0.15903669911901086,35
12,3,30,5,25,0,0,0,1.0,1,1.0,1,1.0,1,0.19518760768625987,34
13,1,31,6,25,0,0,0,1.0,1,1.0,1,1.0,1,0.2786563202657937,32
14,1,32,7,25,0,0,0,1.0,1,1.0,1,1.0,1,0.26256142348114003,31
15,1,33,7,26,0,0,0,1.0,1,1.0,1,1.0,1,0.27598991050045624,30
16,1,34,8,26,0,0,0,1.0,1,1.0,1,1.0,1,0.32795598407275006,30
17,2,36,8,28,0,0,0,1.0,1,1.0,1,1.0,1,0.28879664450182824,29
18,1,37,9,28,0,0,0,1.0,1,1.0,1,1.0,1,0.3344205856671583,29
19,0,37,9,28,0,0,0,1.0,1,1.0,1,1.0,1,0.3162667815753668,28
20,0,37,9,28,0,0,0,1.0,1,1.0,1,1.0,1,0.2991898043993478,28
21,1,38,9,29,0,0,0,1.0,1,1.0,1,1.0,1,0.2829727597142892,28
22,2,40,11,29,0,0,0,1.0,1,1.0,1,1.0,1,0.3396728882806743,28
23,2,42,13,29,0,0,0,1.0,1,1.0,1,1.0,1,0.3899568169611513,27
24,6,48,19,29,0,0,0,1.0,1,1.0,1,1.0,1,0.31708574044203036,28
25,3,51,21,30,0,0,0,1.0,1,1.0,1,1.0,1,0.24516884885439993,28
26,4,55,24,31,0,0,0,1.0,1,1.0,1,1.0,1,0.231473755005305,30
27,1,56,25,31,0,0,0,1.0,1,1.0,1,1.0,1,0.25407628719220876,30
28,2,58,26,32,0,0,0,1.0,1,1.0,1,1.0,1,0.22338602253081824,31
29,1,59,26,33,0,0,0,1.0,1,1.0,1,1.0,1,0.17660249203118197,30
30,0,59,26,33,0,0,0,1.0,1,1.0,1,1.0,1,0.17660249203118197,30
31,0,59,26,33,0,0,0,1.0,1,1.0,1,1.0,1,0.18977287131803944,31
32,2,61,28,33,0,0,0,1.0,1,1.0,1,1.0,1,0.27985998166265225,31
33,3,64,30,34,0,0,0,1.0,1,1.0,1,1.0,1,0.27827616236984615,31
34,2,66,31,35,0,0,0,1.0,1,1.0,1,1.0,1,0.24867157328875764,29
35,0,66,31,35,0,0,0,1.0,1,1.0,1,1.0,1,0.24767330497526704,30
36,0,66,31,35,0,0,0,1.0,1,1.0,1,1.0,1,0.2727127580945131,30
37,1,67,31,36,0,0,0,1.0,1,1.0,1,1.0,1,0.2707437631365361,31
38,3,70,32,38,0,0,0,1.0,1,1.0,1,1.0,1,0.22402083379195026,32
39,1,71,32,39,0,0,0,1.0,1,1.0,1,1.0,1,0.20477596879051047,36
40,0,71,32,39,0,0,0,1.0,1,1.0,1,1.0,1,0.217164623093949,37
41,0,71,32,39,0,0,0,1.0,1,1.0,1,1.0,1,0.217164623093949,37
42,0,71,32,39,0,0,0,1.0,1,1.0,1,1.0,1,0.22348880223696127,38
43,4,75,34,41,0,0,0,1.0,1,1.0,1,1.0,1,0.21679346624319326,40
44,0,75,34,41,0,0,0,1.0,1,1.0,1,1.0,1,0.23558908064742534,39
45,2,77,35,42,0,0,0,1.0,1,1.0,1,1.0,1,0.269384721106609,40
46,0,77,35,42,0,0,0,1.0,1,1.0,1,1.0,1,0.24880370614298838,39
47,3,80,37,43,0,0,0,1.0,1,1.0,1,1.0,1,0.22299554474316294,39
48,2,82,38,44,0,0,0,1.0,1,1.0,1,1.0,1,0.22640511113451922,39
49,1,83,38,45,0,0,0,1.0,1,1.0,1,1.0,1,0.186720465151606,37
50,0,83,38,45,0,0,0,1.0,1,1.0,1,1.0,1,0.16716182940624016,35
51,0,83,38,45,0,0,0,1.0,1,1.0,1,1.0,1,0.17435745191734392,34
52,0,83,38,45,0,0,0,1.0,1,1.0,1,1.0,1,0.2160080035024818,34
53,0,83,38,45,0,0,0,1.0,1,1.0,1,1.0,1,0.22033891962228516,35
54,0,83,38,45,0,0,0,1.0,1,1.0,1,1.0,1,0.260937884187385,36
55,3,86,39,47,0,0,0,1.0,1,1.0,1,1.0,1,0.24301702119199903,36
56,2,88,41,47,0,0,0,1.0,1,1.0,1,1.0,1,0.27369946881500823,36
57,2,90,41,49,0,0,0,1.0,1,1.0,1,1.0,1,0.2601595026378023,37
58,3,93,44,49,0,0,0,1.0,1,1.0,1,1.0,1,0.29306456988679763,38
59,1,94,45,49,0,0,0,1.0,1,1.0,1,1.0,1,0.29775916855474005,37
60,3,97,46,51,0,0,0,1.0,1,1.0,1,1.0,1,0.261519401972756,38
61,2,99,47,52,0,0,0,1.0,1,1.0,1,1.0,1,0.2666611384564559,37
62,1,100,48,52,0,0,0,1.0,1,1.0,1,1.0,1,0.282273654402402,39
63,1,101,49,52,0,0,0,1.0,1,1.0,1,1.0,1,0.3194021262015357,39
64,1,102,50,52,0,0,0,1.0,1,1.0,1,1.0,1,0.3251213197906304,38
65,5,107,51,56,0,0,0,1.0,1,1.0,1,1.0,1,0.24116075186759858,39
66,3,110,53,57,0,0,0,1.0,1,1.0,1,1.0,1,0.2522804482828553,39
67,1,111,53,58,0,0,0,1.0,1,1.0,1,1.0,1,0.23983569113396666,36
68,0,111,53,58,0,0,0,1.0,1,1.0,1,1.0,1,0.2790296642816988,36
69,0,111,53,58,0,0,0,1.0,1,1.0,1,1.0,1,0.28369459241546213,37
70,0,111,53,58,0,0,0,1.0,1,1.0,1,1.0,1,0.32908491236363596,36
71,1,112,53,59,0,0,0,1.0,1,1.0,1,1.0,1,0.2922566564251989,38
72,3,115,55,60,0,0,0,1.0,1,1.0,1,1.0,1,0.2981910798928,38
73,1,116,55,61,0,0,0,1.0,1,1.0,1,1.0,1,0.3093859347512454,37
74,4,120,56,64,0,0,0,1.0,1,1.0,1,1.0,1,0.2696854000792421,38
75,2,122,57,65,0,0,0,1.0,1,1.0,1,1.0,1,0.24121895836748478,38
76,0,122,57,65,0,0,0,1.0,1,1.0,1,1.0,1,0.22946207193566148,39
77,1,123,57,66,0,0,0,1.0,1,1.0,1,1.0,1,0.23096621890675173,40
78,1,124,57,67,0,0,0,1.0,1,1.0,1,1.0,1,0.19888598361624954,41
79,0,124,57,67,0,0,0,1.0,1,1.0,1,1.0,1,0.19888598361624954,41
80,0,124,57,67,0,0,0,1.0,1,1.0,1,1.0,1,0.19888598361624954,41
81,0,124,57,67,0,0,0,1.0,1,1.0,1,1.0,1,0.2318637406405906,41
82,1,125,57,68,0,0,0,1.0,1,1.0,1,1.0,1,0.22971336707921844,44
83,0,125,57,68,0,0,0,1.0,1,1.0,1,1.0,1,0.22971336707921844,44
84,0,125,57,68,0,0,0,1.0,1,1.0,1,1.0,1,0.22037486203609746,45
85,1,126,58,68,0,0,0,1.0,1,1.0,1,1.0,1,0.22941045359524312,45
86,0,126,58,68,0,0,0,1.0,1,1.0,1,1.0,1,0.22941045359524312,45
87,1,127,59,68,0,0,0,1.0,1,1.0,1,1.0,1,0.27059936102532656,44
88,1,128,60,68,0,0,0,1.0,1,1.0,1,1.0,1,0.2865953276761952,44
89,2,130,60,70,0,0,0,1.0,1,1.0,1,1.0,1,0.27157970351746874,43
90,1,131,60,71,0,0,0,1.0,1,1.0,1,1.0,1,0.28152788508069615,44
91,1,132,61,71,0,0,0,1.0,1,1.0,1,1.0,1,0.3083113610737501,44
92,0,132,61,71,0,0,0,1.0,1,1.0,1,1.0,1,0.29483143698028585,43
93,1,133,61,72,0,0,0,1.0,1,1.0,1,1.0,1,0.2876773360991087,44
94,1,134,62,72,0,0,0,1.0,1,1.0,1,1.0,1,0.3090957545746313,44
95,2,136,62,74,0,0,0,1.0,1,1.0,1,1.0,1,0.27061785109294134,43
96,0,136,62,74,0,0,0,1.0,1,1.0,1,1.0,1,0.2784309804092649,44
97,1,137,62,75,0,0,0,1.0,1,1.0,1,1.0,1,0.26639481025423806,44
98,0,137,62,75,0,0,0,1.0,1,1.0,1,1.0,1,0.28798775975617075,43
99,2,139,62,77,0,0,0,1.0,1,1.0,1,1.0,1,0.25051230691278237,43
100,2,141,62,79,0,0,0,1.0,1,1.0,1,1.0,1,0.24053045652359337,47
101,2,143,62,81,0,0,0,1.0,1,1.0,1,1.0,1,0.20655311516855698,47
102,1,144,63,81,0,0,0,1.0,1,1.0,1,1.0,1,0.2233193405299719,47
103,2,146,65,81,0,0,0,1.0,1,1.0,1,1.0,1,0.21587291657759974,46
104,3,149,68,81,0,0,0,1.0,1,1.0,1,1.0,1,0.2488058814713559,45
105,4,153,70,83,0,0,0,1.0,1,1.0,1,1.0,1,0.23411795246262257,44
106,2,155,72,83,0,0,0,1.0,1,1.0,1,1.0,1,0.269145513131247,45
107,2,157,74,83,0,0,0,1.0,1,1.0,1,1.0,1,0.27041212118426455,44
108,1,158,74,84,0,0,0,1.0,1,1.0,1,1.0,1,0.24674950404828772,46
109,2,160,75,85,0,0,0,1.0,1,1.0,1,1.0,1,0.22827241662601047,46
110,4,164,77,87,0,0,0,1.0,1,1.0,1,1.0,1,0.19932645751821015,46
111,3,167,78,89,0,0,0,1.0,1,1.0,1,1.0,1,0.1821244106903743,46
112,2,169,80,89,0,0,0,1.0,1,1.0,1,1.0,1,0.18021211940632487,46
113,0,169,80,89,0,0,0,1.0,1,1.0,1,1.0,1,0.17298891898550892,46
114,3,172,83,89,0,0,0,1.0,1,1.0,1,1.0,1,0.13938608890972462,46
115,1,173,84,89,0,0,0,1.0,1,1.0,1,1.0,1,0.17307396597877928,47
116,1,174,85,89,0,0,0,1.0,1,1.0,1,1.0,1,0.21024015681394878,47
117,1,175,85,90,0,0,0,1.0,1,1.0,1,1.0,1,0.18096269354303818,45
118,1,176,86,90,0,0,0,1.0,1,1.0,1,1.0,1,0.20203180018569553,46
119,1,177,86,91,0,0,0,1.0,1,1.0,1,1.0,1,0.17500291658447326,46
120,0,177,86,91,0,0,0,1.0,1,1.0,1,1.0,1,0.17588602502744172,47
121,1,178,87,91,0,0,0,1.0,1,1.0,1,1.0,1,0.17499142701485973,46
122,0,178,87,91,0,0,0,1.0,1,1.0,1,1.0,1,0.17499142701485973,46
123,0,178,87,91,0,0,0,1.0,1,1.0,1,1.0,1,0.19606885497311374,45
124,0,178,87,91,0,0,0,1.0,1,1.0,1,1.0,1,0.1959498631158989,46
125,1,179,88,91,0,0,0,1.0,1,1.0,1,1.0,1,0.22773913987549435,44
126,0,179,88,91,0,0,0,1.0,1,1.0,1,1.0,1,0.23459937966986588,45
127,6,185,88,97,0,0,0,1.0,1,1.0,1,1.0,1,0.17049343926039698,45
128,1,186,88,98,0,0,0,1.0,1,1.0,1,1.0,1,0.15750964762437628,46
129,2,188,90,98,0,0,0,1.0,1,1.0,1,1.0,1,0.17050131504738558,48
130,2,190,91,99,0,0,0,1.0,1,1.0,1,1.0,1,0.17881871260554952,48
131,3,193,92,101,0,0,0,1.0,1,1.0,1,1.0,1,0.16184767781309733,49
132,3,196,93,103,0,0,0,1.0,1,1.0,1,1.0,1,0.17465520446007277,51
133,4,200,96,104,0,0,0,1.0,1,1.0,1,1.0,1,0.1694154754455191,49
134,1,201,97,104,0,0,0,1.0,1,1.0,1,1.0,1,0.18192919972070726,49
135,1,202,97,105,0,0,0,1.0,1,1.0,1,1.0,1,0.19502240251950526,49
136,6,208,101,107,0,0,0,1.0,1,1.0,1,1.0,1,0.1506447367398698,48
137,0,208,101,107,0,0,0,1.0,1,1.0,1,1.0,1,0.1617405144770056,47
138,3,211,104,107,0,0,0,1.0,1,1.0,1,1.0,1,0.16075529789216209,48
139,1,212,105,107,0,0,0,1.0,1,1.0,1,1.0,1,0.1916373865423049,48
140,2,214,107,107,0,0,0,1.0,1,1.0,1,1.0,1,0.23193171838301602,49
141,4,218,109,109,0,0,0,1.0,1,1.0,1,1.0,1,0.23282700754504593,49
142,1,219,110,109,0,0,0,1.0,1,1.0,1,1.0,1,0.21575046867919423,49
143,3,222,111,111,0,0,0,1.0,1,1.0,1,1.0,1,0.18730153526925392,47
144,2,224,113,111,0,0,0,1.0,1,1.0,1,1.0,1,0.19019968520890274,46
145,2,226,114,112,0,0,0,1.0,1,1.0,1,1.0,1,0.15957330080704452,44
146,1,227,115,112,0,0,0,1.0,1,1.0,1,1.0,1,0.18839604252314465,44
147,2,229,116,113,0,0,0,1.0,1,1.0,1,1.0,1,0.18882796758266587,43
148,1,230,117,113,0,0,0,1.0,1,1.0,1,1.0,1,0.22911500860579953,43
149,2,232,118,114,0,0,0,1.0,1,1.0,1,1.0,1,0.20428713520775554,43
150,0,232,118,114,0,0,0,1.0,1,1.0,1,1.0,1,0.1856445227254747,42
151,1,233,119,114,0,0,0,1.0,1,1.0,1,1.0,1,0.21602568430065372,42
152,0,233,119,114,0,0,0,1.0,1,1.0,1,1.0,1,0.21602568430065372,42
153,1,234,119,115,0,0,0,1.0,1,1.0,1,1.0,1,0.21587521260307832,42
154,3,237,121,116,0,0,0,1.0,1,1.0,1,1.0,1,0.2957446285377852,43
155,2,239,121,118,0,0,0,1.0,1,1.0,1,1.0,1,0.2676365900815979,43
156,2,241,122,119,0,0,0,1.0,1,1.0,1,1.0,1,0.2798862288000253,42
157,2,243,122,121,0,0,0,1.0,1,1.0,1,1.0,1,0.23593160940197858,41
158,3,246,122,124,0,0,0,1.0,1,1.0,1,1.0,1,0.16527368575893778,42
159,0,246,122,124,0,0,0,1.0,1,1.0,1,1.0,1,0.18072054499892617,43
160,5,251,126,125,0,0,0,1.0,1,1.0,1,1.0,1,0.2748191617301649,44
161,6,257,127,130,0,0,0,1.0,1,1.0,1,1.0,1,0.2082757392320226,44
162,2,259,128,131,0,0,0,1.0,1,1.0,1,1.0,1,0.20579677280143974,45
163,4,263,130,133,0,0,0,1.0,1,1.0,1,1.0,1,0.22299093770660344,43
164,0,263,130,133,0,0,0,1.0,1,1.0,1,1.0,1,0.21217659539922074,42
165,5,268,133,135,0,0,0,1.0,1,1.0,1,1.0,1,0.20390768942019102,42
166,1,269,133,136,0,0,0,1.0,1,1.0,1,1.0,1,0.199541463785116,42
167,1,270,134,136,0,0,0,1.0,1,1.0,1,1.0,1,0.19430664879790127,41
168,0,270,134,136,0,0,0,1.0,1,1.0,1,1.0,1,0.18386137127383617,40
169,0,270,134,136,0,0,0,1.0,1,1.0,1,1.0,1,0.17296706818729818,40
170,0,270,134,136,0,0,0,1.0,1,1.0,1,1.0,1,0.1820133471693128,38
171,2,272,136,136,0,0,0,1.0,1,1.0,1,1.0,1,0.16782487513938504,37
172,4,276,139,137,0,0,0,1.0,1,1.0,1,1.0,1,0.28473701329165807,35
173,4,280,140,140,0,0,0,1.0,1,1.0,1,1.0,1,0.23158549871877088,36
174,1,281,141,140,0,0,0,1.0,1,1.0,1,1.0,1,0.2004308440631909,34
175,0,281,141,140,0,0,0,1.0,1,1.0,1,1.0,1,0.2193601739528597,33
176,0,281,141,140,0,0,0,1.0,1,1.0,1,1.0,1,0.22009096218525973,34
177,2,283,142,141,0,0,0,1.0,1,1.0,1,1.0,1,0.18927863329944108,36
178,0,283,142,141,0,0,0,1.0,1,1.0,1,1.0,1,0.20560469899863285,37
179,2,285,143,142,0,0,0,1.0,1,1.0,1,1.0,1,0.19608822467433254,37
180,1,286,144,142,0,0,0,1.0,1,1.0,1,1.0,1,0.22884946672408432,36
181,0,286,144,142,0,0,0,1.0,1,1.0,1,1.0,1,0.22884946672408432,36
182,3,289,145,144,0,0,0,1.0,1,1.0,1,1.0,1,0.21132737368414717,38
183,0,289,145,144,0,0,0,1.0,1,1.0,1,1.0,1,0.19641013616318123,37
184,1,290,146,144,0,0,0,1.0,1,1.0,1,1.0,1,0.22371589215606544,36
185,0,290,146,144,0,0,0,1.0,1,1.0,1,1.0,1,0.2171876005136774,35
186,1,291,147,144,0,0,0,1.0,1,1.0,1,1.0,1,0.24902069935655974,34
187,3,294,150,144,0,0,0,1.0,1,1.0,1,1.0,1,0.26264711448138306,33
188,2,296,151,145,0,0,0,1.0,1,1.0,1,1.0,1,0.24208670531806753,33
189,5,301,156,145,0,0,0,1.0,1,1.0,1,1.0,1,0.3590016702839549,33
190,1,302,156,146,0,0,0,1.0,1,1.0,1,1.0,1,0.3274062468924025,32
191,3,305,157,148,0,0,0,1.0,1,1.0,1,1.0,1,0.2774058145706905,34
192,1,306,157,149,0,0,0,1.0,1,1.0,1,1.0,1,0.26939425807691847,34
193,1,307,157,150,0,0,0,1.0,1,1.0,1,1.0,1,0.24360051067951904,35
194,1,308,157,151,0,0,0,1.0,1,1.0,1,1.0,1,0.23403566593962494,37
195,0,308,157,151,0,0,0,1.0,1,1.0,1,1.0,1,0.23688947064979735,36
196,1,309,157,152,0,0,0,1.0,1,1.0,1,1.0,1,0.19250396392780922,36
197,2,311,158,153,0,0,0,1.0,1,1.0,1,1.0,1,0.21177735864341418,37
198,1,312,158,154,0,0,0,1.0,1,1.0,1,1.0,1,0.19819085809228723,37
199,0,312,158,154,0,0,0,1.0,1,1.0,1,1.0,1,0.19819085809228723,37
200,1,313,159,154,0,0,0,1.0,1,1.0,1,1.0,1,0.18724658977442182,37
201,0,313,159,154,0,0,0,1.0,1,1.0,1,1.0,1,0.15960654665328677,36
202,2,315,161,154,0,0,0,1.0,1,1.0,1,1.0,1,0.1744361411792639,36
203,2,317,162,155,0,0,0,1.0,1,1.0,1,1.0,1,0.1488529189712524,35
204,1,318,163,155,0,0,0,1.0,1,1.0,1,1.0,1,0.21899230829346453,35
205,5,323,166,157,0,0,0,1.0,1,1.0,1,1.0,1,0.21145633114911114,35
206,4,327,168,159,0,0,0,1.0,1,1.0,1,1.0,1,0.2814538424244544,34
207,3,330,168,162,0,0,0,1.0,1,1.0,1,1.0,1,0.2128049408078932,34
208,0,330,168,162,0,0,0,1.0,1,1.0,1,1.0,1,0.23599343832789169,33
209,0,330,168,162,0,0,0,1.0,1,1.0,1,1.0,1,0.25792631882802747,33
210,2,332,170,162,0,0,0,1.0,1,1.0,1,1.0,1,0.2999389332549349,34
211,1,333,171,162,0,0,0,1.0,1,1.0,1,1.0,1,0.36078946236925474,33
212,1,334,171,163,0,0,0,1.0,1,1.0,1,1.0,1,0.3158527762560182,33
213,2,336,171,165,0,0,0,1.0,1,1.0,1,1.0,1,0.3223723100233916,35
214,1,337,171,166,0,0,0,1.0,1,1.0,1,1.0,1,0.266947658078797,34
215,3,340,172,168,0,0,0,1.0,1,1.0,1,1.0,1,0.22344277759004066,35
216,3,343,173,170,0,0,0,1.0,1,1.0,1,1.0,1,0.21401735988873935,36
217,2,345,174,171,0,0,0,1.0,1,1.0,1,1.0,1,0.22057300187413373,36
218,4,349,177,172,0,0,0,1.0,1,1.0,1,1.0,1,0.31715704256263716,36
219,5,354,178,176,0,0,0,1.0,1,1.0,1,1.0,1,0.187422923462288,37
220,0,354,178,176,0,0,0,1.0,1,1.0,1,1.0,1,0.2103032175482657,38
221,3,357,179,178,0,0,0,1.0,1,1.0,1,1.0,1,0.17040219157418732,37
222,1,358,180,178,0,0,0,1.0,1,1.0,1,1.0,1,0.19972963296502141,38
223,1,359,181,178,0,0,0,1.0,1,1.0,1,1.0,1,0.25445893954352344,38
224,2,361,182,179,0,0,0,1.0,1,1.0,1,1.0,1,0.21651109498464977,38
225,2,363,183,180,0,0,0,1.0,1,1.0,1,1.0,1,0.19580586188997826,36
226,1,364,184,180,0,0,0,1.0,1,1.0,1,1.0,1,0.26300671315356866,37
227,5,369,185,184,0,0,0,1.0,1,1.0,1,1.0,1,0.1539232965970148,35
228,0,369,185,184,0,0,0,1.0,1,1.0,1,1.0,1,0.1539232965970148,35
229,2,371,186,185,0,0,0,1.0,1,1.0,1,1.0,1,0.15161494200160222,35
230,2,373,188,185,0,0,0,1.0,1,1.0,1,1.0,1,0.21681853776838275,35
231,2,375,188,187,0,0,0,1.0,1,1.0,1,1.0,1,0.15635537312584516,35
232,3,378,191,187,0,0,0,1.0,1,1.0,1,1.0,1,0.21710177293687283,36
233,3,381,191,190,0,0,0,1.0,1,1.0,1,1.0,1,0.15198857364351612,36
234,2,383,192,191,0,0,0,1.0,1,1.0,1,1.0,1,0.22816897849729442,34
235,5,388,195,193,0,0,0,1.0,1,1.0,1,1.0,1,0.2365885745407154,33
236,1,389,196,193,0,0,0,1.0,1,1.0,1,1.0,1,0.22124580695379384,31
237,0,389,196,193,0,0,0,1.0,1,1.0,1,1.0,1,0.2459566567569681,32
238,1,390,197,193,0,0,0,1.0,1,1.0,1,1.0,1,0.27163890652545664,31
239,2,392,199,193,0,0,0,1.0,1,1.0,1,1.0,1,0.20964033676922764,30
240,0,392,199,193,0,0,0,1.0,1,1.0,1,1.0,1,0.22458507816539952,27
241,1,393,200,193,0,0,0,1.0,1,1.0,1,1.0,1,0.24239121282964446,27
242,0,393,200,193,0,0,0,1.0,1,1.0,1,1.0,1,0.27920778898610377,28
243,2,395,202,193,0,0,0,1.0,1,1.0,1,1.0,1,0.31291531398039196,28
244,1,396,203,193,0,0,0,1.0,1,1.0,1,1.0,1,0.30627908659543174,27
245,2,398,204,194,0,0,0,1.0,1,1.0,1,1.0,1,0.3056833820405044,27
246,4,402,206,196,0,0,0,1.0,1,1.0,1,1.0,1,0.2249860726024438,25
247,0,402,206,196,0,0,0,1.0,1,1.0,1,1.0,1,0.21698782959847046,24
248,0,402,206,196,0,0,0,1.0,1,1.0,1,1.0,1,0.2143911097230602,24
249,0,402,206,196,0,0,0,1.0,1,1.0,1,1.0,1,0.21985448191464305,25
250,1,403,206,197,0,0,0,1.0,1,1.0,1,1.0,1,0.19761369630993153,27
251,0,403,206,197,0,0,0,1.0,1,1.0,1,1.0,1,0.19761369630993153,27
252,0,403,206,197,0,0,0,1.0,1,1.0,1,1.0,1,0.19761369630993153,27
253,2,405,207,198,0,0,0,1.0,1,1.0,1,1.0,1,0.2235263559229742,29
254,1,406,208,198,0,0,0,1.0,1,1.0,1,1.0,1,0.2122894184783782,30
255,1,407,209,198,0,0,0,1.0,1,1.0,1,1.0,1,0.22777318079806488,31
256,1,408,210,198,0,0,0,1.0,1,1.0,1,1.0,1,0.23775744689021303,31
257,2,410,211,199,0,0,0,1.0,1,1.0,1,1.0,1,0.24462184649723084,33
258,0,410,211,199,0,0,0,1.0,1,1.0,1,1.0,1,0.24462184649723084,33
259,0,410,211,199,0,0,0,1.0,1,1.0,1,1.0,1,0.24462184649723084,33
260,2,412,213,199,0,0,0,1.0,1,1.0,1,1.0,1,0.29694623640301665,35
261,3,415,214,201,0,0,0,1.0,1,1.0,1,1.0,1,0.2812751768179972,35
262,2,417,216,201,0,0,0,1.0,1,1.0,1,1.0,1,0.3527573074739383,35
263,3,420,217,203,0,0,0,1.0,1,1.0,1,1.0,1,0.3575850263284583,34
264,1,421,218,203,0,0,0,1.0,1,1.0,1,1.0,1,0.40996777960444364,32
265,2,423,220,203,0,0,0,1.0,1,1.0,1,1.0,1,0.35523959650401427,30
266,2,425,222,203,0,0,0,1.0,1,1.0,1,1.0,1,0.3492338499355769,31
267,3,428,224,204,0,0,0,1.0,1,1.0,1,1.0,1,0.3279647557450865,30
268,2,430,225,205,0,0,0,1.0,1,1.0,1,1.0,1,0.33943115747392916,31
269,2,432,226,206,0,0,0,1.0,1,1.0,1,1.0,1,0.3355990368389496,31
270,3,435,228,207,0,0,0,1.0,1,1.0,1,1.0,1,0.37787199793111287,32
271,3,438,229,209,0,0,0,1.0,1,1.0,1,1.0,1,0.3610657908320394,31
272,3,441,230,211,0,0,0,1.0,1,1.0,1,1.0,1,0.374277158426255,32
273,0,441,230,211,0,0,0,1.0,1,1.0,1,1.0,1,0.374277158426255,32
274,0,441,230,211,0,0,0,1.0,1,1.0,1,1.0,1,0.374277158426255,32
275,2,443,231,212,0,0,0,1.0,1,1.0,1,1.0,1,0.32567866443449783,33
276,3,446,233,213,0,0,0,1.0,1,1.0,1,1.0,1,0.3752238409896491,34
277,1,447,234,213,0,0,0,1.0,1,1.0,1,1.0,1,0.3173350672417513,32
278,0,447,234,213,0,0,0,1.0,1,1.0,1,1.0,1,0.3435590194516895,31
279,1,448,234,214,0,0,0,1.0,1,1.0,1,1.0,1,0.2843795770518211,31
280,1,449,234,215,0,0,0,1.0,1,1.0,1,1.0,1,0.2559793038348704,30
281,1,450,235,215,0,0,0,1.0,1,1.0,1,1.0,1,0.2727766374236056,31
282,0,450,235,215,0,0,0,1.0,1,1.0,1,1.0,1,0.26430118732538294,30
283,2,452,236,216,0,0,0,1.0,1,1.0,1,1.0,1,0.25214758899156986,31
284,0,452,236,216,0,0,0,1.0,1,1.0,1,1.0,1,0.25214758899156986,31
285,2,454,237,217,0,0,0,1.0,1,1.0,1,1.0,1,0.26923929547283143,31
286,0,454,237,217,0,0,0,1.0,1,1.0,1,1.0,1,0.26923929547283143,31
287,3,457,237,220,0,0,0,1.0,1,1.0,1,1.0,1,0.21610652351078263,33
288,0,457,237,220,0,0,0,1.0,1,1.0,1,1.0,1,0.20606549709042488,32
289,1,458,238,220,0,0,0,1.0,1,1.0,1,1.0,1,0.2328592598243132,32
290,0,458,238,220,0,0,0,1.0,1,1.0,1,1.0,1,0.22778601360401315,31
291,0,458,238,220,0,0,0,1.0,1,1.0,1,1.0,1,0.210163313501434,30
292,1,459,239,220,0,0,0,1.0,1,1.0,1,1.0,1,0.2267923948765741,32
293,0,459,239,220,0,0,0,1.0,1,1.0,1,1.0,1,0.2267923948765741,32
294,0,459,239,220,0,0,0,1.0,1,1.0,1,1.0,1,0.2267923948765741,32
295,1,460,240,220,0,0,0,1.0,1,1.0,1,1.0,1,0.22408833138650092,34
296,1,461,241,220,0,0,0,1.0,1,1.0,1,1.0,1,0.20013353903453318,34
297,2,463,242,221,0,0,0,1.0,1,1.0,1,1.0,1,0.18606128141622483,34
298,0,463,242,221,0,0,0,1.0,1,1.0,1,1.0,1,0.19991752181558758,35
299,0,463,242,221,0,0,0,1.0,1,1.0,1,1.0,1,0.23244155948996517,35
300,1,464,243,221,0,0,0,1.0,1,1.0,1,1.0,1,0.243453016485632,35
301,2,466,244,222,0,0,0,1.0,1,1.0,1,1.0,1,0.2574466321223748,38
302,2,468,246,222,0,0,0,1.0,1,1.0,1,1.0,1,0.29597619926886365,38
303,6,474,249,225,0,0,0,1.0,1,1.0,1,1.0,1,0.26328436538197886,37
304,3,477,250,227,0,0,0,1.0,1,1.0,1,1.0,1,0.2917110033891464,37
305,6,483,252,231,0,0,0,1.0,1,1.0,1,1.0,1,0.24428819476992344,36
306,0,483,252,231,0,0,0,1.0,1,1.0,1,1.0,1,0.2414887382720811,36
307,0,483,252,231,0,0,0,1.0,1,1.0,1,1.0,1,0.23432691759192337,35
308,0,483,252,231,0,0,0,1.0,1,1.0,1,1.0,1,0.22552084742229003,37
309,0,483,252,231,0,0,0,1.0,1,1.0,1,1.0,1,0.22552084742229003,37
310,0,483,252,231,0,0,0,1.0,1,1.0,1,1.0,1,0.22552084742229003,37
311,0,483,252,231,0,0,0,1.0,1,1.0,1,1.0,1,0.21081900702643536,39
312,1,484,253,231,0,0,0,1.0,1,1.0,1,1.0,1,0.2458066258827283,40
313,1,485,253,232,0,0,0,1.0,1,1.0,1,1.0,1,0.2189754646408527,39
314,0,485,253,232,0,0,0,1.0,1,1.0,1,1.0,1,0.2307101464461925,40
315,2,487,255,232,0,0,0,1.0,1,1.0,1,1.0,1,0.3138754532014208,39
316,1,488,255,233,0,0,0,1.0,1,1.0,1,1.0,1,0.28737103592750857,39
317,0,488,255,233,0,0,0,1.0,1,1.0,1,1.0,1,0.287416771244564,40
318,1,489,255,234,0,0,0,1.0,1,1.0,1,1.0,1,0.26755389270656005,41
319,1,490,255,235,0,0,0,1.0,1,1.0,1,1.0,1,0.26716873284929743,41
320,2,492,256,236,0,0,0,1.0,1,1.0,1,1.0,1,0.26986956998224765,41
321,0,492,256,236,0,0,0,1.0,1,1.0,1,1.0,1,0.26986956998224765,41
322,4,496,258,238,0,0,0,1.0,1,1.0,1,1.0,1,0.22067185971853337,41
323,0,496,258,238,0,0,0,1.0,1,1.0,1,1.0,1,0.22067185971853337,41
324,3,499,260,239,0,0,0,1.0,1,1.0,1,1.0,1,0.25610045355675953,42
325,4,503,261,242,0,0,0,1.0,1,1.0,1,1.0,1,0.21581230015626157,42
326,2,505,262,243,0,0,0,1.0,1,1.0,1,1.0,1,0.24643332197795215,42
327,1,506,262,244,0,0,0,1.0,1,1.0,1,1.0,1,0.22060092846980225,42
328,1,507,262,245,0,0,0,1.0,1,1.0,1,1.0,1,0.22121161126156308,43
329,1,508,262,246,0,0,0,1.0,1,1.0,1,1.0,1,0.20252343917272816,43
330,0,508,262,246,0,0,0,1.0,1,1.0,1,1.0,1,0.19577052922665247,45
331,3,511,262,249,0,0,0,1.0,1,1.0,1,1.0,1,0.14712990243657606,45
332,0,511,262,249,0,0,0,1.0,1,1.0,1,1.0,1,0.14740918879665746,45
333,1,512,262,250,0,0,0,1.0,1,1.0,1,1.0,1,0.12732255518372707,46
334,0,512,262,250,0,0,0,1.0,1,1.0,1,1.0,1,0.10708565338936768,48
335,0,512,262,250,0,0,0,1.0,1,1.0,1,1.0,1,0.10708565338936768,48
336,1,513,263,250,0,0,0,1.0,1,1.0,1,1.0,1,0.1269058308137176,48
337,0,513,263,250,0,0,0,1.0,1,1.0,1,1.0,1,0.1417050597956049,49
338,1,514,264,250,0,0,0,1.0,1,1.0,1,1.0,1,0.15026943934214815,50
339,0,514,264,250,0,0,0,1.0,1,1.0,1,1.0,1,0.15026943934214815,50
340,0,514,264,250,0,0,0,1.0,1,1.0,1,1.0,1,0.15026943934214815,50
341,1,515,264,251,0,0,0,1.0,1,1.0,1,1.0,1,0.15317343115758603,51
342,3,518,265,253,0,0,0,1.0,1,1.0,1,1.0,1,0.14931297577255226,51
343,0,518,265,253,0,0,0,1.0,1,1.0,1,1.0,1,0.15861537419454164,51
344,0,518,265,253,0,0,0,1.0,1,1.0,1,1.0,1,0.16432408854663977,50
345,2,520,266,254,0,0,0,1.0,1,1.0,1,1.0,1,0.14538885763054002,51
346,0,520,266,254,0,0,0,1.0,1,1.0,1,1.0,1,0.1780383409092857,51
347,3,523,269,254,0,0,0,1.0,1,1.0,1,1.0,1,0.1848195677584246,51
348,6,529,273,256,0,0,0,1.0,1,1.0,1,1.0,1,0.21312767659814594,53
349,5,534,274,260,0,0,0,1.0,1,1.0,1,1.0,1,0.1347321838030588,55
350,0,534,274,260,0,0,0,1.0,1,1.0,1,1.0,1,0.15349454330774284,54
351,1,535,275,260,0,0,0,1.0,1,1.0,1,1.0,1,0.15711681392624371,54
352,2,537,277,260,0,0,0,1.0,1,1.0,1,1.0,1,0.1880851487375748,53
353,3,540,278,262,0,0,0,1.0,1,1.0,1,1.0,1,0.1831079152292201,53
354,0,540,278,262,0,0,0,1.0,1,1.0,1,1.0,1,0.20776012697832885,50
355,2,542,278,264,0,0,0,1.0,1,1.0,1,1.0,1,0.1952497635871027,51
356,2,544,280,264,0,0,0,1.0,1,1.0,1,1.0,1,0.20833429042024829,51
357,1,545,281,264,0,0,0,1.0,1,1.0,1,1.0,1,0.2399927726261978,50
358,1,546,282,264,0,0,0,1.0,1,1.0,1,1.0,1,0.2830923666695997,48
359,4,550,284,266,0,0,0,1.0,1,1.0,1,1.0,1,0.2893036070210837,47
360,0,550,284,266,0,0,0,1.0,1,1.0,1,1.0,1,0.2630673796089799,45
361,2,552,285,267,0,0,0,1.0,1,1.0,1,1.0,1,0.2587082779697698,44
362,1,553,285,268,0,0,0,1.0,1,1.0,1,1.0,1,0.23888589847592073,44
363,2,555,287,268,0,0,0,1.0,1,1.0,1,1.0,1,0.24366618820129957,44
364,1,556,287,269,0,0,0,1.0,1,1.0,1,1.0,1,0.22898772253015406,43
365,1,557,288,269,0,0,0,1.0,1,1.0,1,1.0,1,0.23984226457087507,43
366,1,558,289,269,0,0,0,1.0,1,1.0,1,1.0,1,0.2630149533543809,45
367,1,559,290,269,0,0,0,1.0,1,1.0,1,1.0,1,0.28010274348042535,44
368,0,559,290,269,0,0,0,1.0,1,1.0,1,1.0,1,0.2540917130978501,46
369,1,560,291,269,0,0,0,1.0,1,1.0,1,1.0,1,0.29655568074834976,45
370,3,563,292,271,0,0,0,1.0,1,1.0,1,1.0,1,0.2755977730999722,46
371,0,563,292,271,0,0,0,1.0,1,1.0,1,1.0,1,0.31463370433404625,47
372,0,563,292,271,0,0,0,1.0,1,1.0,1,1.0,1,0.3176539502620841,48
373,4,567,294,273,0,0,0,1.0,1,1.0,1,1.0,1,0.28948251530621283,48
374,2,569,295,274,0,0,0,1.0,1,1.0,1,1.0,1,0.2857342813675952,49
375,4,573,295,278,0,0,0,1.0,1,1.0,1,1.0,1,0.1943542618959998,49
376,1,574,296,278,0,0,0,1.0,1,1.0,1,1.0,1,0.18453036899639136,49
377,2,576,298,278,0,0,0,1.0,1,1.0,1,1.0,1,0.1826706772397151,49
378,3,579,300,279,0,0,0,1.0,1,1.0,1,1.0,1,0.16623696471860985,49
379,1,580,301,279,0,0,0,1.0,1,1.0,1,1.0,1,0.20861938470911837,50
380,3,583,302,281,0,0,0,1.0,1,1.0,1,1.0,1,0.1897024867529205,50
381,3,586,303,283,0,0,0,1.0,1,1.0,1,1.0,1,0.1919118497367955,51
382,1,587,304,283,0,0,0,1.0,1,1.0,1,1.0,1,0.18842879850211836,50
383,2,589,305,284,0,0,0,1.0,1,1.0,1,1.0,1,0.19511639139728257,51
384,2,591,307,284,0,0,0,1.0,1,1.0,1,1.0,1,0.18895964954634573,50
385,2,593,309,284,0,0,0,1.0,1,1.0,1,1.0,1,0.21263258920506378,50
386,0,593,309,284,0,0,0,1.0,1,1.0,1,1.0,1,0.20646326229305068,48
387,0,593,309,284,0,0,0,1.0,1,1.0,1,1.0,1,0.21559030129831147,47
388,2,595,310,285,0,0,0,1.0,1,1.0,1,1.0,1,0.22340373681168604,48
389,2,597,310,287,0,0,0,1.0,1,1.0,1,1.0,1,0.1829120848731522,47
390,0,597,310,287,0,0,0,1.0,1,1.0,1,1.0,1,0.17956624889526918,49
391,3,600,312,288,0,0,0,1.0,1,1.0,1,1.0,1,0.20660367398481397,46
392,3,603,313,290,0,0,0,1.0,1,1.0,1,1.0,1,0.23590389990859745,46
393,4,607,316,291,0,0,0,1.0,1,1.0,1,1.0,1,0.29511479219422393,44
394,1,608,316,292,0,0,0,1.0,1,1.0,1,1.0,1,0.2729038039347799,43
395,1,609,316,293,0,0,0,1.0,1,1.0,1,1.0,1,0.31106032758634017,42
396,2,611,318,293,0,0,0,1.0,1,1.0,1,1.0,1,0.37792440606044403,39
397,5,616,319,297,0,0,0,1.0,1,1.0,1,1.0,1,0.37964855823113913,39
398,2,618,319,299,0,0,0,1.0,1,1.0,1,1.0,1,0.35563071889743103,36
399,1,619,320,299,0,0,0,1.0,1,1.0,1,1.0,1,0.3642517427413617,36
400,4,623,322,301,0,0,0,1.0,1,1.0,1,1.0,1,0.3183544836812688,34
401,2,625,323,302,0,0,0,1.0,1,1.0,1,1.0,1,0.30410945437941583,33
402,1,626,323,303,0,0,0,1.0,1,1.0,1,1.0,1,0.27040945992321724,34
403,1,627,323,304,0,0,0,1.0,1,1.0,1,1.0,1,0.24531858921392005,36
404,2,629,325,304,0,0,0,1.0,1,1.0,1,1.0,1,0.2835142764205602,36
405,1,630,325,305,0,0,0,1.0,1,1.0,1,1.0,1,0.2620072944447913,37
406,0,630,325,305,0,0,0,1.0,1,1.0,1,1.0,1,0.2620072944447913,37
407,0,630,325,305,0,0,0,1.0,1,1.0,1,1.0,1,0.25440642891677295,39
408,3,633,327,306,0,0,0,1.0,1,1.0,1,1.0,1,0.254060463143842,40
409,0,633,327,306,0,0,0,1.0,1,1.0,1,1.0,1,0.2650926465204178,41
410,1,634,328,306,0,0,0,1.0,1,1.0,1,1.0,1,0.267128095525622,42
411,0,634,328,306,0,0,0,1.0,1,1.0,1,1.0,1,0.28492250249149265,43
412,2,636,330,306,0,0,0,1.0,1,1.0,1,1.0,1,0.31597001665144475,44
413,2,638,330,308,0,0,0,1.0,1,1.0,1,1.0,1,0.2682210880613821,44
414,0,638,330,308,0,0,0,1.0,1,1.0,1,1.0,1,0.2656089937713864,45
415,0,638,330,308,0,0,0,1.0,1,1.0,1,1.0,1,0.2656089937713864,45
416,1,639,330,309,0,0,0,1.0,1,1.0,1,1.0,1,0.24575890758341562,46
417,2,641,332,309,0,0,0,1.0,1,1.0,1,1.0,1,0.2630654834905543,46
418,0,641,332,309,0,0,0,1.0,1,1.0,1,1.0,1,0.2623176892426051,47
419,0,641,332,309,0,0,0,1.0,1,1.0,1,1.0,1,0.2623176892426051,47
420,0,641,332,309,0,0,0,1.0,1,1.0,1,1.0,1,0.2623176892426051,47
421,0,641,332,309,0,0,0,1.0,1,1.0,1,1.0,1,0.2623176892426051,47
422,2,643,333,310,0,0,0,1.0,1,1.0,1,1.0,1,0.27013780066593257,49
423,3,646,335,311,0,0,0,1.0,1,1.0,1,1.0,1,0.28828831958815754,47
424,2,648,336,312,0,0,0,1.0,1,1.0,1,1.0,1,0.28358370764752766,45
425,5,653,337,316,0,0,0,1.0,1,1.0,1,1.0,1,0.25290211082148867,46
426,3,656,338,318,0,0,0,1.0,1,1.0,1,1.0,1,0.2662047692913794,46
427,2,658,339,319,0,0,0,1.0,1,1.0,1,1.0,1,0.27129159757925475,45
428,4,662,341,321,0,0,0,1.0,1,1.0,1,1.0,1,0.2897473568219085,45
429,2,664,343,321,0,0,0,1.0,1,1.0,1,1.0,1,0.2803311640748074,42
430,4,668,345,323,0,0,0,1.0,1,1.0,1,1.0,1,0.24271282405718,40
431,4,672,347,325,0,0,0,1.0,1,1.0,1,1.0,1,0.18717401705133033,39
432,1,673,348,325,0,0,0,1.0,1,1.0,1,1.0,1,0.19601537464199356,37
433,3,676,350,326,0,0,0,1.0,1,1.0,1,1.0,1,0.16357022840527685,35
434,0,676,350,326,0,0,0,1.0,1,1.0,1,1.0,1,0.21627885604100694,33
435,1,677,350,327,0,0,0,1.0,1,1.0,1,1.0,1,0.1973765346041126,33
436,0,677,350,327,0,0,0,1.0,1,1.0,1,1.0,1,0.1973765346041126,33
437,0,677,350,327,0,0,0,1.0,1,1.0,1,1.0,1,0.19244935435767388,33
438,0,677,350,327,0,0,0,1.0,1,1.0,1,1.0,1,0.22394417548372741,32
439,1,678,351,327,0,0,0,1.0,1,1.0,1,1.0,1,0.1927665690565848,34
440,2,680,352,328,0,0,0,1.0,1,1.0,1,1.0,1,0.18162821702249543,34
441,1,681,353,328,0,0,0,1.0,1,1.0,1,1.0,1,0.23426946662112252,35
442,4,685,355,330,0,0,0,1.0,1,1.0,1,1.0,1,0.24169746448482163,37
443,7,692,360,332,0,0,0,1.0,1,1.0,1,1.0,1,0.199048676853021,37
444,0,692,360,332,0,0,0,1.0,1,1.0,1,1.0,1,0.21117225864392286,38
445,0,692,360,332,0,0,0,1.0,1,1.0,1,1.0,1,0.19148304480688555,39
446,0,692,360,332,0,0,0,1.0,1,1.0,1,1.0,1,0.19148304480688555,39
447,1,693,360,333,0,0,0,1.0,1,1.0,1,1.0,1,0.2017842643866895,41
448,1,694,360,334,0,0,0,1.0,1,1.0,1,1.0,1,0.19391871754001871,41
449,0,694,360,334,0,0,0,1.0,1,1.0,1,1.0,1,0.21887356742832353,40
450,1,695,361,334,0,0,0,1.0,1,1.0,1,1.0,1,0.23953390439967207,40
451,3,698,361,337,0,0,0,1.0,1,1.0,1,1.0,1,0.2143741347092494,41
452,0,698,361,337,0,0,0,1.0,1,1.0,1,1.0,1,0.2143741347092494,41
453,1,699,361,338,0,0,0,1.0,1,1.0,1,1.0,1,0.20429556852272357,40
454,2,701,361,340,0,0,0,1.0,1,1.0,1,1.0,1,0.16482637314933407,41
455,1,702,362,340,0,0,0,1.0,1,1.0,1,1.0,1,0.22771511607136527,41
456,0,702,362,340,0,0,0,1.0,1,1.0,1,1.0,1,0.2347428026657824,43
457,4,706,363,343,0,0,0,1.0,1,1.0,1,1.0,1,0.1633802608299511,43
458,0,706,363,343,0,0,0,1.0,1,1.0,1,1.0,1,0.1633802608299511,43
459,0,706,363,343,0,0,0,1.0,1,1.0,1,1.0,1,0.14358992793105851,44
460,1,707,363,344,0,0,0,1.0,1,1.0,1,1.0,1,0.1508776749013922,47
461,1,708,364,344,0,0,0,1.0,1,1.0,1,1.0,1,0.15161422480774792,48
462,2,710,366,344,0,0,0,1.0,1,1.0,1,1.0,1,0.18650327432203836,49
463,2,712,367,345,0,0,0,1.0,1,1.0,1,1.0,1,0.14461664065778118,47
464,1,713,367,346,0,0,0,1.0,1,1.0,1,1.0,1,0.14079042746569076,48
465,3,716,370,346,0,0,0,1.0,1,1.0,1,1.0,1,0.17471083633080456,47
466,1,717,371,346,0,0,0,1.0,1,1.0,1,1.0,1,0.14398406690057122,46
467,4,721,374,347,0,0,0,1.0,1,1.0,1,1.0,1,0.1507029076127629,44
468,4,725,378,347,0,0,0,1.0,1,1.0,1,1.0,1,0.13665063363575314,41
469,2,727,380,347,0,0,0,1.0,1,1.0,1,1.0,1,0.11922094502844487,40
470,1,728,381,347,0,0,0,1.0,1,1.0,1,1.0,1,0.1960094864611575,39
471,2,730,383,347,0,0,0,1.0,1,1.0,1,1.0,1,0.22738945118932674,38
472,5,735,388,347,0,0,0,1.0,1,1.0,1,1.0,1,0.29721857152249687,36
473,4,739,390,349,0,0,0,1.0,1,1.0,1,1.0,1,0.3027300156741997,36
474,3,742,392,350,0,0,0,1.0,1,1.0,1,1.0,1,0.27314494780182896,34
475,3,745,394,351,0,0,0,1.0,1,1.0,1,1.0,1,0.2990357033556442,34
476,0,745,394,351,0,0,0,1.0,1,1.0,1,1.0,1,0.2699399532980887,32
477,2,747,396,351,0,0,0,1.0,1,1.0,1,1.0,1,0.3195526654035691,32
478,0,747,396,351,0,0,0,1.0,1,1.0,1,1.0,1,0.30894469407026226,30
479,1,748,396,352,0,0,0,1.0,1,1.0,1,1.0,1,0.2678635641511577,31
480,0,748,396,352,0,0,0,1.0,1,1.0,1,1.0,1,0.325958393065021,27
481,2,750,397,353,0,0,0,1.0,1,1.0,1,1.0,1,0.2915130988818733,28
482,1,751,398,353,0,0,0,1.0,1,1.0,1,1.0,1,0.24787684327391485,28
483,1,752,398,354,0,0,0,1.0,1,1.0,1,1.0,1,0.2183102307422334,29
484,1,753,399,354,0,0,0,1.0,1,1.0,1,1.0,1,0.23008306076340607,29
485,0,753,399,354,0,0,0,1.0,1,1.0,1,1.0,1,0.23008306076340607,29
486,2,755,401,354,0,0,0,1.0,1,1.0,1,1.0,1,0.2866660741630764,31
487,3,758,401,357,0,0,0,1.0,1,1.0,1,1.0,1,0.28051404864649915,33
488,3,761,401,360,0,0,0,1.0,1,1.0,1,1.0,1,0.22158171158159015,34
489,4,765,403,362,0,0,0,1.0,1,1.0,1,1.0,1,0.23275283042388453,34
490,0,765,403,362,0,0,0,1.0,1,1.0,1,1.0,1,0.23275283042388453,34
491,1,766,404,362,0,0,0,1.0,1,1.0,1,1.0,1,0.26938669650040636,34
492,1,767,404,363,0,0,0,1.0,1,1.0,1,1.0,1,0.23274917803218628,34
493,0,767,404,363,0,0,0,1.0,1,1.0,1,1.0,1,0.23274917803218628,34
494,1,768,405,363,0,0,0,1.0,1,1.0,1,1.0,1,0.2629316738100554,36
495,0,768,405,363,0,0,0,1.0,1,1.0,1,1.0,1,0.2629316738100554,36
496,1,769,406,363,0,0,0,1.0,1,1.0,1,1.0,1,0.2484397881093745,37
497,3,772,407,365,0,0,0,1.0,1,1.0,1,1.0,1,0.2460828215919409,39
498,2,774,408,366,0,0,0,1.0,1,1.0,1,1.0,1,0.21493000445790483,40
499,0,774,408,366,0,0,0,1.0,1,1.0,1,1.0,1,0.21493000445790483,40
500,5,779,411,368,0,0,0,1.0,1,1.0,1,1.0,1,0.21272631564649647,42
501,1,780,411,369,0,0,0,1.0,1,1.0,1,1.0,1,0.20084851934629616,42
502,3,783,413,370,0,0,0,1.0,1,1.0,1,1.0,1,0.2688485776723234,42
503,0,783,413,370,0,0,0,1.0,1,1.0,1,1.0,1,0.2600207965346008,41
504,3,786,415,371,0,0,0,1.0,1,1.0,1,1.0,1,0.28782386207945915,42
505,4,790,417,373,0,0,0,1.0,1,1.0,1,1.0,1,0.25495376661023145,38
506,1,791,417,374,0,0,0,1.0,1,1.0,1,1.0,1,0.23571555605203318,37
507,0,791,417,374,0,0,0,1.0,1,1.0,1,1.0,1,0.2454795560766927,35
508,4,795,421,374,0,0,0,1.0,1,1.0,1,1.0,1,0.36468549528677746,35
509,0,795,421,374,0,0,0,1.0,1,1.0,1,1.0,1,0.3551944768609868,34
510,1,796,421,375,0,0,0,1.0,1,1.0,1,1.0,1,0.3240356183065806,34
511,0,796,421,375,0,0,0,1.0,1,1.0,1,1.0,1,0.299588804469855,32
512,2,798,423,375,0,0,0,1.0,1,1.0,1,1.0,1,0.31714975561017933,30
513,1,799,423,376,0,0,0,1.0,1,1.0,1,1.0,1,0.29137621180501855,31
514,0,799,423,376,0,0,0,1.0,1,1.0,1,1.0,1,0.29137621180501855,31
515,2,801,425,376,0,0,0,1.0,1,1.0,1,1.0,1,0.3694373440334788,32
516,1,802,425,377,0,0,0,1.0,1,1.0,1,1.0,1,0.3275755794488122,31
517,3,805,426,379,0,0,0,1.0,1,1.0,1,1.0,1,0.265519031033066,32
518,1,806,426,380,0,0,0,1.0,1,1.0,1,1.0,1,0.227428555897031,31
519,2,808,428,380,0,0,0,1.0,1,1.0,1,1.0,1,0.2550889963388962,31
520,2,810,430,380,0,0,0,1.0,1,1.0,1,1.0,1,0.2677139486202364,33
521,2,812,431,381,0,0,0,1.0,1,1.0,1,1.0,1,0.24992175616831577,34
522,2,814,432,382,0,0,0,1.0,1,1.0,1,1.0,1,0.2079445588128784,34
523,0,814,432,382,0,0,0,1.0,1,1.0,1,1.0,1,0.23014494843240121,33
524,1,815,433,382,0,0,0,1.0,1,1.0,1,1.0,1,0.2599419927663853,34
525,1,816,433,383,0,0,0,1.0,1,1.0,1,1.0,1,0.2694572508553734,32
526,0,816,433,383,0,0,0,1.0,1,1.0,1,1.0,1,0.2694572508553734,32
527,0,816,433,383,0,0,0,1.0,1,1.0,1,1.0,1,0.32791326872890986,31
528,1,817,434,383,0,0,0,1.0,1,1.0,1,1.0,1,0.3344165890122922,31
529,0,817,434,383,0,0,0,1.0,1,1.0,1,1.0,1,0.36459644336672126,30
530,2,819,435,384,0,0,0,1.0,1,1.0,1,1.0,1,0.4029311604230804,30
531,1,820,436,384,0,0,0,1.0,1,1.0,1,1.0,1,0.3905377006861422,32
532,4,824,438,386,0,0,0,1.0,1,1.0,1,1.0,1,0.3230347311707427,32
533,1,825,439,386,0,0,0,1.0,1,1.0,1,1.0,1,0.32585903175644404,34
534,1,826,440,386,0,0,0,1.0,1,1.0,1,1.0,1,0.33569123381075,34
535,4,830,441,389,0,0,0,1.0,1,1.0,1,1.0,1,0.30048444219265835,37
536,1,831,441,390,0,0,0,1.0,1,1.0,1,1.0,1,0.29268612283867573,37
537,5,836,443,393,0,0,0,1.0,1,1.0,1,1.0,1,0.32080093299872925,37
538,3,839,445,394,0,0,0,1.0,1,1.0,1,1.0,1,0.3209570807217543,38
539,1,840,445,395,0,0,0,1.0,1,1.0,1,1.0,1,0.3065648070269359,38
540,0,840,445,395,0,0,0,1.0,1,1.0,1,1.0,1,0.3065648070269359,38
541,0,840,445,395,0,0,0,1.0,1,1.0,1,1.0,1,0.2843573489932308,39
542,2,842,446,396,0,0,0,1.0,1,1.0,1,1.0,1,0.2781003610816757,40
543,1,843,447,396,0,0,0,1.0,1,1.0,1,1.0,1,0.2882009773067044,37
544,3,846,449,397,0,0,0,1.0,1,1.0,1,1.0,1,0.31890684290317867,35
545,0,846,449,397,0,0,0,1.0,1,1.0,1,1.0,1,0.2724232057852954,35
546,4,850,452,398,0,0,0,1.0,1,1.0,1,1.0,1,0.2805538132697657,35
547,0,850,452,398,0,0,0,1.0,1,1.0,1,1.0,1,0.23574929814850407,34
548,3,853,454,399,0,0,0,1.0,1,1.0,1,1.0,1,0.2542554215994385,34
549,4,857,457,400,0,0,0,1.0,1,1.0,1,1.0,1,0.31014159927969664,31
550,0,857,457,400,0,0,0,1.0,1,1.0,1,1.0,1,0.29394796392124606,30
551,2,859,459,400,0,0,0,1.0,1,1.0,1,1.0,1,0.3346605597979191,31
552,1,860,459,401,0,0,0,1.0,1,1.0,1,1.0,1,0.27996818048975003,29
553,0,860,459,401,0,0,0,1.0,1,1.0,1,1.0,1,0.2769097704522143,30
554,0,860,459,401,0,0,0,1.0,1,1.0,1,1.0,1,0.25518947442732814,30
555,0,860,459,401,0,0,0,1.0,1,1.0,1,1.0,1,0.307693964373999,30
556,0,860,459,401,0,0,0,1.0,1,1.0,1,1.0,1,0.31498763396230517,31
557,1,861,459,402,0,0,0,1.0,1,1.0,1,1.0,1,0.35109942018745044,31
558,2,863,459,404,0,0,0,1.0,1,1.0,1,1.0,1,0.26077946836311283,31
559,0,863,459,404,0,0,0,1.0,1,1.0,1,1.0,1,0.26077946836311283,31
560,1,864,459,405,0,0,0,1.0,1,1.0,1,1.0,1,0.25047745864718474,32
561,1,865,460,405,0,0,0,1.0,1,1.0,1,1.0,1,0.2566472801273384,33
562,2,867,461,406,0,0,0,1.0,1,1.0,1,1.0,1,0.21663589414146836,33
563,3,870,463,407,0,0,0,1.0,1,1.0,1,1.0,1,0.23328348388876538,33
564,1,871,463,408,0,0,0,1.0,1,1.0,1,1.0,1,0.22024248596132956,34
565,2,873,464,409,0,0,0,1.0,1,1.0,1,1.0,1,0.1901368782659346,35
566,1,874,464,410,0,0,0,1.0,1,1.0,1,1.0,1,0.18553192516225098,36
567,4,878,467,411,0,0,0,1.0,1,1.0,1,1.0,1,0.24884269437611972,37
568,1,879,468,411,0,0,0,1.0,1,1.0,1,1.0,1,0.29280193328885235,36
569,3,882,468,414,0,0,0,1.0,1,1.0,1,1.0,1,0.2130705055048325,37
570,1,883,468,415,0,0,0,1.0,1,1.0,1,1.0,1,0.19936037279084637,38
571,1,884,469,415,0,0,0,1.0,1,1.0,1,1.0,1,0.18893779704077468,38
572,1,885,469,416,0,0,0,1.0,1,1.0,1,1.0,1,0.17338583846427078,39
573,1,886,470,416,0,0,0,1.0,1,1.0,1,1.0,1,0.19814423604341133,39
574,0,886,470,416,0,0,0,1.0,1,1.0,1,1.0,1,0.21550410944191098,41
575,0,886,470,416,0,0,0,1.0,1,1.0,1,1.0,1,0.21550410944191098,41
576,1,887,470,417,0,0,0,1.0,1,1.0,1,1.0,1,0.20625088667247582,42
577,1,888,470,418,0,0,0,1.0,1,1.0,1,1.0,1,0.17502599014041403,42
578,0,888,470,418,0,0,0,1.0,1,1.0,1,1.0,1,0.1897319825110429,41
579,0,888,470,418,0,0,0,1.0,1,1.0,1,1.0,1,0.1788282265427458,42
580,3,891,471,420,0,0,0,1.0,1,1.0,1,1.0,1,0.1879594055492607,43
581,4,895,473,422,0,0,0,1.0,1,1.0,1,1.0,1,0.20626266313064154,42
582,1,896,474,422,0,0,0,1.0,1,1.0,1,1.0,1,0.2254842834621551,41
583,3,899,477,422,0,0,0,1.0,1,1.0,1,1.0,1,0.24338162371664995,40
584,1,900,478,422,0,0,0,1.0,1,1.0,1,1.0,1,0.2896483332369069,38
585,7,907,482,425,0,0,0,1.0,1,1.0,1,1.0,1,0.24682691829753872,38
586,3,910,485,425,0,0,0,1.0,1,1.0,1,1.0,1,0.2016026531094644,37
587,3,913,487,426,0,0,0,1.0,1,1.0,1,1.0,1,0.2675989778383992,35
588,1,914,488,426,0,0,0,1.0,1,1.0,1,1.0,1,0.26582216708004613,35
589,3,917,488,429,0,0,0,1.0,1,1.0,1,1.0,1,0.16233350428602933,34
590,2,919,489,430,0,0,0,1.0,1,1.0,1,1.0,1,0.17318153781169843,36
591,1,920,490,430,0,0,0,1.0,1,1.0,1,1.0,1,0.1523444816675056,35
592,1,921,491,430,0,0,0,1.0,1,1.0,1,1.0,1,0.20316141570234514,37
593,2,923,493,430,0,0,0,1.0,1,1.0,1,1.0,1,0.22587576806448648,36
594,2,925,494,431,0,0,0,1.0,1,1.0,1,1.0,1,0.21018004506139026,35
595,0,925,494,431,0,0,0,1.0,1,1.0,1,1.0,1,0.19844389949863328,34
596,1,926,495,431,0,0,0,1.0,1,1.0,1,1.0,1,0.23979173584286562,34
597,0,926,495,431,0,0,0,1.0,1,1.0,1,1.0,1,0.24115818992747623,33
598,0,926,495,431,0,0,0,1.0,1,1.0,1,1.0,1,0.2940758234238916,33
599,4,930,498,432,0,0,0,1.0,1,1.0,1,1.0,1,0.2439589635710815,33
600,2,932,500,432,0,0,0,1.0,1,1.0,1,1.0,1,0.295569905636473,33
601,1,933,501,432,0,0,0,1.0,1,1.0,1,1.0,1,0.3017664039509158,34
602,2,935,501,434,0,0,0,1.0,1,1.0,1,1.0,1,0.2966038682875193,35
603,1,936,501,435,0,0,0,1.0,1,1.0,1,1.0,1,0.3025305863259593,35
604,0,936,501,435,0,0,0,1.0,1,1.0,1,1.0,1,0.3087936506412447,35
605,0,936,501,435,0,0,0,1.0,1,1.0,1,1.0,1,0.3379814891660631,35
606,1,937,501,436,0,0,0,1.0,1,1.0,1,1.0,1,0.3236631449861908,35
607,1,938,502,436,0,0,0,1.0,1,1.0,1,1.0,1,0.3658758012550151,35
608,2,940,502,438,0,0,0,1.0,1,1.0,1,1.0,1,0.30745165119155066,36
609,2,942,502,440,0,0,0,1.0,1,1.0,1,1.0,1,0.26989442968292,37
610,0,942,502,440,0,0,0,1.0,1,1.0,1,1.0,1,0.26989442968292,37
611,2,944,503,441,0,0,0,1.0,1,1.0,1,1.0,1,0.2527047823212566,39
612,3,947,504,443,0,0,0,1.0,1,1.0,1,1.0,1,0.20891498554755,39
613,1,948,505,443,0,0,0,1.0,1,1.0,1,1.0,1,0.2264714725497818,39
614,1,949,506,443,0,0,0,1.0,1,1.0,1,1.0,1,0.2646358128490782,39
615,2,951,507,444,0,0,0,1.0,1,1.0,1,1.0,1,0.2531937054122181,39
616,2,953,508,445,0,0,0,1.0,1,1.0,1,1.0,1,0.3044404675296848,38
617,4,957,510,447,0,0,0,1.0,1,1.0,1,1.0,1,0.25699598340507984,39
618,4,961,511,450,0,0,0,1.0,1,1.0,1,1.0,1,0.23725648418459203,40
619,1,962,512,450,0,0,0,1.0,1,1.0,1,1.0,1,0.24758639677112163,39
620,1,963,512,451,0,0,0,1.0,1,1.0,1,1.0,1,0.2013656523731353,38
621,4,967,513,454,0,0,0,1.0,1,1.0,1,1.0,1,0.1926135825887599,38
622,0,967,513,454,0,0,0,1.0,1,1.0,1,1.0,1,0.1571322438378891,38
623,2,969,515,454,0,0,0,1.0,1,1.0,1,1.0,1,0.16549874765848213,37
624,6,975,518,457,0,0,0,1.0,1,1.0,1,1.0,1,0.15614508361043675,33
625,3,978,519,459,0,0,0,1.0,1,1.0,1,1.0,1,0.10670389161969795,32
626,4,982,523,459,0,0,0,1.0,1,1.0,1,1.0,1,0.1553163077177739,31
627,3,985,525,460,0,0,0,1.0,1,1.0,1,1.0,1,0.1681271983904854,30
628,3,988,527,461,0,0,0,1.0,1,1.0,1,1.0,1,0.20926033003696254,32
629,2,990,528,462,0,0,0,1.0,1,1.0,1,1.0,1,0.22258789910756147,29
630,4,994,530,464,0,0,0,1.0,1,1.0,1,1.0,1,0.31176037548813723,29
631,1,995,530,465,0,0,0,1.0,1,1.0,1,1.0,1,0.32093373224071736,25
632,0,995,530,465,0,0,0,1.0,1,1.0,1,1.0,1,0.4023585050297036,24
633,0,995,530,465,0,0,0,1.0,1,1.0,1,1.0,1,0.3848620991685444,23
634,0,995,530,465,0,0,0,1.0,1,1.0,1,1.0,1,0.3848620991685444,23
635,2,997,531,466,0,0,0,1.0,1,1.0,1,1.0,1,0.38201171972725106,22
636,0,997,531,466,0,0,0,1.0,1,1.0,1,1.0,1,0.4217515786539878,22
637,1,998,532,466,0,0,0,1.0,1,1.0,1,1.0,1,0.4338260645401562,23
638,1,999,533,466,0,0,0,1.0,1,1.0,1,1.0,1,0.45635787518262105,23
639,4,1003,533,470,0,0,0,1.0,1,1.0,1,1.0,1,0.2817837836778364,24
640,2,1005,534,471,0,0,0,1.0,1,1.0,1,1.0,1,0.2901287323075035,24
641,1,1006,534,472,0,0,0,1.0,1,1.0,1,1.0,1,0.30129219620128567,25
642,0,1006,534,472,0,0,0,1.0,1,1.0,1,1.0,1,0.2525289578251933,26
643,0,1006,534,472,0,0,0,1.0,1,1.0,1,1.0,1,0.23337231484201512,28
644,2,1008,536,472,0,0,0,1.0,1,1.0,1,1.0,1,0.22580231041759893,28
645,2,1010,537,473,0,0,0,1.0,1,1.0,1,1.0,1,0.19257533636680207,28
646,0,1010,537,473,0,0,0,1.0,1,1.0,1,1.0,1,0.2196155418907177,29
647,1,1011,538,473,0,0,0,1.0,1,1.0,1,1.0,1,0.2615947794769311,30
648,0,1011,538,473,0,0,0,1.0,1,1.0,1,1.0,1,0.2615947794769311,30
649,3,1014,539,475,0,0,0,1.0,1,1.0,1,1.0,1,0.24143483262595156,31
650,0,1014,539,475,0,0,0,1.0,1,1.0,1,1.0,1,0.24143483262595156,31
651,1,1015,540,475,0,0,0,1.0,1,1.0,1,1.0,1,0.23793733956168103,32
652,0,1015,540,475,0,0,0,1.0,1,1.0,1,1.0,1,0.23793733956168103,32
653,0,1015,540,475,0,0,0,1.0,1,1.0,1,1.0,1,0.23914411473950645,33
654,0,1015,540,475,0,0,0,1.0,1,1.0,1,1.0,1,0.23914411473950645,33
655,3,1018,541,477,0,0,0,1.0,1,1.0,1,1.0,1,0.23017879853287737,36
656,2,1020,542,478,0,0,0,1.0,1,1.0,1,1.0,1,0.2617358642753721,36
657,2,1022,543,479,0,0,0,1.0,1,1.0,1,1.0,1,0.2641658503818744,35
658,1,1023,544,479,0,0,0,1.0,1,1.0,1,1.0,1,0.27851588270248673,33
659,2,1025,545,480,0,0,0,1.0,1,1.0,1,1.0,1,0.2756093820015233,35
660,3,1028,547,481,0,0,0,1.0,1,1.0,1,1.0,1,0.29901801525057686,34
661,0,1028,547,481,0,0,0,1.0,1,1.0,1,1.0,1,0.3085749392763356,33
662,3,1031,549,482,0,0,0,1.0,1,1.0,1,1.0,1,0.3358632574931599,31
663,1,1032,550,482,0,0,0,1.0,1,1.0,1,1.0,1,0.37480040877688614,29
664,0,1032,550,482,0,0,0,1.0,1,1.0,1,1.0,1,0.3777074687833553,27
665,2,1034,551,483,0,0,0,1.0,1,1.0,1,1.0,1,0.3174508517040564,27
666,5,1039,553,486,0,0,0,1.0,1,1.0,1,1.0,1,0.2958039741200581,28
667,1,1040,554,486,0,0,0,1.0,1,1.0,1,1.0,1,0.3212879535675201,26
668,2,1042,555,487,0,0,0,1.0,1,1.0,1,1.0,1,0.2915820344356081,26
669,3,1045,557,488,0,0,0,1.0,1,1.0,1,1.0,1,0.23496445238486735,25
670,0,1045,557,488,0,0,0,1.0,1,1.0,1,1.0,1,0.2275727831533256,24
671,1,1046,557,489,0,0,0,1.0,1,1.0,1,1.0,1,0.1811718864063435,24
672,1,1047,558,489,0,0,0,1.0,1,1.0,1,1.0,1,0.2135334144116465,25
673,1,1048,559,489,0,0,0,1.0,1,1.0,1,1.0,1,0.17747101192167378,25
674,0,1048,559,489,0,0,0,1.0,1,1.0,1,1.0,1,0.17747101192167378,25
675,2,1050,560,490,0,0,0,1.0,1,1.0,1,1.0,1,0.22949088158191,26
676,3,1053,563,490,0,0,0,1.0,1,1.0,1,1.0,1,0.1386440964073746,27
677,0,1053,563,490,0,0,0,1.0,1,1.0,1,1.0,1,0.15912504392722254,28
678,1,1054,564,490,0,0,0,1.0,1,1.0,1,1.0,1,0.18338222755134817,28
679,1,1055,565,490,0,0,0,1.0,1,1.0,1,1.0,1,0.23517521051192428,30
680,0,1055,565,490,0,0,0,1.0,1,1.0,1,1.0,1,0.2589891516070847,29
681,0,1055,565,490,0,0,0,1.0,1,1.0,1,1.0,1,0.2589891516070847,29
682,0,1055,565,490,0,0,0,1.0,1,1.0,1,1.0,1,0.2680278517582506,30
683,1,1056,565,491,0,0,0,1.0,1,1.0,1,1.0,1,0.23222372306278113,30
684,1,1057,565,492,0,0,0,1.0,1,1.0,1,1.0,1,0.22478310716697003,31
685,0,1057,565,492,0,0,0,1.0,1,1.0,1,1.0,1,0.2330409927722115,30
686,0,1057,565,492,0,0,0,1.0,1,1.0,1,1.0,1,0.2330409927722115,30
687,2,1059,567,492,0,0,0,1.0,1,1.0,1,1.0,1,0.33186725454732297,30
688,1,1060,567,493,0,0,0,1.0,1,1.0,1,1.0,1,0.2824668815769067,31
689,1,1061,568,493,0,0,0,1.0,1,1.0,1,1.0,1,0.35195633872343884,32
690,1,1062,568,494,0,0,0,1.0,1,1.0,1,1.0,1,0.2970712225928001,32
691,1,1063,568,495,0,0,0,1.0,1,1.0,1,1.0,1,0.27391563938977304,32
692,5,1068,571,497,0,0,0,1.0,1,1.0,1,1.0,1,0.261767241812887,32
693,2,1070,572,498,0,0,0,1.0,1,1.0,1,1.0,1,0.24363349322487166,34
694,3,1073,573,500,0,0,0,1.0,1,1.0,1,1.0,1,0.2582838675946117,36
695,2,1075,574,501,0,0,0,1.0,1,1.0,1,1.0,1,0.21515891243719124,34
696,2,1077,576,501,0,0,0,1.0,1,1.0,1,1.0,1,0.28040244725986607,33
697,1,1078,576,502,0,0,0,1.0,1,1.0,1,1.0,1,0.2516281370061176,33
698,6,1084,579,505,0,0,0,1.0,1,1.0,1,1.0,1,0.22260161623120348,34
699,1,1085,580,505,0,0,0,1.0,1,1.0,1,1.0,1,0.2651017765241061,33
700,1,1086,580,506,0,0,0,1.0,1,1.0,1,1.0,1,0.1766311298215699,32
701,0,1086,580,506,0,0,0,1.0,1,1.0,1,1.0,1,0.1904242444980707,33
702,1,1087,581,506,0,0,0,1.0,1,1.0,1,1.0,1,0.24972871266257332,34
703,0,1087,581,506,0,0,0,1.0,1,1.0,1,1.0,1,0.2217764129030261,32
704,1,1088,582,506,0,0,0,1.0,1,1.0,1,1.0,1,0.21291174790076164,31
705,4,1092,585,507,0,0,0,1.0,1,1.0,1,1.0,1,0.24674333959481023,33
706,3,1095,588,507,0,0,0,1.0,1,1.0,1,1.0,1,0.3626006124781271,33
707,1,1096,589,507,0,0,0,1.0,1,1.0,1,1.0,1,0.3300798565276663,31
708,1,1097,590,507,0,0,0,1.0,1,1.0,1,1.0,1,0.37501670769790724,31
709,1,1098,591,507,0,0,0,1.0,1,1.0,1,1.0,1,0.372121287037339,30
710,0,1098,591,507,0,0,0,1.0,1,1.0,1,1.0,1,0.372121287037339,30
711,1,1099,591,508,0,0,0,1.0,1,1.0,1,1.0,1,0.3577445745144539,30
712,0,1099,591,508,0,0,0,1.0,1,1.0,1,1.0,1,0.3724544917005329,30
713,1,1100,591,509,0,0,0,1.0,1,1.0,1,1.0,1,0.3704855573924461,31
714,3,1103,592,511,0,0,0,1.0,1,1.0,1,1.0,1,0.3934902200805186,31
715,0,1103,592,511,0,0,0,1.0,1,1.0,1,1.0,1,0.39775478441166756,30
716,1,1104,593,511,0,0,0,1.0,1,1.0,1,1.0,1,0.4229850610291172,31
717,0,1104,593,511,0,0,0,1.0,1,1.0,1,1.0,1,0.43371055971059286,32
718,1,1105,593,512,0,0,0,1.0,1,1.0,1,1.0,1,0.39900570553964276,32
719,1,1106,594,512,0,0,0,1.0,1,1.0,1,1.0,1,0.3948375045423425,32
720,1,1107,594,513,0,0,0,1.0,1,1.0,1,1.0,1,0.3612729158085071,34
721,0,1107,594,513,0,0,0,1.0,1,1.0,1,1.0,1,0.3612729158085071,34
722,1,1108,594,514,0,0,0,1.0,1,1.0,1,1.0,1,0.3218741473401419,34
723,2,1110,594,516,0,0,0,1.0,1,1.0,1,1.0,1,0.29677856765384614,35
724,1,1111,595,516,0,0,0,1.0,1,1.0,1,1.0,1,0.33608634673239146,36
725,3,1114,595,519,0,0,0,1.0,1,1.0,1,1.0,1,0.29125210240714705,37
726,1,1115,595,520,0,0,0,1.0,1,1.0,1,1.0,1,0.2731033704331669,37
727,2,1117,595,522,0,0,0,1.0,1,1.0,1,1.0,1,0.24924473754050563,38
728,1,1118,595,523,0,0,0,1.0,1,1.0,1,1.0,1,0.22538257224279085,39
729,0,1118,595,523,0,0,0,1.0,1,1.0,1,1.0,1,0.22538257224279085,39
730,0,1118,595,523,0,0,0,1.0,1,1.0,1,1.0,1,0.22966010150462685,40
731,0,1118,595,523,0,0,0,1.0,1,1.0,1,1.0,1,0.22966010150462685,40
732,0,1118,595,523,0,0,0,1.0,1,1.0,1,1.0,1,0.2505001275781111,41
733,1,1119,596,523,0,0,0,1.0,1,1.0,1,1.0,1,0.23553699773991107,41
734,1,1120,597,523,0,0,0,1.0,1,1.0,1,1.0,1,0.262273698710341,42
735,0,1120,597,523,0,0,0,1.0,1,1.0,1,1.0,1,0.2654533546691331,42
736,0,1120,597,523,0,0,0,1.0,1,1.0,1,1.0,1,0.3380765015451323,41
737,2,1122,598,524,0,0,0,1.0,1,1.0,1,1.0,1,0.38144150289785517,41
738,2,1124,598,526,0,0,0,1.0,1,1.0,1,1.0,1,0.33409001730522614,39
739,0,1124,598,526,0,0,0,1.0,1,1.0,1,1.0,1,0.33409001730522614,39
740,0,1124,598,526,0,0,0,1.0,1,1.0,1,1.0,1,0.35536922830974754,39
741,1,1125,598,527,0,0,0,1.0,1,1.0,1,1.0,1,0.3125991886368292,38
742,1,1126,598,528,0,0,0,1.0,1,1.0,1,1.0,1,0.31817539144123563,39
743,4,1130,601,529,0,0,0,1.0,1,1.0,1,1.0,1,0.26945203714444516,39
744,4,1134,603,531,0,0,0,1.0,1,1.0,1,1.0,1,0.2311337028558171,39
745,2,1136,605,531,0,0,0,1.0,1,1.0,1,1.0,1,0.2379202635773156,39
746,4,1140,606,534,0,0,0,1.0,1,1.0,1,1.0,1,0.21810045712914836,40
747,3,1143,607,536,0,0,0,1.0,1,1.0,1,1.0,1,0.14180203363121618,41
748,1,1144,608,536,0,0,0,1.0,1,1.0,1,1.0,1,0.14634945961419865,41
749,2,1146,609,537,0,0,0,1.0,1,1.0,1,1.0,1,0.13914603485181715,41
750,1,1147,610,537,0,0,0,1.0,1,1.0,1,1.0,1,0.16650598462171792,39
751,2,1149,611,538,0,0,0,1.0,1,1.0,1,1.0,1,0.14774286995429325,41
752,4,1153,613,540,0,0,0,1.0,1,1.0,1,1.0,1,0.15946117115331465,41
753,0,1153,613,540,0,0,0,1.0,1,1.0,1,1.0,1,0.16737302051190003,41
754,4,1157,615,542,0,0,0,1.0,1,1.0,1,1.0,1,0.16793578908143142,41
755,1,1158,615,543,0,0,0,1.0,1,1.0,1,1.0,1,0.189724034641624,41
756,0,1158,615,543,0,0,0,1.0,1,1.0,1,1.0,1,0.189724034641624,41
757,4,1162,617,545,0,0,0,1.0,1,1.0,1,1.0,1,0.23301870512015233,39
758,2,1164,617,547,0,0,0,1.0,1,1.0,1,1.0,1,0.15493328144032129,39
759,0,1164,617,547,0,0,0,1.0,1,1.0,1,1.0,1,0.15563304414703372,39
760,0,1164,617,547,0,0,0,1.0,1,1.0,1,1.0,1,0.17893786339018844,40
761,0,1164,617,547,0,0,0,1.0,1,1.0,1,1.0,1,0.1722453485952621,41
762,1,1165,617,548,0,0,0,1.0,1,1.0,1,1.0,1,0.16261595996898093,42
763,1,1166,617,549,0,0,0,1.0,1,1.0,1,1.0,1,0.16005712843552403,43
764,0,1166,617,549,0,0,0,1.0,1,1.0,1,1.0,1,0.16005712843552403,43
765,0,1166,617,549,0,0,0,1.0,1,1.0,1,1.0,1,0.13303074921892125,45
766,1,1167,618,549,0,0,0,1.0,1,1.0,1,1.0,1,0.13920676409016552,45
767,0,1167,618,549,0,0,0,1.0,1,1.0,1,1.0,1,0.15045688721610634,46
768,0,1167,618,549,0,0,0,1.0,1,1.0,1,1.0,1,0.13933999103364508,45
769,0,1167,618,549,0,0,0,1.0,1,1.0,1,1.0,1,0.1560574770855489,46
770,0,1167,618,549,0,0,0,1.0,1,1.0,1,1.0,1,0.14872583062465383,47
771,4,1171,621,550,0,0,0,1.0,1,1.0,1,1.0,1,0.23538458209890004,47
772,1,1172,621,551,0,0,0,1.0,1,1.0,1,1.0,1,0.19536840592974464,46
773,2,1174,623,551,0,0,0,1.0,1,1.0,1,1.0,1,0.18254074064816536,45
774,1,1175,623,552,0,0,0,1.0,1,1.0,1,1.0,1,0.18343577777955805,45
775,4,1179,625,554,0,0,0,1.0,1,1.0,1,1.0,1,0.16616296716566847,45
776,0,1179,625,554,0,0,0,1.0,1,1.0,1,1.0,1,0.14614522895626458,43
777,1,1180,625,555,0,0,0,1.0,1,1.0,1,1.0,1,0.14138931164212584,44
778,1,1181,626,555,0,0,0,1.0,1,1.0,1,1.0,1,0.16769400887329367,45
779,0,1181,626,555,0,0,0,1.0,1,1.0,1,1.0,1,0.16769400887329367,45
780,1,1182,627,555,0,0,0,1.0,1,1.0,1,1.0,1,0.20006550895327505,45
781,0,1182,627,555,0,0,0,1.0,1,1.0,1,1.0,1,0.1877989611094491,46
782,2,1184,628,556,0,0,0,1.0,1,1.0,1,1.0,1,0.26661879331332283,47
783,0,1184,628,556,0,0,0,1.0,1,1.0,1,1.0,1,0.23462435071221438,46
784,0,1184,628,556,0,0,0,1.0,1,1.0,1,1.0,1,0.23924097474349101,45
785,0,1184,628,556,0,0,0,1.0,1,1.0,1,1.0,1,0.2532408062141432,43
786,3,1187,629,558,0,0,0,1.0,1,1.0,1,1.0,1,0.19528929732236516,43
787,2,1189,631,558,0,0,0,1.0,1,1.0,1,1.0,1,0.2180095766584316,43
788,1,1190,632,558,0,0,0,1.0,1,1.0,1,1.0,1,0.2334706524858031,44
789,1,1191,632,559,0,0,0,1.0,1,1.0,1,1.0,1,0.188531937320821,46
790,1,1192,633,559,0,0,0,1.0,1,1.0,1,1.0,1,0.1996863975710061,46
791,2,1194,634,560,0,0,0,1.0,1,1.0,1,1.0,1,0.21070948813393503,46
792,0,1194,634,560,0,0,0,1.0,1,1.0,1,1.0,1,0.2143782077328579,47
793,2,1196,634,562,0,0,0,1.0,1,1.0,1,1.0,1,0.21251129449245174,48
794,0,1196,634,562,0,0,0,1.0,1,1.0,1,1.0,1,0.22041864623279275,48
795,1,1197,634,563,0,0,0,1.0,1,1.0,1,1.0,1,0.21473431396899947,47
796,1,1198,635,563,0,0,0,1.0,1,1.0,1,1.0,1,0.2765907732904805,45
797,3,1201,636,565,0,0,0,1.0,1,1.0,1,1.0,1,0.26917692212154287,47
798,3,1204,638,566,0,0,0,1.0,1,1.0,1,1.0,1,0.2722492621787675,48
799,4,1208,640,568,0,0,0,1.0,1,1.0,1,1.0,1,0.25714155765507135,48
800,3,1211,642,569,0,0,0,1.0,1,1.0,1,1.0,1,0.2576774681823394,48
801,3,1214,643,571,0,0,0,1.0,1,1.0,1,1.0,1,0.23115129302543427,49
802,3,1217,645,572,0,0,0,1.0,1,1.0,1,1.0,1,0.2381433466233941,50
803,0,1217,645,572,0,0,0,1.0,1,1.0,1,1.0,1,0.2381433466233941,50
804,0,1217,645,572,0,0,0,1.0,1,1.0,1,1.0,1,0.2381433466233941,50
805,1,1218,646,572,0,0,0,1.0,1,1.0,1,1.0,1,0.26035045390093253,50
806,0,1218,646,572,0,0,0,1.0,1,1.0,1,1.0,1,0.25044214494871664,51
807,0,1218,646,572,0,0,0,1.0,1,1.0,1,1.0,1,0.25044214494871664,51
808,1,1219,646,573,0,0,0,1.0,1,1.0,1,1.0,1,0.22507483345214616,53
809,0,1219,646,573,0,0,0,1.0,1,1.0,1,1.0,1,0.21697577234268656,51
810,0,1219,646,573,0,0,0,1.0,1,1.0,1,1.0,1,0.22899915661156475,52
811,2,1221,647,574,0,0,0,1.0,1,1.0,1,1.0,1,0.24378278442224183,50
812,0,1221,647,574,0,0,0,1.0,1,1.0,1,1.0,1,0.2507804973528332,51
813,1,1222,648,574,0,0,0,1.0,1,1.0,1,1.0,1,0.2732761289787896,51
814,1,1223,649,574,0,0,0,1.0,1,1.0,1,1.0,1,0.28623410507408775,52
815,2,1225,650,575,0,0,0,1.0,1,1.0,1,1.0,1,0.30134830623150644,50
816,0,1225,650,575,0,0,0,1.0,1,1.0,1,1.0,1,0.30134830623150644,50
817,0,1225,650,575,0,0,0,1.0,1,1.0,1,1.0,1,0.31887918014456906,49
818,2,1227,651,576,0,0,0,1.0,1,1.0,1,1.0,1,0.29849132298271863,49
819,1,1228,651,577,0,0,0,1.0,1,1.0,1,1.0,1,0.27321403908354347,50
820,2,1230,652,578,0,0,0,1.0,1,1.0,1,1.0,1,0.30775387759409206,49
821,1,1231,652,579,0,0,0,1.0,1,1.0,1,1.0,1,0.2911723615090353,49
822,1,1232,652,580,0,0,0,1.0,1,1.0,1,1.0,1,0.28399418260628734,49
823,4,1236,654,582,0,0,0,1.0,1,1.0,1,1.0,1,0.3036711359377797,47
824,3,1239,656,583,0,0,0,1.0,1,1.0,1,1.0,1,0.30476843100869244,45
825,5,1244,656,588,0,0,0,1.0,1,1.0,1,1.0,1,0.24227695226335108,43
826,2,1246,658,588,0,0,0,1.0,1,1.0,1,1.0,1,0.22711659725629435,44
827,3,1249,660,589,0,0,0,1.0,1,1.0,1,1.0,1,0.21525273466125283,43
828,2,1251,661,590,0,0,0,1.0,1,1.0,1,1.0,1,0.21776915540337127,43
829,3,1254,663,591,0,0,0,1.0,1,1.0,1,1.0,1,0.23780039537189446,45
830,0,1254,663,591,0,0,0,1.0,1,1.0,1,1.0,1,0.2534395157901628,46
831,5,1259,665,594,0,0,0,1.0,1,1.0,1,1.0,1,0.2487084058454511,48
832,1,1260,666,594,0,0,0,1.0,1,1.0,1,1.0,1,0.2590274166529856,47
833,3,1263,667,596,0,0,0,1.0,1,1.0,1,1.0,1,0.23292747232232305,47
834,0,1263,667,596,0,0,0,1.0,1,1.0,1,1.0,1,0.23802826104850391,46
835,2,1265,667,598,0,0,0,1.0,1,1.0,1,1.0,1,0.21902003536576214,45
836,1,1266,667,599,0,0,0,1.0,1,1.0,1,1.0,1,0.22511852096434984,46
837,1,1267,667,600,0,0,0,1.0,1,1.0,1,1.0,1,0.19553636473213545,46
838,0,1267,667,600,0,0,0,1.0,1,1.0,1,1.0,1,0.19732556912653035,45
839,2,1269,668,601,0,0,0,1.0,1,1.0,1,1.0,1,0.19817084735650467,46
840,2,1271,668,603,0,0,0,1.0,1,1.0,1,1.0,1,0.18361999904991644,46
841,0,1271,668,603,0,0,0,1.0,1,1.0,1,1.0,1,0.18361999904991644,46
842,1,1272,669,603,0,0,0,1.0,1,1.0,1,1.0,1,0.20812327148363438,46
843,0,1272,669,603,0,0,0,1.0,1,1.0,1,1.0,1,0.20812327148363438,46
844,2,1274,671,603,0,0,0,1.0,1,1.0,1,1.0,1,0.226096544628241,47
845,3,1277,672,605,0,0,0,1.0,1,1.0,1,1.0,1,0.24620112567398494,48
846,0,1277,672,605,0,0,0,1.0,1,1.0,1,1.0,1,0.23140303057891862,47
847,2,1279,672,607,0,0,0,1.0,1,1.0,1,1.0,1,0.23166015910145066,48
848,1,1280,672,608,0,0,0,1.0,1,1.0,1,1.0,1,0.18649079666013121,48
849,1,1281,673,608,0,0,0,1.0,1,1.0,1,1.0,1,0.2337186861050984,48
850,0,1281,673,608,0,0,0,1.0,1,1.0,1,1.0,1,0.22812567748786547,46
851,1,1282,673,609,0,0,0,1.0,1,1.0,1,1.0,1,0.24916523100899748,45
852,3,1285,675,610,0,0,0,1.0,1,1.0,1,1.0,1,0.22361799596888232,44
853,1,1286,676,610,0,0,0,1.0,1,1.0,1,1.0,1,0.22824751043172764,44
854,4,1290,678,612,0,0,0,1.0,1,1.0,1,1.0,1,0.23972158058373663,45
855,3,1293,678,615,0,0,0,1.0,1,1.0,1,1.0,1,0.1745225458471212,46
856,1,1294,679,615,0,0,0,1.0,1,1.0,1,1.0,1,0.16633047039346857,46
857,1,1295,679,616,0,0,0,1.0,1,1.0,1,1.0,1,0.15768740927593694,47
858,1,1296,680,616,0,0,0,1.0,1,1.0,1,1.0,1,0.16161258031730574,48
859,0,1296,680,616,0,0,0,1.0,1,1.0,1,1.0,1,0.16161258031730574,48
860,0,1296,680,616,0,0,0,1.0,1,1.0,1,1.0,1,0.1737962080152048,49
861,1,1297,681,616,0,0,0,1.0,1,1.0,1,1.0,1,0.1928987718235769,49
862,1,1298,682,616,0,0,0,1.0,1,1.0,1,1.0,1,0.19225810938772822,49
863,3,1301,684,617,0,0,0,1.0,1,1.0,1,1.0,1,0.2294222649903011,48
864,3,1304,686,618,0,0,0,1.0,1,1.0,1,1.0,1,0.24837402690947694,49
865,3,1307,687,620,0,0,0,1.0,1,1.0,1,1.0,1,0.17560074238067186,48
866,0,1307,687,620,0,0,0,1.0,1,1.0,1,1.0,1,0.16992752057569138,50
867,1,1308,688,620,0,0,0,1.0,1,1.0,1,1.0,1,0.19845266180269022,50
868,1,1309,689,620,0,0,0,1.0,1,1.0,1,1.0,1,0.22618977279241803,51
869,1,1310,690,620,0,0,0,1.0,1,1.0,1,1.0,1,0.19555482434476806,49
870,3,1313,691,622,0,0,0,1.0,1,1.0,1,1.0,1,0.1828749597653256,49
871,3,1316,693,623,0,0,0,1.0,1,1.0,1,1.0,1,0.18826787465052602,49
872,2,1318,694,624,0,0,0,1.0,1,1.0,1,1.0,1,0.13086357607856397,48
873,2,1320,695,625,0,0,0,1.0,1,1.0,1,1.0,1,0.1587305288822355,49
874,1,1321,695,626,0,0,0,1.0,1,1.0,1,1.0,1,0.12096081770541194,49
875,2,1323,696,627,0,0,0,1.0,1,1.0,1,1.0,1,0.15604331613577532,50
876,2,1325,697,628,0,0,0,1.0,1,1.0,1,1.0,1,0.13856004186567616,50
877,3,1328,700,628,0,0,0,1.0,1,1.0,1,1.0,1,0.17704223061331448,50
878,2,1330,701,629,0,0,0,1.0,1,1.0,1,1.0,1,0.19339708360842273,49
879,4,1334,702,632,0,0,0,1.0,1,1.0,1,1.0,1,0.15759408977937756,49
880,2,1336,703,633,0,0,0,1.0,1,1.0,1,1.0,1,0.17068796251515667,48
881,2,1338,705,633,0,0,0,1.0,1,1.0,1,1.0,1,0.19591907502419587,49
882,0,1338,705,633,0,0,0,1.0,1,1.0,1,1.0,1,0.18344947249648236,48
883,1,1339,705,634,0,0,0,1.0,1,1.0,1,1.0,1,0.17009771651661984,50
884,0,1339,705,634,0,0,0,1.0,1,1.0,1,1.0,1,0.18064161084933536,50
885,2,1341,706,635,0,0,0,1.0,1,1.0,1,1.0,1,0.14813544498443662,49
886,1,1342,707,635,0,0,0,1.0,1,1.0,1,1.0,1,0.19948595080970097,49
887,1,1343,707,636,0,0,0,1.0,1,1.0,1,1.0,1,0.18285575628928616,49
888,0,1343,707,636,0,0,0,1.0,1,1.0,1,1.0,1,0.21993716514261238,47
889,1,1344,707,637,0,0,0,1.0,1,1.0,1,1.0,1,0.1945951860649812,46
890,0,1344,707,637,0,0,0,1.0,1,1.0,1,1.0,1,0.18724169166120405,44
891,1,1345,707,638,0,0,0,1.0,1,1.0,1,1.0,1,0.19601300008076372,45
892,2,1347,708,639,0,0,0,1.0,1,1.0,1,1.0,1,0.1891920675968221,45
893,1,1348,709,639,0,0,0,1.0,1,1.0,1,1.0,1,0.23702978170193753,45
894,0,1348,709,639,0,0,0,1.0,1,1.0,1,1.0,1,0.21857809129525715,44
895,1,1349,710,639,0,0,0,1.0,1,1.0,1,1.0,1,0.22694700538823703,45
896,2,1351,711,640,0,0,0,1.0,1,1.0,1,1.0,1,0.2087444024322958,44
897,0,1351,711,640,0,0,0,1.0,1,1.0,1,1.0,1,0.2087444024322958,44
898,0,1351,711,640,0,0,0,1.0,1,1.0,1,1.0,1,0.2049436560157499,45
899,3,1354,711,643,0,0,0,1.0,1,1.0,1,1.0,1,0.15858362782099977,44
900,1,1355,712,643,0,0,0,1.0,1,1.0,1,1.0,1,0.1700930021931127,46
901,0,1355,712,643,0,0,0,1.0,1,1.0,1,1.0,1,0.19064411957716385,45
902,2,1357,714,643,0,0,0,1.0,1,1.0,1,1.0,1,0.2034038367116848,45
903,4,1361,717,644,0,0,0,1.0,1,1.0,1,1.0,1,0.25735880545089407,44
904,3,1364,718,646,0,0,0,1.0,1,1.0,1,1.0,1,0.2322733546924517,45
905,3,1367,719,648,0,0,0,1.0,1,1.0,1,1.0,1,0.2431925154514151,45
906,1,1368,719,649,0,0,0,1.0,1,1.0,1,1.0,1,0.2396234472770504,45
907,3,1371,720,651,0,0,0,1.0,1,1.0,1,1.0,1,0.18901689993749465,46
908,1,1372,720,652,0,0,0,1.0,1,1.0,1,1.0,1,0.1645624554391073,46
909,2,1374,722,652,0,0,0,1.0,1,1.0,1,1.0,1,0.17004340683308222,46
910,0,1374,722,652,0,0,0,1.0,1,1.0,1,1.0,1,0.1932798228904491,44
911,3,1377,722,655,0,0,0,1.0,1,1.0,1,1.0,1,0.1552080540263132,45
912,0,1377,722,655,0,0,0,1.0,1,1.0,1,1.0,1,0.16364250034405647,44
913,1,1378,722,656,0,0,0,1.0,1,1.0,1,1.0,1,0.1705436607408019,45
914,2,1380,724,656,0,0,0,1.0,1,1.0,1,1.0,1,0.19841075424133722,45
915,0,1380,724,656,0,0,0,1.0,1,1.0,1,1.0,1,0.19841075424133722,45
916,0,1380,724,656,0,0,0,1.0,1,1.0,1,1.0,1,0.19841075424133722,45
917,2,1382,724,658,0,0,0,1.0,1,1.0,1,1.0,1,0.18106787189150217,46
918,1,1383,725,658,0,0,0,1.0,1,1.0,1,1.0,1,0.2041261272088313,47
919,0,1383,725,658,0,0,0,1.0,1,1.0,1,1.0,1,0.2041261272088313,47
920,0,1383,725,658,0,0,0,1.0,1,1.0,1,1.0,1,0.2041261272088313,47
921,4,1387,727,660,0,0,0,1.0,1,1.0,1,1.0,1,0.2127951015743464,49
922,3,1390,729,661,0,0,0,1.0,1,1.0,1,1.0,1,0.1832825560015406,49
923,2,1392,730,662,0,0,0,1.0,1,1.0,1,1.0,1,0.21771814610949156,47
924,1,1393,731,662,0,0,0,1.0,1,1.0,1,1.0,1,0.2510579910770969,47
925,3,1396,733,663,0,0,0,1.0,1,1.0,1,1.0,1,0.2581285582636308,47
926,6,1402,735,667,0,0,0,1.0,1,1.0,1,1.0,1,0.2729920914335262,46
927,3,1405,735,670,0,0,0,1.0,1,1.0,1,1.0,1,0.2290521349673765,45
928,0,1405,735,670,0,0,0,1.0,1,1.0,1,1.0,1,0.24827291427616374,43
929,1,1406,735,671,0,0,0,1.0,1,1.0,1,1.0,1,0.25639075598878197,42
930,0,1406,735,671,0,0,0,1.0,1,1.0,1,1.0,1,0.27524294037661806,41
931,4,1410,736,674,0,0,0,1.0,1,1.0,1,1.0,1,0.22369163296671632,40
932,1,1411,736,675,0,0,0,1.0,1,1.0,1,1.0,1,0.2005868958713854,40
933,2,1413,738,675,0,0,0,1.0,1,1.0,1,1.0,1,0.20698934026124813,39
934,1,1414,739,675,0,0,0,1.0,1,1.0,1,1.0,1,0.23260226340176246,39
935,4,1418,741,677,0,0,0,1.0,1,1.0,1,1.0,1,0.2146954977446382,41
936,0,1418,741,677,0,0,0,1.0,1,1.0,1,1.0,1,0.19657039350241723,42
937,1,1419,742,677,0,0,0,1.0,1,1.0,1,1.0,1,0.23827898395950362,43
938,1,1420,742,678,0,0,0,1.0,1,1.0,1,1.0,1,0.24923729230022487,44
939,0,1420,742,678,0,0,0,1.0,1,1.0,1,1.0,1,0.26703216161382576,46
940,0,1420,742,678,0,0,0,1.0,1,1.0,1,1.0,1,0.2862395734448903,46
941,0,1420,742,678,0,0,0,1.0,1,1.0,1,1.0,1,0.2862395734448903,46
942,2,1422,744,678,0,0,0,1.0,1,1.0,1,1.0,1,0.32220487223963007,46
943,5,1427,745,682,0,0,0,1.0,1,1.0,1,1.0,1,0.22852636433080054,45
944,2,1429,747,682,0,0,0,1.0,1,1.0,1,1.0,1,0.22133702121629642,45
945,2,1431,747,684,0,0,0,1.0,1,1.0,1,1.0,1,0.21286926424203267,44
946,3,1434,749,685,0,0,0,1.0,1,1.0,1,1.0,1,0.22529831944436504,46
947,0,1434,749,685,0,0,0,1.0,1,1.0,1,1.0,1,0.21142474268297035,44
948,1,1435,750,685,0,0,0,1.0,1,1.0,1,1.0,1,0.23493416096953998,44
949,3,1438,751,687,0,0,0,1.0,1,1.0,1,1.0,1,0.20982993372540096,44
950,1,1439,752,687,0,0,0,1.0,1,1.0,1,1.0,1,0.22243743566613858,43
951,1,1440,752,688,0,0,0,1.0,1,1.0,1,1.0,1,0.21937045881543563,42
952,2,1442,753,689,0,0,0,1.0,1,1.0,1,1.0,1,0.24003807058404708,42
953,1,1443,753,690,0,0,0,1.0,1,1.0,1,1.0,1,0.2188881958722522,41
954,0,1443,753,690,0,0,0,1.0,1,1.0,1,1.0,1,0.251040483404363,40
955,1,1444,753,691,0,0,0,1.0,1,1.0,1,1.0,1,0.24031868754594204,42
956,3,1447,755,692,0,0,0,1.0,1,1.0,1,1.0,1,0.22242494122465548,43
957,1,1448,755,693,0,0,0,1.0,1,1.0,1,1.0,1,0.20010090858742532,42
958,1,1449,756,693,0,0,0,1.0,1,1.0,1,1.0,1,0.21832056775765832,43
959,4,1453,757,696,0,0,0,1.0,1,1.0,1,1.0,1,0.22605321093466454,45
960,1,1454,758,696,0,0,0,1.0,1,1.0,1,1.0,1,0.26020787143277835,47
961,0,1454,758,696,0,0,0,1.0,1,1.0,1,1.0,1,0.25055190089092705,45
962,2,1456,760,696,0,0,0,1.0,1,1.0,1,1.0,1,0.30661271889938335,45
963,1,1457,761,696,0,0,0,1.0,1,1.0,1,1.0,1,0.3397090562490444,44
964,0,1457,761,696,0,0,0,1.0,1,1.0,1,1.0,1,0.34604350217730706,44
965,4,1461,761,700,0,0,0,1.0,1,1.0,1,1.0,1,0.2613308004073394,45
966,1,1462,761,701,0,0,0,1.0,1,1.0,1,1.0,1,0.25013878792366134,43
967,0,1462,761,701,0,0,0,1.0,1,1.0,1,1.0,1,0.25013878792366134,43
968,0,1462,761,701,0,0,0,1.0,1,1.0,1,1.0,1,0.24219697130494938,43
969,2,1464,762,702,0,0,0,1.0,1,1.0,1,1.0,1,0.24924066361050193,42
970,1,1465,762,703,0,0,0,1.0,1,1.0,1,1.0,1,0.28051780087965994,42
971,0,1465,762,703,0,0,0,1.0,1,1.0,1,1.0,1,0.28051780087965994,42
972,1,1466,763,703,0,0,0,1.0,1,1.0,1,1.0,1,0.24932340633728928,42
973,0,1466,763,703,0,0,0,1.0,1,1.0,1,1.0,1,0.25623701491090045,43
974,2,1468,765,703,0,0,0,1.0,1,1.0,1,1.0,1,0.2586894127771685,43
975,1,1469,765,704,0,0,0,1.0,1,1.0,1,1.0,1,0.2364750831751502,43
976,1,1470,765,705,0,0,0,1.0,1,1.0,1,1.0,1,0.24659106498897274,45
977,0,1470,765,705,0,0,0,1.0,1,1.0,1,1.0,1,0.26304152980659296,44
978,1,1471,766,705,0,0,0,1.0,1,1.0,1,1.0,1,0.2914071235072447,44
979,1,1472,766,706,0,0,0,1.0,1,1.0,1,1.0,1,0.28737465937804313,45
980,2,1474,767,707,0,0,0,1.0,1,1.0,1,1.0,1,0.2903563933393188,45
981,1,1475,767,708,0,0,0,1.0,1,1.0,1,1.0,1,0.27615002800486715,45
982,4,1479,770,709,0,0,0,1.0,1,1.0,1,1.0,1,0.3647315911325722,46
983,5,1484,772,712,0,0,0,1.0,1,1.0,1,1.0,1,0.342941587305508,45
984,2,1486,773,713,0,0,0,1.0,1,1.0,1,1.0,1,0.32389230859607987,45
985,4,1490,777,713,0,0,0,1.0,1,1.0,1,1.0,1,0.3698110391208516,45
986,1,1491,778,713,0,0,0,1.0,1,1.0,1,1.0,1,0.3805022214428236,44
987,4,1495,779,716,0,0,0,1.0,1,1.0,1,1.0,1,0.38424227296217744,45
988,3,1498,781,717,0,0,0,1.0,1,1.0,1,1.0,1,0.3855972489998553,44
989,2,1500,782,718,0,0,0,1.0,1,1.0,1,1.0,1,0.38665806945188086,43
990,2,1502,783,719,0,0,0,1.0,1,1.0,1,1.0,1,0.3840095755426353,42
991,1,1503,783,720,0,0,0,1.0,1,1.0,1,1.0,1,0.3541635876143851,42
992,0,1503,783,720,0,0,0,1.0,1,1.0,1,1.0,1,0.34471602000318413,43
993,2,1505,784,721,0,0,0,1.0,1,1.0,1,1.0,1,0.35744178070274796,43
994,1,1506,785,721,0,0,0,1.0,1,1.0,1,1.0,1,0.3835075927243476,43
995,1,1507,785,722,0,0,0,1.0,1,1.0,1,1.0,1,0.36028347803200483,43
996,0,1507,785,722,0,0,0,1.0,1,1.0,1,1.0,1,0.3685439510712623,44
997,1,1508,785,723,0,0,0,1.0,1,1.0,1,1.0,1,0.3557815340563056,44
998,4,1512,785,727,0,0,0,1.0,1,1.0,1,1.0,1,0.31474289279146195,45
999,0,1512,785,727,0,0,0,1.0,1,1.0,1,1.0,1,0.33718648488385294,42
1000,0,1512,785,727,0,0,0,1.0,1,1.0,1,1.0,1,0.3506142655227246,43
1001,0,1512,785,727,0,0,0,1.0,1,1.0,1,1.0,1,0.3821132911083964,42
1002,0,1512,785,727,0,0,0,1.0,1,1.0,1,1.0,1,0.37378976576825634,43
1003,0,1512,785,727,0,0,0,1.0,1,1.0,1,1.0,1,0.37378976576825634,43
1004,0,1512,785,727,0,0,0,1.0,1,1.0,1,1.0,1,0.37378976576825634,43
1005,1,1513,785,728,0,0,0,1.0,1,1.0,1,1.0,1,0.35891316922909955,44
1006,2,1515,785,730,0,0,0,1.0,1,1.0,1,1.0,1,0.31812849627974277,46
1007,3,1518,785,733,0,0,0,1.0,1,1.0,1,1.0,1,0.28903551544393574,46
1008,1,1519,785,734,0,0,0,1.0,1,1.0,1,1.0,1,0.27648817413587096,47
1009,3,1522,786,736,0,0,0,1.0,1,1.0,1,1.0,1,0.2238885071528501,48
1010,0,1522,786,736,0,0,0,1.0,1,1.0,1,1.0,1,0.2238885071528501,48
1011,1,1523,786,737,0,0,0,1.0,1,1.0,1,1.0,1,0.20507525458182715,48
1012,3,1526,788,738,0,0,0,1.0,1,1.0,1,1.0,1,0.18515509606281955,49
1013,1,1527,789,738,0,0,0,1.0,1,1.0,1,1.0,1,0.18898339900265532,50
1014,1,1528,790,738,0,0,0,1.0,1,1.0,1,1.0,1,0.2017393972989437,50
1015,0,1528,790,738,0,0,0,1.0,1,1.0,1,1.0,1,0.21777381842093102,51
1016,2,1530,791,739,0,0,0,1.0,1,1.0,1,1.0,1,0.21403076680499458,51
1017,1,1531,791,740,0,0,0,1.0,1,1.0,1,1.0,1,0.20635871908219397,52
1018,1,1532,792,740,0,0,0,1.0,1,1.0,1,1.0,1,0.2201290929909536,52
1019,3,1535,793,742,0,0,0,1.0,1,1.0,1,1.0,1,0.25449540677078497,52
1020,0,1535,793,742,0,0,0,1.0,1,1.0,1,1.0,1,0.24207205311175647,53
1021,3,1538,793,745,0,0,0,1.0,1,1.0,1,1.0,1,0.2081747457982267,53
1022,3,1541,793,748,0,0,0,1.0,1,1.0,1,1.0,1,0.19293312870275867,54
1023,3,1544,794,750,0,0,0,1.0,1,1.0,1,1.0,1,0.17208867701564692,55
1024,1,1545,795,750,0,0,0,1.0,1,1.0,1,1.0,1,0.18505361589174985,55
1025,1,1546,795,751,0,0,0,1.0,1,1.0,1,1.0,1,0.1705837260776153,56
1026,2,1548,796,752,0,0,0,1.0,1,1.0,1,1.0,1,0.20305029572381333,57
1027,1,1549,796,753,0,0,0,1.0,1,1.0,1,1.0,1,0.18959887609611145,58
1028,1,1550,797,753,0,0,0,1.0,1,1.0,1,1.0,1,0.21056004860523034,58
1029,1,1551,797,754,0,0,0,1.0,1,1.0,1,1.0,1,0.2150138412031425,59
1030,1,1552,797,755,0,0,0,1.0,1,1.0,1,1.0,1,0.2165607072528558,60
1031,3,1555,799,756,0,0,0,1.0,1,1.0,1,1.0,1,0.20612049333863922,60
1032,2,1557,799,758,0,0,0,1.0,1,1.0,1,1.0,1,0.19751534774502424,61
1033,3,1560,799,761,0,0,0,1.0,1,1.0,1,1.0,1,0.13036774735686577,60
1034,2,1562,800,762,0,0,0,1.0,1,1.0,1,1.0,1,0.11460810515908881,60
1035,1,1563,801,762,0,0,0,1.0,1,1.0,1,1.0,1,0.12180835614604602,59
1036,2,1565,803,762,0,0,0,1.0,1,1.0,1,1.0,1,0.15391370800806864,60
1037,1,1566,804,762,0,0,0,1.0,1,1.0,1,1.0,1,0.1859626973977182,59
1038,4,1570,807,763,0,0,0,1.0,1,1.0,1,1.0,1,0.20588561283666024,60
1039,4,1574,809,765,0,0,0,1.0,1,1.0,1,1.0,1,0.23332117330444535,60
1040,2,1576,811,765,0,0,0,1.0,1,1.0,1,1.0,1,0.22906732202936397,58
1041,4,1580,812,768,0,0,0,1.0,1,1.0,1,1.0,1,0.1848466602971601,56
1042,2,1582,812,770,0,0,0,1.0,1,1.0,1,1.0,1,0.20046620628566933,55
1043,0,1582,812,770,0,0,0,1.0,1,1.0,1,1.0,1,0.20046620628566933,55
1044,0,1582,812,770,0,0,0,1.0,1,1.0,1,1.0,1,0.18405107586684263,52
1045,1,1583,812,771,0,0,0,1.0,1,1.0,1,1.0,1,0.1607150110921919,52
1046,1,1584,813,771,0,0,0,1.0,1,1.0,1,1.0,1,0.1777018983648313,53
1047,1,1585,813,772,0,0,0,1.0,1,1.0,1,1.0,1,0.14973977693808393,54
1048,1,1586,814,772,0,0,0,1.0,1,1.0,1,1.0,1,0.1750512197990324,56
1049,3,1589,816,773,0,0,0,1.0,1,1.0,1,1.0,1,0.19488229138201688,55
1050,0,1589,816,773,0,0,0,1.0,1,1.0,1,1.0,1,0.20104720630362913,56
1051,3,1592,817,775,0,0,0,1.0,1,1.0,1,1.0,1,0.12833949965578245,55
1052,0,1592,817,775,0,0,0,1.0,1,1.0,1,1.0,1,0.14669254767362855,56
1053,1,1593,818,775,0,0,0,1.0,1,1.0,1,1.0,1,0.14993619480950077,56
1054,0,1593,818,775,0,0,0,1.0,1,1.0,1,1.0,1,0.12698637291754988,57
1055,1,1594,819,775,0,0,0,1.0,1,1.0,1,1.0,1,0.12013713968417544,58
1056,1,1595,819,776,0,0,0,1.0,1,1.0,1,1.0,1,0.127853092992782,59
1057,1,1596,820,776,0,0,0,1.0,1,1.0,1,1.0,1,0.14730253456367426,60
1058,4,1600,821,779,0,0,0,1.0,1,1.0,1,1.0,1,0.13419252859024947,60
1059,1,1601,822,779,0,0,0,1.0,1,1.0,1,1.0,1,0.14332922535924858,60
1060,1,1602,823,779,0,0,0,1.0,1,1.0,1,1.0,1,0.16808622538600648,60
1061,5,1607,826,781,0,0,0,1.0,1,1.0,1,1.0,1,0.13914700526979715,59
1062,1,1608,827,781,0,0,0,1.0,1,1.0,1,1.0,1,0.1457010218170582,59
1063,3,1611,830,781,0,0,0,1.0,1,1.0,1,1.0,1,0.1669142911108153,58
1064,5,1616,834,782,0,0,0,1.0,1,1.0,1,1.0,1,0.22748527566273558,58
1065,4,1620,836,784,0,0,0,1.0,1,1.0,1,1.0,1,0.21781383448926606,60
1066,2,1622,836,786,0,0,0,1.0,1,1.0,1,1.0,1,0.19411146498826035,58
1067,2,1624,837,787,0,0,0,1.0,1,1.0,1,1.0,1,0.2220601287772638,59
1068,1,1625,838,787,0,0,0,1.0,1,1.0,1,1.0,1,0.22801853114204373,59
1069,1,1626,838,788,0,0,0,1.0,1,1.0,1,1.0,1,0.24454711363971735,58
1070,4,1630,841,789,0,0,0,1.0,1,1.0,1,1.0,1,0.21572847444181517,58
1071,1,1631,842,789,0,0,0,1.0,1,1.0,1,1.0,1,0.2291383802114128,57
1072,2,1633,842,791,0,0,0,1.0,1,1.0,1,1.0,1,0.18981205271954013,56
1073,1,1634,842,792,0,0,0,1.0,1,1.0,1,1.0,1,0.19878754606389323,54
1074,0,1634,842,792,0,0,0,1.0,1,1.0,1,1.0,1,0.19878754606389323,54
1075,2,1636,844,792,0,0,0,1.0,1,1.0,1,1.0,1,0.18642559493369631,51
1076,0,1636,844,792,0,0,0,1.0,1,1.0,1,1.0,1,0.20068278022281894,51
1077,2,1638,844,794,0,0,0,1.0,1,1.0,1,1.0,1,0.17848654502424785,51
1078,5,1643,846,797,0,0,0,1.0,1,1.0,1,1.0,1,0.16835873216523717,52
1079,6,1649,849,800,0,0,0,1.0,1,1.0,1,1.0,1,0.15157990540978317,51
1080,2,1651,851,800,0,0,0,1.0,1,1.0,1,1.0,1,0.18589411253891688,51
1081,2,1653,852,801,0,0,0,1.0,1,1.0,1,1.0,1,0.2111698704448058,48
1082,2,1655,853,802,0,0,0,1.0,1,1.0,1,1.0,1,0.26334210400417984,47
1083,2,1657,854,803,0,0,0,1.0,1,1.0,1,1.0,1,0.29736126127116425,46
1084,0,1657,854,803,0,0,0,1.0,1,1.0,1,1.0,1,0.2869536890866376,45
1085,0,1657,854,803,0,0,0,1.0,1,1.0,1,1.0,1,0.2840702601467447,46
1086,2,1659,854,805,0,0,0,1.0,1,1.0,1,1.0,1,0.23181461149564397,45
1087,1,1660,854,806,0,0,0,1.0,1,1.0,1,1.0,1,0.23429629053567863,44
1088,1,1661,854,807,0,0,0,1.0,1,1.0,1,1.0,1,0.2211869509656281,45
1089,1,1662,855,807,0,0,0,1.0,1,1.0,1,1.0,1,0.2291695060258655,46
1090,0,1662,855,807,0,0,0,1.0,1,1.0,1,1.0,1,0.23156156555072932,47
1091,1,1663,856,807,0,0,0,1.0,1,1.0,1,1.0,1,0.23064055224617716,47
1092,1,1664,856,808,0,0,0,1.0,1,1.0,1,1.0,1,0.2112511954647253,48
1093,1,1665,857,808,0,0,0,1.0,1,1.0,1,1.0,1,0.21852169467177102,48
1094,2,1667,859,808,0,0,0,1.0,1,1.0,1,1.0,1,0.2565867341402716,48
1095,3,1670,859,811,0,0,0,1.0,1,1.0,1,1.0,1,0.2298686068464247,49
1096,0,1670,859,811,0,0,0,1.0,1,1.0,1,1.0,1,0.2298686068464247,49
1097,2,1672,861,811,0,0,0,1.0,1,1.0,1,1.0,1,0.23974194369510574,50
1098,0,1672,861,811,0,0,0,1.0,1,1.0,1,1.0,1,0.24953251145570912,51
1099,1,1673,861,812,0,0,0,1.0,1,1.0,1,1.0,1,0.22960192816459973,54
1100,1,1674,861,813,0,0,0,1.0,1,1.0,1,1.0,1,0.21463095515355307,54
1101,0,1674,861,813,0,0,0,1.0,1,1.0,1,1.0,1,0.21463095515355307,54
1102,2,1676,863,813,0,0,0,1.0,1,1.0,1,1.0,1,0.24824194148839876,54
1103,3,1679,863,816,0,0,0,1.0,1,1.0,1,1.0,1,0.21186095906721528,53
1104,5,1684,866,818,0,0,0,1.0,1,1.0,1,1.0,1,0.21791660979767516,53
1105,6,1690,866,824,0,0,0,1.0,1,1.0,1,1.0,1,0.14373437811694595,52
1106,2,1692,867,825,0,0,0,1.0,1,1.0,1,1.0,1,0.14724768736422114,52
1107,1,1693,868,825,0,0,0,1.0,1,1.0,1,1.0,1,0.19628890572653057,52
1108,2,1695,870,825,0,0,0,1.0,1,1.0,1,1.0,1,0.2077617468078119,51
1109,3,1698,872,826,0,0,0,1.0,1,1.0,1,1.0,1,0.2250227336965366,49
1110,2,1700,873,827,0,0,0,1.0,1,1.0,1,1.0,1,0.20529072688028477,48
1111,4,1704,876,828,0,0,0,1.0,1,1.0,1,1.0,1,0.2591751850755679,47
1112,4,1708,877,831,0,0,0,1.0,1,1.0,1,1.0,1,0.251155878018004,46
1113,1,1709,878,831,0,0,0,1.0,1,1.0,1,1.0,1,0.26610964545234334,43
1114,2,1711,879,832,0,0,0,1.0,1,1.0,1,1.0,1,0.2937758421863026,41
1115,4,1715,881,834,0,0,0,1.0,1,1.0,1,1.0,1,0.26044058138099335,40
1116,2,1717,882,835,0,0,0,1.0,1,1.0,1,1.0,1,0.23644822157551684,39
1117,3,1720,885,835,0,0,0,1.0,1,1.0,1,1.0,1,0.3040107559050318,40
1118,3,1723,886,837,0,0,0,1.0,1,1.0,1,1.0,1,0.26990899893160103,40
1119,2,1725,886,839,0,0,0,1.0,1,1.0,1,1.0,1,0.24047242443462677,40
1120,0,1725,886,839,0,0,0,1.0,1,1.0,1,1.0,1,0.24047242443462677,40
1121,1,1726,887,839,0,0,0,1.0,1,1.0,1,1.0,1,0.26372981143027724,40
1122,0,1726,887,839,0,0,0,1.0,1,1.0,1,1.0,1,0.26819646855566875,41
1123,1,1727,888,839,0,0,0,1.0,1,1.0,1,1.0,1,0.29227583659956363,41
1124,0,1727,888,839,0,0,0,1.0,1,1.0,1,1.0,1,0.29227583659956363,41
1125,1,1728,888,840,0,0,0,1.0,1,1.0,1,1.0,1,0.28878302909821574,41
1126,1,1729,889,840,0,0,0,1.0,1,1.0,1,1.0,1,0.24431254841478592,41
1127,0,1729,889,840,0,0,0,1.0,1,1.0,1,1.0,1,0.24431254841478592,41
1128,0,1729,889,840,0,0,0,1.0,1,1.0,1,1.0,1,0.26248824823517575,42
1129,1,1730,890,840,0,0,0,1.0,1,1.0,1,1.0,1,0.2850599091295551,42
1130,1,1731,890,841,0,0,0,1.0,1,1.0,1,1.0,1,0.26386520141988773,42
1131,1,1732,891,841,0,0,0,1.0,1,1.0,1,1.0,1,0.2508582718929633,42
1132,0,1732,891,841,0,0,0,1.0,1,1.0,1,1.0,1,0.2301023976670785,43
1133,1,1733,891,842,0,0,0,1.0,1,1.0,1,1.0,1,0.20340647092115138,45
1134,3,1736,891,845,0,0,0,1.0,1,1.0,1,1.0,1,0.17306793809991672,46
1135,1,1737,891,846,0,0,0,1.0,1,1.0,1,1.0,1,0.16629031187540066,45
1136,1,1738,891,847,0,0,0,1.0,1,1.0,1,1.0,1,0.17509269312429548,48
1137,3,1741,891,850,0,0,0,1.0,1,1.0,1,1.0,1,0.14577567636341138,49
1138,0,1741,891,850,0,0,0,1.0,1,1.0,1,1.0,1,0.14577567636341138,49
1139,0,1741,891,850,0,0,0,1.0,1,1.0,1,1.0,1,0.18381717304826972,49
1140,2,1743,892,851,0,0,0,1.0,1,1.0,1,1.0,1,0.16859559385382977,49
1141,1,1744,893,851,0,0,0,1.0,1,1.0,1,1.0,1,0.2295984099353299,48
1142,4,1748,897,851,0,0,0,1.0,1,1.0,1,1.0,1,0.21890253214398375,48
1143,9,1757,902,855,0,0,0,1.0,1,1.0,1,1.0,1,0.2076060293179196,48
1144,1,1758,903,855,0,0,0,1.0,1,1.0,1,1.0,1,0.22947508092193541,48
1145,5,1763,905,858,0,0,0,1.0,1,1.0,1,1.0,1,0.21391422971684854,48
1146,3,1766,907,859,0,0,0,1.0,1,1.0,1,1.0,1,0.22503575135605988,48
1147,0,1766,907,859,0,0,0,1.0,1,1.0,1,1.0,1,0.2246172115165194,46
1148,1,1767,907,860,0,0,0,1.0,1,1.0,1,1.0,1,0.18240682182771625,46
1149,1,1768,907,861,0,0,0,1.0,1,1.0,1,1.0,1,0.23580279296759069,45
1150,2,1770,908,862,0,0,0,1.0,1,1.0,1,1.0,1,0.23147508882557039,46
1151,4,1774,910,864,0,0,0,1.0,1,1.0,1,1.0,1,0.24139249227074058,44
1152,1,1775,910,865,0,0,0,1.0,1,1.0,1,1.0,1,0.24127472781018802,44
1153,5,1780,913,867,0,0,0,1.0,1,1.0,1,1.0,1,0.2425559258785811,43
1154,2,1782,914,868,0,0,0,1.0,1,1.0,1,1.0,1,0.21799262206597883,43
1155,4,1786,916,870,0,0,0,1.0,1,1.0,1,1.0,1,0.2163350456173116,43
1156,0,1786,916,870,0,0,0,1.0,1,1.0,1,1.0,1,0.21415777385072957,42
1157,2,1788,917,871,0,0,0,1.0,1,1.0,1,1.0,1,0.2142803850489025,42
1158,2,1790,917,873,0,0,0,1.0,1,1.0,1,1.0,1,0.17058033842841622,41
1159,0,1790,917,873,0,0,0,1.0,1,1.0,1,1.0,1,0.17156147172958142,41
1160,0,1790,917,873,0,0,0,1.0,1,1.0,1,1.0,1,0.17156147172958142,41
1161,0,1790,917,873,0,0,0,1.0,1,1.0,1,1.0,1,0.18532197034322798,42
1162,0,1790,917,873,0,0,0,1.0,1,1.0,1,1.0,1,0.18882696529821846,43
1163,0,1790,917,873,0,0,0,1.0,1,1.0,1,1.0,1,0.18882696529821846,43
1164,0,1790,917,873,0,0,0,1.0,1,1.0,1,1.0,1,0.18227514980431195,44
1165,0,1790,917,873,0,0,0,1.0,1,1.0,1,1.0,1,0.18227514980431195,44
1166,2,1792,918,874,0,0,0,1.0,1,1.0,1,1.0,1,0.20685400647587404,46
1167,2,1794,919,875,0,0,0,1.0,1,1.0,1,1.0,1,0.1846386850228597,46
1168,0,1794,919,875,0,0,0,1.0,1,1.0,1,1.0,1,0.19009858797347987,47
1169,2,1796,921,875,0,0,0,1.0,1,1.0,1,1.0,1,0.17901025010523025,46
1170,0,1796,921,875,0,0,0,1.0,1,1.0,1,1.0,1,0.1780024621594483,48
1171,2,1798,923,875,0,0,0,1.0,1,1.0,1,1.0,1,0.2039800231657878,49
1172,1,1799,923,876,0,0,0,1.0,1,1.0,1,1.0,1,0.19003611542017046,49
1173,0,1799,923,876,0,0,0,1.0,1,1.0,1,1.0,1,0.19003611542017046,49
1174,1,1800,924,876,0,0,0,1.0,1,1.0,1,1.0,1,0.19537818596586864,49
1175,0,1800,924,876,0,0,0,1.0,1,1.0,1,1.0,1,0.2042733762339765,50
1176,0,1800,924,876,0,0,0,1.0,1,1.0,1,1.0,1,0.22925836304112998,52
1177,2,1802,926,876,0,0,0,1.0,1,1.0,1,1.0,1,0.23768140994205736,52
1178,2,1804,927,877,0,0,0,1.0,1,1.0,1,1.0,1,0.20416341636139376,52
1179,2,1806,927,879,0,0,0,1.0,1,1.0,1,1.0,1,0.17250462639393915,53
1180,0,1806,927,879,0,0,0,1.0,1,1.0,1,1.0,1,0.17109996022272045,54
1181,0,1806,927,879,0,0,0,1.0,1,1.0,1,1.0,1,0.1827405535694633,55
1182,1,1807,928,879,0,0,0,1.0,1,1.0,1,1.0,1,0.19192401173457246,55
1183,1,1808,929,879,0,0,0,1.0,1,1.0,1,1.0,1,0.21252099075604206,53
1184,2,1810,931,879,0,0,0,1.0,1,1.0,1,1.0,1,0.24213542942045357,54
1185,4,1814,931,883,0,0,0,1.0,1,1.0,1,1.0,1,0.19626572334374626,53
1186,1,1815,932,883,0,0,0,1.0,1,1.0,1,1.0,1,0.24370565685523732,54
1187,5,1820,933,887,0,0,0,1.0,1,1.0,1,1.0,1,0.22057062319054055,55
1188,0,1820,933,887,0,0,0,1.0,1,1.0,1,1.0,1,0.22057062319054055,55
1189,1,1821,933,888,0,0,0,1.0,1,1.0,1,1.0,1,0.22089577474418942,54
1190,1,1822,933,889,0,0,0,1.0,1,1.0,1,1.0,1,0.19839498240024797,55
1191,0,1822,933,889,0,0,0,1.0,1,1.0,1,1.0,1,0.18637601529379774,54
1192,3,1825,934,891,0,0,0,1.0,1,1.0,1,1.0,1,0.1386619154008089,52
1193,0,1825,934,891,0,0,0,1.0,1,1.0,1,1.0,1,0.14453486540365612,53
1194,1,1826,935,891,0,0,0,1.0,1,1.0,1,1.0,1,0.17597565850304397,53
1195,1,1827,936,891,0,0,0,1.0,1,1.0,1,1.0,1,0.1644631240944781,54
1196,2,1829,937,892,0,0,0,1.0,1,1.0,1,1.0,1,0.1568398808315411,56
1197,2,1831,939,892,0,0,0,1.0,1,1.0,1,1.0,1,0.16679872919681857,56
1198,2,1833,940,893,0,0,0,1.0,1,1.0,1,1.0,1,0.17418662890193712,58
1199,1,1834,941,893,0,0,0,1.0,1,1.0,1,1.0,1,0.19304492295527367,58
1200,1,1835,941,894,0,0,0,1.0,1,1.0,1,1.0,1,0.18037899105359198,58
1201,5,1840,944,896,0,0,0,1.0,1,1.0,1,1.0,1,0.18712799629155452,58
1202,0,1840,944,896,0,0,0,1.0,1,1.0,1,1.0,1,0.1753292670527907,60
1203,0,1840,944,896,0,0,0,1.0,1,1.0,1,1.0,1,0.16446958867061365,58
1204,1,1841,945,896,0,0,0,1.0,1,1.0,1,1.0,1,0.18238444969715012,59
1205,1,1842,946,896,0,0,0,1.0,1,1.0,1,1.0,1,0.199617770344155,59
1206,4,1846,946,900,0,0,0,1.0,1,1.0,1,1.0,1,0.1833661069432315,58
1207,1,1847,946,901,0,0,0,1.0,1,1.0,1,1.0,1,0.18084017764279012,60
1208,0,1847,946,901,0,0,0,1.0,1,1.0,1,1.0,1,0.18084017764279012,60
1209,1,1848,946,902,0,0,0,1.0,1,1.0,1,1.0,1,0.1835205985942252,61
1210,0,1848,946,902,0,0,0,1.0,1,1.0,1,1.0,1,0.1835205985942252,61
1211,0,1848,946,902,0,0,0,1.0,1,1.0,1,1.0,1,0.1695486813940507,63
1212,0,1848,946,902,0,0,0,1.0,1,1.0,1,1.0,1,0.1695486813940507,63
1213,1,1849,947,902,0,0,0,1.0,1,1.0,1,1.0,1,0.17494670055340023,63
1214,2,1851,948,903,0,0,0,1.0,1,1.0,1,1.0,1,0.21963926849342644,62
1215,3,1854,948,906,0,0,0,1.0,1,1.0,1,1.0,1,0.16641541091922693,63
1216,3,1857,949,908,0,0,0,1.0,1,1.0,1,1.0,1,0.2091738070835002,64
1217,0,1857,949,908,0,0,0,1.0,1,1.0,1,1.0,1,0.21162018057201368,65
1218,0,1857,949,908,0,0,0,1.0,1,1.0,1,1.0,1,0.22550436065691196,64
1219,3,1860,949,911,0,0,0,1.0,1,1.0,1,1.0,1,0.21722983534449034,65
1220,1,1861,950,911,0,0,0,1.0,1,1.0,1,1.0,1,0.2230311295894002,64
1221,3,1864,952,912,0,0,0,1.0,1,1.0,1,1.0,1,0.2148549368661463,65
1222,2,1866,953,913,0,0,0,1.0,1,1.0,1,1.0,1,0.20190543611094716,66
1223,4,1870,954,916,0,0,0,1.0,1,1.0,1,1.0,1,0.17663273054667056,64
1224,6,1876,957,919,0,0,0,1.0,1,1.0,1,1.0,1,0.1618671560958556,66
1225,1,1877,958,919,0,0,0,1.0,1,1.0,1,1.0,1,0.17055677743068104,66
1226,2,1879,958,921,0,0,0,1.0,1,1.0,1,1.0,1,0.16471884330787992,68
1227,3,1882,960,922,0,0,0,1.0,1,1.0,1,1.0,1,0.15060504418723827,64
1228,0,1882,960,922,0,0,0,1.0,1,1.0,1,1.0,1,0.15194158798216137,62
1229,4,1886,962,924,0,0,0,1.0,1,1.0,1,1.0,1,0.16573638241411973,61
1230,3,1889,964,925,0,0,0,1.0,1,1.0,1,1.0,1,0.16126747811148864,58
1231,3,1892,965,927,0,0,0,1.0,1,1.0,1,1.0,1,0.13289373704994617,57
1232,1,1893,966,927,0,0,0,1.0,1,1.0,1,1.0,1,0.16455898779257175,53
1233,1,1894,967,927,0,0,0,1.0,1,1.0,1,1.0,1,0.1829495970917357,53
1234,1,1895,967,928,0,0,0,1.0,1,1.0,1,1.0,1,0.17039784809131114,54
1235,1,1896,967,929,0,0,0,1.0,1,1.0,1,1.0,1,0.19331764171974544,55
1236,1,1897,968,929,0,0,0,1.0,1,1.0,1,1.0,1,0.22694237162588712,55
1237,3,1900,969,931,0,0,0,1.0,1,1.0,1,1.0,1,0.18458405028654712,55
1238,1,1901,970,931,0,0,0,1.0,1,1.0,1,1.0,1,0.1926082802191702,54
1239,1,1902,970,932,0,0,0,1.0,1,1.0,1,1.0,1,0.18705227937514476,55
1240,0,1902,970,932,0,0,0,1.0,1,1.0,1,1.0,1,0.18705227937514476,55
1241,0,1902,970,932,0,0,0,1.0,1,1.0,1,1.0,1,0.17037853277938286,54
1242,0,1902,970,932,0,0,0,1.0,1,1.0,1,1.0,1,0.1884756223735784,54
1243,2,1904,970,934,0,0,0,1.0,1,1.0,1,1.0,1,0.1607948231718851,55
1244,0,1904,970,934,0,0,0,1.0,1,1.0,1,1.0,1,0.17325625980463588,55
1245,2,1906,971,935,0,0,0,1.0,1,1.0,1,1.0,1,0.153842599126472,55
1246,2,1908,973,935,0,0,0,1.0,1,1.0,1,1.0,1,0.2174228265936936,55
1247,4,1912,975,937,0,0,0,1.0,1,1.0,1,1.0,1,0.24972064093548615,57
1248,0,1912,975,937,0,0,0,1.0,1,1.0,1,1.0,1,0.25865519926802183,56
1249,4,1916,979,937,0,0,0,1.0,1,1.0,1,1.0,1,0.26878607699810103,56
1250,5,1921,982,939,0,0,0,1.0,1,1.0,1,1.0,1,0.263701239326536,56
1251,6,1927,982,945,0,0,0,1.0,1,1.0,1,1.0,1,0.1842584955714433,58
1252,3,1930,983,947,0,0,0,1.0,1,1.0,1,1.0,1,0.15821216550661737,58
1253,2,1932,985,947,0,0,0,1.0,1,1.0,1,1.0,1,0.1812840222931888,58
1254,0,1932,985,947,0,0,0,1.0,1,1.0,1,1.0,1,0.1726958555681114,60
1255,1,1933,985,948,0,0,0,1.0,1,1.0,1,1.0,1,0.1735351477729788,61
1256,0,1933,985,948,0,0,0,1.0,1,1.0,1,1.0,1,0.1735351477729788,61
1257,3,1936,986,950,0,0,0,1.0,1,1.0,1,1.0,1,0.1958148670636584,62
1258,0,1936,986,950,0,0,0,1.0,1,1.0,1,1.0,1,0.1997260970402473,63
1259,0,1936,986,950,0,0,0,1.0,1,1.0,1,1.0,1,0.1997260970402473,63
1260,1,1937,986,951,0,0,0,1.0,1,1.0,1,1.0,1,0.20373012926002299,63
1261,3,1940,986,954,0,0,0,1.0,1,1.0,1,1.0,1,0.15773029711026376,63
1262,0,1940,986,954,0,0,0,1.0,1,1.0,1,1.0,1,0.16675071256065435,64
1263,1,1941,987,954,0,0,0,1.0,1,1.0,1,1.0,1,0.17035481149556678,63
1264,2,1943,989,954,0,0,0,1.0,1,1.0,1,1.0,1,0.18997299916463212,63
1265,4,1947,991,956,0,0,0,1.0,1,1.0,1,1.0,1,0.17374923451653826,60
1266,7,1954,994,960,0,0,0,1.0,1,1.0,1,1.0,1,0.17746530497748406,61
1267,1,1955,995,960,0,0,0,1.0,1,1.0,1,1.0,1,0.1541261780197531,58
1268,2,1957,997,960,0,0,0,1.0,1,1.0,1,1.0,1,0.21905778174282628,54
1269,0,1957,997,960,0,0,0,1.0,1,1.0,1,1.0,1,0.20133604605950645,54
1270,1,1958,998,960,0,0,0,1.0,1,1.0,1,1.0,1,0.22578968962098803,51
1271,4,1962,999,963,0,0,0,1.0,1,1.0,1,1.0,1,0.19953940324324063,50
1272,0,1962,999,963,0,0,0,1.0,1,1.0,1,1.0,1,0.1944918121467173,47
1273,1,1963,1000,963,0,0,0,1.0,1,1.0,1,1.0,1,0.20990449578161335,47
1274,2,1965,1001,964,0,0,0,1.0,1,1.0,1,1.0,1,0.24469000214285647,49
1275,5,1970,1002,968,0,0,0,1.0,1,1.0,1,1.0,1,0.2165064396448852,48
1276,3,1973,1004,969,0,0,0,1.0,1,1.0,1,1.0,1,0.21187342658162528,49
1277,6,1979,1008,971,0,0,0,1.0,1,1.0,1,1.0,1,0.23643251203301358,50
1278,1,1980,1008,972,0,0,0,1.0,1,1.0,1,1.0,1,0.24465611615558175,51
1279,2,1982,1008,974,0,0,0,1.0,1,1.0,1,1.0,1,0.20811670221495626,51
1280,2,1984,1008,976,0,0,0,1.0,1,1.0,1,1.0,1,0.16720105040289315,52
1281,1,1985,1008,977,0,0,0,1.0,1,1.0,1,1.0,1,0.1589777930161002,52
1282,1,1986,1009,977,0,0,0,1.0,1,1.0,1,1.0,1,0.17072252163065987,52
1283,1,1987,1009,978,0,0,0,1.0,1,1.0,1,1.0,1,0.1574312049149552,52
1284,3,1990,1010,980,0,0,0,1.0,1,1.0,1,1.0,1,0.1460464435136313,52
1285,1,1991,1010,981,0,0,0,1.0,1,1.0,1,1.0,1,0.17262207248094838,51
1286,1,1992,1010,982,0,0,0,1.0,1,1.0,1,1.0,1,0.16405711268718395,52
1287,1,1993,1011,982,0,0,0,1.0,1,1.0,1,1.0,1,0.2025963468189777,54
1288,1,1994,1011,983,0,0,0,1.0,1,1.0,1,1.0,1,0.1794124527750083,55
1289,0,1994,1011,983,0,0,0,1.0,1,1.0,1,1.0,1,0.1837034904073034,56
1290,0,1994,1011,983,0,0,0,1.0,1,1.0,1,1.0,1,0.16165733010376504,57
1291,1,1995,1011,984,0,0,0,1.0,1,1.0,1,1.0,1,0.16421871961828244,58
1292,1,1996,1012,984,0,0,0,1.0,1,1.0,1,1.0,1,0.1590153871176244,59
1293,0,1996,1012,984,0,0,0,1.0,1,1.0,1,1.0,1,0.1590153871176244,59
1294,2,1998,1014,984,0,0,0,1.0,1,1.0,1,1.0,1,0.16580389608112342,59
1295,1,1999,1015,984,0,0,0,1.0,1,1.0,1,1.0,1,0.1845182032347995,59
1296,2,2001,1015,986,0,0,0,1.0,1,1.0,1,1.0,1,0.17094684825615897,59
1297,3,2004,1016,988,0,0,0,1.0,1,1.0,1,1.0,1,0.1753384784390789,61
1298,2,2006,1017,989,0,0,0,1.0,1,1.0,1,1.0,1,0.18044766902034987,61
1299,1,2007,1017,990,0,0,0,1.0,1,1.0,1,1.0,1,0.174118292674576,60
1300,0,2007,1017,990,0,0,0,1.0,1,1.0,1,1.0,1,0.17351131339994197,59
1301,5,2012,1018,994,0,0,0,1.0,1,1.0,1,1.0,1,0.14708012257346742,59
1302,7,2019,1023,996,0,0,0,1.0,1,1.0,1,1.0,1,0.12682977449192195,59
1303,4,2023,1026,997,0,0,0,1.0,1,1.0,1,1.0,1,0.1817484025965828,55
1304,5,2028,1031,997,0,0,0,1.0,1,1.0,1,1.0,1,0.18514784521978025,56
1305,2,2030,1032,998,0,0,0,1.0,1,1.0,1,1.0,1,0.16923822127294014,54
1306,1,2031,1033,998,0,0,0,1.0,1,1.0,1,1.0,1,0.1677914033154652,53
1307,4,2035,1036,999,0,0,0,1.0,1,1.0,1,1.0,1,0.17929725553125536,52
1308,4,2039,1038,1001,0,0,0,1.0,1,1.0,1,1.0,1,0.18914128420776077,52
1309,4,2043,1040,1003,0,0,0,1.0,1,1.0,1,1.0,1,0.19061380630988312,54
1310,0,2043,1040,1003,0,0,0,1.0,1,1.0,1,1.0,1,0.1680517742994164,52
1311,0,2043,1040,1003,0,0,0,1.0,1,1.0,1,1.0,1,0.15424047351153974,51
1312,0,2043,1040,1003,0,0,0,1.0,1,1.0,1,1.0,1,0.18713372948482218,49
1313,0,2043,1040,1003,0,0,0,1.0,1,1.0,1,1.0,1,0.18633851386089545,47
1314,1,2044,1041,1003,0,0,0,1.0,1,1.0,1,1.0,1,0.18104264267028336,46
1315,0,2044,1041,1003,0,0,0,1.0,1,1.0,1,1.0,1,0.1987054512604378,45
1316,2,2046,1042,1004,0,0,0,1.0,1,1.0,1,1.0,1,0.17156996177263817,46
1317,1,2047,1042,1005,0,0,0,1.0,1,1.0,1,1.0,1,0.13802618604042166,45
1318,2,2049,1044,1005,0,0,0,1.0,1,1.0,1,1.0,1,0.16809584419598786,46
1319,1,2050,1045,1005,0,0,0,1.0,1,1.0,1,1.0,1,0.18043017074864526,46
1320,0,2050,1045,1005,0,0,0,1.0,1,1.0,1,1.0,1,0.18043017074864526,46
1321,1,2051,1045,1006,0,0,0,1.0,1,1.0,1,1.0,1,0.16229730912832793,48
1322,0,2051,1045,1006,0,0,0,1.0,1,1.0,1,1.0,1,0.17526610309785157,49
1323,1,2052,1045,1007,0,0,0,1.0,1,1.0,1,1.0,1,0.17773732352705907,49
1324,0,2052,1045,1007,0,0,0,1.0,1,1.0,1,1.0,1,0.1962525018686005,50
1325,0,2052,1045,1007,0,0,0,1.0,1,1.0,1,1.0,1,0.2086324371146773,49
1326,3,2055,1047,1008,0,0,0,1.0,1,1.0,1,1.0,1,0.2611695667511227,50
1327,6,2061,1048,1013,0,0,0,1.0,1,1.0,1,1.0,1,0.23186924149964228,50
1328,0,2061,1048,1013,0,0,0,1.0,1,1.0,1,1.0,1,0.25202195836384117,49
1329,2,2063,1048,1015,0,0,0,1.0,1,1.0,1,1.0,1,0.20246526397759346,50
1330,0,2063,1048,1015,0,0,0,1.0,1,1.0,1,1.0,1,0.20246526397759346,50
1331,1,2064,1049,1015,0,0,0,1.0,1,1.0,1,1.0,1,0.2248804386965253,50
1332,2,2066,1051,1015,0,0,0,1.0,1,1.0,1,1.0,1,0.2033053346771428,51
1333,0,2066,1051,1015,0,0,0,1.0,1,1.0,1,1.0,1,0.20789212706170465,52
1334,1,2067,1051,1016,0,0,0,1.0,1,1.0,1,1.0,1,0.20823478658427097,54
1335,0,2067,1051,1016,0,0,0,1.0,1,1.0,1,1.0,1,0.20823478658427097,54
1336,0,2067,1051,1016,0,0,0,1.0,1,1.0,1,1.0,1,0.2163390442180794,56
1337,5,2072,1053,1019,0,0,0,1.0,1,1.0,1,1.0,1,0.24100574498828334,57
1338,2,2074,1054,1020,0,0,0,1.0,1,1.0,1,1.0,1,0.23132923786432058,57
1339,2,2076,1056,1020,0,0,0,1.0,1,1.0,1,1.0,1,0.27711433784840883,58
1340,3,2079,1056,1023,0,0,0,1.0,1,1.0,1,1.0,1,0.2654052627718197,59
1341,1,2080,1056,1024,0,0,0,1.0,1,1.0,1,1.0,1,0.22582201798145893,57
1342,2,2082,1058,1024,0,0,0,1.0,1,1.0,1,1.0,1,0.2286433100501901,57
1343,2,2084,1059,1025,0,0,0,1.0,1,1.0,1,1.0,1,0.20404553675161022,55
1344,3,2087,1061,1026,0,0,0,1.0,1,1.0,1,1.0,1,0.1971459238194311,54
1345,2,2089,1062,1027,0,0,0,1.0,1,1.0,1,1.0,1,0.19186996113986365,53
1346,1,2090,1063,1027,0,0,0,1.0,1,1.0,1,1.0,1,0.21161058688479903,53
1347,1,2091,1063,1028,0,0,0,1.0,1,1.0,1,1.0,1,0.18279235721826728,51
1348,1,2092,1064,1028,0,0,0,1.0,1,1.0,1,1.0,1,0.2102178190022048,52
1349,0,2092,1064,1028,0,0,0,1.0,1,1.0,1,1.0,1,0.20499531936810103,50
1350,0,2092,1064,1028,0,0,0,1.0,1,1.0,1,1.0,1,0.20782334750985829,51
1351,1,2093,1065,1028,0,0,0,1.0,1,1.0,1,1.0,1,0.22217997706906487,50
1352,2,2095,1066,1029,0,0,0,1.0,1,1.0,1,1.0,1,0.18856111907398615,50
1353,1,2096,1067,1029,0,0,0,1.0,1,1.0,1,1.0,1,0.20805489057743914,50
1354,3,2099,1068,1031,0,0,0,1.0,1,1.0,1,1.0,1,0.20730118814663384,51
1355,5,2104,1070,1034,0,0,0,1.0,1,1.0,1,1.0,1,0.15422754416449963,53
1356,1,2105,1071,1034,0,0,0,1.0,1,1.0,1,1.0,1,0.1694196789480359,52
1357,1,2106,1072,1034,0,0,0,1.0,1,1.0,1,1.0,1,0.17582785526144087,52
1358,1,2107,1073,1034,0,0,0,1.0,1,1.0,1,1.0,1,0.19386366614652104,53
1359,4,2111,1075,1036,0,0,0,1.0,1,1.0,1,1.0,1,0.2161347830867362,54
1360,2,2113,1076,1037,0,0,0,1.0,1,1.0,1,1.0,1,0.20374516258628828,55
1361,4,2117,1077,1040,0,0,0,1.0,1,1.0,1,1.0,1,0.165523472506129,55
1362,1,2118,1077,1041,0,0,0,1.0,1,1.0,1,1.0,1,0.13821005239649162,56
1363,1,2119,1078,1041,0,0,0,1.0,1,1.0,1,1.0,1,0.16552027965018332,56
1364,0,2119,1078,1041,0,0,0,1.0,1,1.0,1,1.0,1,0.15656463524982087,55
1365,1,2120,1078,1042,0,0,0,1.0,1,1.0,1,1.0,1,0.1589989179599419,56
1366,2,2122,1079,1043,0,0,0,1.0,1,1.0,1,1.0,1,0.16176466454875227,57
1367,0,2122,1079,1043,0,0,0,1.0,1,1.0,1,1.0,1,0.16176466454875227,57
1368,3,2125,1079,1046,0,0,0,1.0,1,1.0,1,1.0,1,0.15480919707318383,58
1369,1,2126,1080,1046,0,0,0,1.0,1,1.0,1,1.0,1,0.16193296409350139,59
1370,2,2128,1081,1047,0,0,0,1.0,1,1.0,1,1.0,1,0.16400225855460987,60
1371,2,2130,1082,1048,0,0,0,1.0,1,1.0,1,1.0,1,0.1283625965432275,59
1372,3,2133,1085,1048,0,0,0,1.0,1,1.0,1,1.0,1,0.1959505436798399,59
1373,5,2138,1087,1051,0,0,0,1.0,1,1.0,1,1.0,1,0.1496753968611533,59
1374,0,2138,1087,1051,0,0,0,1.0,1,1.0,1,1.0,1,0.1496753968611533,59
1375,2,2140,1087,1053,0,0,0,1.0,1,1.0,1,1.0,1,0.15665838536762777,62
1376,2,2142,1089,1053,0,0,0,1.0,1,1.0,1,1.0,1,0.19748917068194105,61
1377,3,2145,1090,1055,0,0,0,1.0,1,1.0,1,1.0,1,0.18881119947249356,63
1378,1,2146,1091,1055,0,0,0,1.0,1,1.0,1,1.0,1,0.19566117713759953,62
1379,4,2150,1094,1056,0,0,0,1.0,1,1.0,1,1.0,1,0.25411836001600385,61
1380,0,2150,1094,1056,0,0,0,1.0,1,1.0,1,1.0,1,0.26556377165451045,60
1381,5,2155,1095,1060,0,0,0,1.0,1,1.0,1,1.0,1,0.25725958853582587,58
1382,1,2156,1095,1061,0,0,0,1.0,1,1.0,1,1.0,1,0.2289670676547447,56
1383,3,2159,1097,1062,0,0,0,1.0,1,1.0,1,1.0,1,0.21004505187483646,57
1384,2,2161,1098,1063,0,0,0,1.0,1,1.0,1,1.0,1,0.19216583494380843,55
1385,3,2164,1100,1064,0,0,0,1.0,1,1.0,1,1.0,1,0.17492402273144284,55
1386,2,2166,1102,1064,0,0,0,1.0,1,1.0,1,1.0,1,0.1977118716725599,54
1387,4,2170,1102,1068,0,0,0,1.0,1,1.0,1,1.0,1,0.15144193864833158,53
1388,2,2172,1104,1068,0,0,0,1.0,1,1.0,1,1.0,1,0.19577395206473255,52
1389,2,2174,1104,1070,0,0,0,1.0,1,1.0,1,1.0,1,0.1913550216919295,52
1390,0,2174,1104,1070,0,0,0,1.0,1,1.0,1,1.0,1,0.20739360381802538,51
1391,2,2176,1104,1072,0,0,0,1.0,1,1.0,1,1.0,1,0.20324670717396384,52
1392,1,2177,1105,1072,0,0,0,1.0,1,1.0,1,1.0,1,0.2091192174339228,51
1393,2,2179,1106,1073,0,0,0,1.0,1,1.0,1,1.0,1,0.20315461650383346,51
1394,1,2180,1106,1074,0,0,0,1.0,1,1.0,1,1.0,1,0.2087012630017617,52
1395,1,2181,1106,1075,0,0,0,1.0,1,1.0,1,1.0,1,0.18275386155006346,52
1396,1,2182,1106,1076,0,0,0,1.0,1,1.0,1,1.0,1,0.16390571937979426,53
1397,0,2182,1106,1076,0,0,0,1.0,1,1.0,1,1.0,1,0.17265654928894617,56
1398,1,2183,1107,1076,0,0,0,1.0,1,1.0,1,1.0,1,0.20708551663845082,56
1399,2,2185,1107,1078,0,0,0,1.0,1,1.0,1,1.0,1,0.18609122787381552,57
1400,0,2185,1107,1078,0,0,0,1.0,1,1.0,1,1.0,1,0.18609122787381552,57
1401,0,2185,1107,1078,0,0,0,1.0,1,1.0,1,1.0,1,0.18609122787381552,57
1402,3,2188,1110,1078,0,0,0,1.0,1,1.0,1,1.0,1,0.22393893050859864,57
1403,1,2189,1111,1078,0,0,0,1.0,1,1.0,1,1.0,1,0.23407877169834257,56
1404,3,2192,1111,1081,0,0,0,1.0,1,1.0,1,1.0,1,0.1941349444831671,58
1405,2,2194,1112,1082,0,0,0,1.0,1,1.0,1,1.0,1,0.24699408871497164,58
1406,0,2194,1112,1082,0,0,0,1.0,1,1.0,1,1.0,1,0.24699408871497164,58
1407,1,2195,1112,1083,0,0,0,1.0,1,1.0,1,1.0,1,0.25944742330190534,57
1408,3,2198,1112,1086,0,0,0,1.0,1,1.0,1,1.0,1,0.24332116134863216,58
1409,0,2198,1112,1086,0,0,0,1.0,1,1.0,1,1.0,1,0.24400404688683733,57
1410,1,2199,1112,1087,0,0,0,1.0,1,1.0,1,1.0,1,0.23564482156903505,57
1411,0,2199,1112,1087,0,0,0,1.0,1,1.0,1,1.0,1,0.24991425549213564,56
1412,0,2199,1112,1087,0,0,0,1.0,1,1.0,1,1.0,1,0.2589757856141899,55
1413,1,2200,1112,1088,0,0,0,1.0,1,1.0,1,1.0,1,0.24770075331541966,57
1414,1,2201,1112,1089,0,0,0,1.0,1,1.0,1,1.0,1,0.2288494696530727,57
1415,3,2204,1112,1092,0,0,0,1.0,1,1.0,1,1.0,1,0.1914947460317197,60
1416,2,2206,1113,1093,0,0,0,1.0,1,1.0,1,1.0,1,0.1816623274111792,61
1417,0,2206,1113,1093,0,0,0,1.0,1,1.0,1,1.0,1,0.17543606952639249,59
1418,3,2209,1113,1096,0,0,0,1.0,1,1.0,1,1.0,1,0.17086023973888403,60
1419,1,2210,1114,1096,0,0,0,1.0,1,1.0,1,1.0,1,0.1759294621199172,59
1420,0,2210,1114,1096,0,0,0,1.0,1,1.0,1,1.0,1,0.19622218795199314,58
1421,2,2212,1114,1098,0,0,0,1.0,1,1.0,1,1.0,1,0.1464087928187975,57
1422,1,2213,1115,1098,0,0,0,1.0,1,1.0,1,1.0,1,0.15031752962574985,57
1423,3,2216,1116,1100,0,0,0,1.0,1,1.0,1,1.0,1,0.12908346055419415,56
1424,1,2217,1117,1100,0,0,0,1.0,1,1.0,1,1.0,1,0.14586274772109725,57
1425,3,2220,1119,1101,0,0,0,1.0,1,1.0,1,1.0,1,0.15513301172018218,54
1426,3,2223,1121,1102,0,0,0,1.0,1,1.0,1,1.0,1,0.18906265401591535,54
1427,3,2226,1123,1103,0,0,0,1.0,1,1.0,1,1.0,1,0.245171780668676,53
1428,2,2228,1125,1103,0,0,0,1.0,1,1.0,1,1.0,1,0.2340231927542168,52
1429,1,2229,1125,1104,0,0,0,1.0,1,1.0,1,1.0,1,0.21688014644777215,52
1430,2,2231,1127,1104,0,0,0,1.0,1,1.0,1,1.0,1,0.23405781818605756,51
1431,1,2232,1127,1105,0,0,0,1.0,1,1.0,1,1.0,1,0.21726092114325177,51
1432,4,2236,1129,1107,0,0,0,1.0,1,1.0,1,1.0,1,0.20392243535063675,52
1433,1,2237,1129,1108,0,0,0,1.0,1,1.0,1,1.0,1,0.18871373200614414,52
1434,5,2242,1131,1111,0,0,0,1.0,1,1.0,1,1.0,1,0.16439725854225826,52
1435,3,2245,1133,1112,0,0,0,1.0,1,1.0,1,1.0,1,0.1668570209197655,50
1436,3,2248,1136,1112,0,0,0,1.0,1,1.0,1,1.0,1,0.21304917105024038,50
1437,3,2251,1137,1114,0,0,0,1.0,1,1.0,1,1.0,1,0.19931915126210764,49
1438,1,2252,1138,1114,0,0,0,1.0,1,1.0,1,1.0,1,0.22171768909004488,49
1439,5,2257,1140,1117,0,0,0,1.0,1,1.0,1,1.0,1,0.2282867139851699,50
1440,2,2259,1142,1117,0,0,0,1.0,1,1.0,1,1.0,1,0.2577906335966082,50
1441,1,2260,1143,1117,0,0,0,1.0,1,1.0,1,1.0,1,0.2528452865604527,51
1442,0,2260,1143,1117,0,0,0,1.0,1,1.0,1,1.0,1,0.25477268517509694,50
1443,1,2261,1143,1118,0,0,0,1.0,1,1.0,1,1.0,1,0.23768640892940712,51
1444,0,2261,1143,1118,0,0,0,1.0,1,1.0,1,1.0,1,0.23768640892940712,51
1445,1,2262,1143,1119,0,0,0,1.0,1,1.0,1,1.0,1,0.22195023199338396,51
1446,2,2264,1143,1121,0,0,0,1.0,1,1.0,1,1.0,1,0.19489847793886594,51
1447,0,2264,1143,1121,0,0,0,1.0,1,1.0,1,1.0,1,0.19489847793886594,51
1448,1,2265,1144,1121,0,0,0,1.0,1,1.0,1,1.0,1,0.1870867360003234,51
1449,0,2265,1144,1121,0,0,0,1.0,1,1.0,1,1.0,1,0.1870867360003234,51
1450,1,2266,1145,1121,0,0,0,1.0,1,1.0,1,1.0,1,0.1616935118194805,52
1451,2,2268,1145,1123,0,0,0,1.0,1,1.0,1,1.0,1,0.13849751199809482,54
1452,1,2269,1145,1124,0,0,0,1.0,1,1.0,1,1.0,1,0.15441599220445804,56
1453,1,2270,1146,1124,0,0,0,1.0,1,1.0,1,1.0,1,0.16924716461821365,56
1454,2,2272,1147,1125,0,0,0,1.0,1,1.0,1,1.0,1,0.19898588025460462,58
1455,7,2279,1149,1130,0,0,0,1.0,1,1.0,1,1.0,1,0.20310453052278415,55
1456,1,2280,1149,1131,0,0,0,1.0,1,1.0,1,1.0,1,0.20031528269833418,56
1457,2,2282,1150,1132,0,0,0,1.0,1,1.0,1,1.0,1,0.2343494819764655,54
1458,2,2284,1152,1132,0,0,0,1.0,1,1.0,1,1.0,1,0.25311703680794423,52
1459,4,2288,1153,1135,0,0,0,1.0,1,1.0,1,1.0,1,0.2131382016257108,52
1460,1,2289,1154,1135,0,0,0,1.0,1,1.0,1,1.0,1,0.20255023301863043,50
1461,2,2291,1156,1135,0,0,0,1.0,1,1.0,1,1.0,1,0.21072966172960536,53
1462,6,2297,1160,1137,0,0,0,1.0,1,1.0,1,1.0,1,0.21317556335377816,51
1463,1,2298,1161,1137,0,0,0,1.0,1,1.0,1,1.0,1,0.2491949929391738,51
1464,2,2300,1162,1138,0,0,0,1.0,1,1.0,1,1.0,1,0.26657041824724326,51
1465,4,2304,1162,1142,0,0,0,1.0,1,1.0,1,1.0,1,0.23331986059060583,49
1466,4,2308,1164,1144,0,0,0,1.0,1,1.0,1,1.0,1,0.21891138135395066,49
1467,4,2312,1166,1146,0,0,0,1.0,1,1.0,1,1.0,1,0.2434681436208663,47
1468,1,2313,1166,1147,0,0,0,1.0,1,1.0,1,1.0,1,0.2050108401538068,48
1469,3,2316,1168,1148,0,0,0,1.0,1,1.0,1,1.0,1,0.2496624210428764,47
1470,0,2316,1168,1148,0,0,0,1.0,1,1.0,1,1.0,1,0.233288296928251,49
1471,1,2317,1168,1149,0,0,0,1.0,1,1.0,1,1.0,1,0.2295262379204459,48
1472,1,2318,1168,1150,0,0,0,1.0,1,1.0,1,1.0,1,0.19921567039893803,48
1473,1,2319,1168,1151,0,0,0,1.0,1,1.0,1,1.0,1,0.19995566360900047,49
1474,0,2319,1168,1151,0,0,0,1.0,1,1.0,1,1.0,1,0.19995566360900047,49
1475,0,2319,1168,1151,0,0,0,1.0,1,1.0,1,1.0,1,0.19995566360900047,49
1476,4,2323,1169,1154,0,0,0,1.0,1,1.0,1,1.0,1,0.1777628322723994,51
1477,1,2324,1169,1155,0,0,0,1.0,1,1.0,1,1.0,1,0.15550760721468537,51
1478,1,2325,1169,1156,0,0,0,1.0,1,1.0,1,1.0,1,0.1301196151628469,52
1479,0,2325,1169,1156,0,0,0,1.0,1,1.0,1,1.0,1,0.14470621912476334,53
1480,1,2326,1170,1156,0,0,0,1.0,1,1.0,1,1.0,1,0.1614115096777943,53
1481,1,2327,1170,1157,0,0,0,1.0,1,1.0,1,1.0,1,0.14090795970290426,53
1482,1,2328,1171,1157,0,0,0,1.0,1,1.0,1,1.0,1,0.18834818955179367,52
1483,1,2329,1171,1158,0,0,0,1.0,1,1.0,1,1.0,1,0.17248206972352112,52
1484,2,2331,1172,1159,0,0,0,1.0,1,1.0,1,1.0,1,0.18049326259412438,53
1485,1,2332,1172,1160,0,0,0,1.0,1,1.0,1,1.0,1,0.15280626664208338,53
1486,2,2334,1172,1162,0,0,0,1.0,1,1.0,1,1.0,1,0.15614771822510864,54
1487,2,2336,1173,1163,0,0,0,1.0,1,1.0,1,1.0,1,0.15486448795808402,55
1488,0,2336,1173,1163,0,0,0,1.0,1,1.0,1,1.0,1,0.16920195371848887,57
1489,3,2339,1176,1163,0,0,0,1.0,1,1.0,1,1.0,1,0.18256180225292196,58
1490,0,2339,1176,1163,0,0,0,1.0,1,1.0,1,1.0,1,0.18256180225292196,58
1491,1,2340,1177,1163,0,0,0,1.0,1,1.0,1,1.0,1,0.1831853220808288,59
1492,1,2341,1177,1164,0,0,0,1.0,1,1.0,1,1.0,1,0.17941099869880442,59
1493,0,2341,1177,1164,0,0,0,1.0,1,1.0,1,1.0,1,0.16495188503869587,58
1494,1,2342,1178,1164,0,0,0,1.0,1,1.0,1,1.0,1,0.18751192771435926,58
1495,2,2344,1180,1164,0,0,0,1.0,1,1.0,1,1.0,1,0.24026625689758296,57
1496,3,2347,1180,1167,0,0,0,1.0,1,1.0,1,1.0,1,0.21102913690640912,59
1497,2,2349,1181,1168,0,0,0,1.0,1,1.0,1,1.0,1,0.216126163148286,58
1498,2,2351,1183,1168,0,0,0,1.0,1,1.0,1,1.0,1,0.22663832391577987,58
1499,1,2352,1183,1169,0,0,0,1.0,1,1.0,1,1.0,1,0.20313429867528504,56
1500,2,2354,1185,1169,0,0,0,1.0,1,1.0,1,1.0,1,0.21433267374519838,57
1501,4,2358,1186,1172,0,0,0,1.0,1,1.0,1,1.0,1,0.15238021015772202,55
1502,2,2360,1188,1172,0,0,0,1.0,1,1.0,1,1.0,1,0.15002099480425618,55
1503,1,2361,1189,1172,0,0,0,1.0,1,1.0,1,1.0,1,0.17363245490796259,54
1504,0,2361,1189,1172,0,0,0,1.0,1,1.0,1,1.0,1,0.15203161776847174,55
1505,3,2364,1192,1172,0,0,0,1.0,1,1.0,1,1.0,1,0.12293320776934889,53
1506,2,2366,1193,1173,0,0,0,1.0,1,1.0,1,1.0,1,0.15082744904263998,55
1507,1,2367,1194,1173,0,0,0,1.0,1,1.0,1,1.0,1,0.16756826396203572,53
1508,4,2371,1197,1174,0,0,0,1.0,1,1.0,1,1.0,1,0.24175957821092534,53
1509,6,2377,1197,1180,0,0,0,1.0,1,1.0,1,1.0,1,0.15960124089421332,52
1510,0,2377,1197,1180,0,0,0,1.0,1,1.0,1,1.0,1,0.1642139810725639,50
1511,0,2377,1197,1180,0,0,0,1.0,1,1.0,1,1.0,1,0.1662751783402594,49
1512,5,2382,1200,1182,0,0,0,1.0,1,1.0,1,1.0,1,0.17184056343048107,48
1513,3,2385,1201,1184,0,0,0,1.0,1,1.0,1,1.0,1,0.18056382421017136,47
1514,1,2386,1202,1184,0,0,0,1.0,1,1.0,1,1.0,1,0.1549501347235667,48
1515,2,2388,1203,1185,0,0,0,1.0,1,1.0,1,1.0,1,0.1523366232923546,48
1516,1,2389,1203,1186,0,0,0,1.0,1,1.0,1,1.0,1,0.12593818105741533,47
1517,0,2389,1203,1186,0,0,0,1.0,1,1.0,1,1.0,1,0.14465016521324028,48
1518,0,2389,1203,1186,0,0,0,1.0,1,1.0,1,1.0,1,0.14465016521324028,48
1519,0,2389,1203,1186,0,0,0,1.0,1,1.0,1,1.0,1,0.16030410882421642,47
1520,4,2393,1206,1187,0,0,0,1.0,1,1.0,1,1.0,1,0.21983866106188607,48
1521,1,2394,1206,1188,0,0,0,1.0,1,1.0,1,1.0,1,0.18668712240735066,49
1522,3,2397,1207,1190,0,0,0,1.0,1,1.0,1,1.0,1,0.16049163471667088,48
1523,0,2397,1207,1190,0,0,0,1.0,1,1.0,1,1.0,1,0.17522858681055864,49
1524,1,2398,1208,1190,0,0,0,1.0,1,1.0,1,1.0,1,0.1770349026879732,49
1525,1,2399,1209,1190,0,0,0,1.0,1,1.0,1,1.0,1,0.2172208147994306,51
1526,0,2399,1209,1190,0,0,0,1.0,1,1.0,1,1.0,1,0.20806315030064088,52
1527,0,2399,1209,1190,0,0,0,1.0,1,1.0,1,1.0,1,0.22173067738805416,54
1528,1,2400,1210,1190,0,0,0,1.0,1,1.0,1,1.0,1,0.23942887495108767,54
1529,0,2400,1210,1190,0,0,0,1.0,1,1.0,1,1.0,1,0.23942887495108767,54
1530,2,2402,1210,1192,0,0,0,1.0,1,1.0,1,1.0,1,0.2428218946081002,54
1531,0,2402,1210,1192,0,0,0,1.0,1,1.0,1,1.0,1,0.24209374085319568,54
1532,3,2405,1211,1194,0,0,0,1.0,1,1.0,1,1.0,1,0.23283832078766586,54
1533,4,2409,1212,1197,0,0,0,1.0,1,1.0,1,1.0,1,0.2010150182587713,54
1534,1,2410,1212,1198,0,0,0,1.0,1,1.0,1,1.0,1,0.18712564231804255,54
1535,3,2413,1212,1201,0,0,0,1.0,1,1.0,1,1.0,1,0.13194682232231583,54
1536,1,2414,1212,1202,0,0,0,1.0,1,1.0,1,1.0,1,0.13667320435856406,55
1537,0,2414,1212,1202,0,0,0,1.0,1,1.0,1,1.0,1,0.1612922945821809,53
1538,2,2416,1212,1204,0,0,0,1.0,1,1.0,1,1.0,1,0.14644280550995567,54
1539,0,2416,1212,1204,0,0,0,1.0,1,1.0,1,1.0,1,0.17567595980221581,54
1540,1,2417,1213,1204,0,0,0,1.0,1,1.0,1,1.0,1,0.18573576257074287,54
1541,2,2419,1213,1206,0,0,0,1.0,1,1.0,1,1.0,1,0.15305399385872104,54
1542,7,2426,1216,1210,0,0,0,1.0,1,1.0,1,1.0,1,0.18950112055689075,57
1543,2,2428,1217,1211,0,0,0,1.0,1,1.0,1,1.0,1,0.1846957608126531,55
1544,4,2432,1221,1211,0,0,0,1.0,1,1.0,1,1.0,1,0.24407127992520306,54
1545,4,2436,1222,1214,0,0,0,1.0,1,1.0,1,1.0,1,0.20141658198195947,54
1546,3,2439,1224,1215,0,0,0,1.0,1,1.0,1,1.0,1,0.21463725076221035,53
1547,4,2443,1225,1218,0,0,0,1.0,1,1.0,1,1.0,1,0.18085638811088484,53
1548,4,2447,1229,1218,0,0,0,1.0,1,1.0,1,1.0,1,0.17354889455389405,54
1549,5,2452,1231,1221,0,0,0,1.0,1,1.0,1,1.0,1,0.12746845985686678,52
1550,3,2455,1234,1221,0,0,0,1.0,1,1.0,1,1.0,1,0.15646404835282812,52
1551,5,2460,1237,1223,0,0,0,1.0,1,1.0,1,1.0,1,0.1440479284300254,52
1552,3,2463,1240,1223,0,0,0,1.0,1,1.0,1,1.0,1,0.1817350570510857,51
1553,6,2469,1242,1227,0,0,0,1.0,1,1.0,1,1.0,1,0.1889460139374169,51
1554,7,2476,1245,1231,0,0,0,1.0,1,1.0,1,1.0,1,0.17237058342432524,51
1555,1,2477,1246,1231,0,0,0,1.0,1,1.0,1,1.0,1,0.1752616928654235,50
1556,2,2479,1247,1232,0,0,0,1.0,1,1.0,1,1.0,1,0.18148860349757143,51
1557,3,2482,1249,1233,0,0,0,1.0,1,1.0,1,1.0,1,0.17653843191300447,51
1558,2,2484,1250,1234,0,0,0,1.0,1,1.0,1,1.0,1,0.16796653008655454,52
1559,0,2484,1250,1234,0,0,0,1.0,1,1.0,1,1.0,1,0.1719791514389287,53
1560,1,2485,1251,1234,0,0,0,1.0,1,1.0,1,1.0,1,0.15597172749251076,51
1561,1,2486,1252,1234,0,0,0,1.0,1,1.0,1,1.0,1,0.12447692093996755,51
1562,1,2487,1252,1235,0,0,0,1.0,1,1.0,1,1.0,1,0.12097945011397773,52
1563,0,2487,1252,1235,0,0,0,1.0,1,1.0,1,1.0,1,0.12097945011397773,52
1564,0,2487,1252,1235,0,0,0,1.0,1,1.0,1,1.0,1,0.13935957298105506,51
1565,1,2488,1253,1235,0,0,0,1.0,1,1.0,1,1.0,1,0.14803457735646386,53
1566,1,2489,1253,1236,0,0,0,1.0,1,1.0,1,1.0,1,0.15711817382564985,53
1567,3,2492,1254,1238,0,0,0,1.0,1,1.0,1,1.0,1,0.14976767395318905,52
1568,2,2494,1255,1239,0,0,0,1.0,1,1.0,1,1.0,1,0.17181646534414616,52
1569,4,2498,1256,1242,0,0,0,1.0,1,1.0,1,1.0,1,0.15996316694584553,49
1570,0,2498,1256,1242,0,0,0,1.0,1,1.0,1,1.0,1,0.1585025698577695,48
1571,3,2501,1258,1243,0,0,0,1.0,1,1.0,1,1.0,1,0.14136928305466837,46
1572,2,2503,1260,1243,0,0,0,1.0,1,1.0,1,1.0,1,0.17799395620963998,47
1573,0,2503,1260,1243,0,0,0,1.0,1,1.0,1,1.0,1,0.16807782645748978,48
1574,4,2507,1263,1244,0,0,0,1.0,1,1.0,1,1.0,1,0.15855538349942427,46
1575,3,2510,1266,1244,0,0,0,1.0,1,1.0,1,1.0,1,0.19552560831693597,47
1576,6,2516,1269,1247,0,0,0,1.0,1,1.0,1,1.0,1,0.16816496995929126,46
1577,2,2518,1269,1249,0,0,0,1.0,1,1.0,1,1.0,1,0.1471765932039804,45
1578,0,2518,1269,1249,0,0,0,1.0,1,1.0,1,1.0,1,0.15712288804650779,44
1579,1,2519,1269,1250,0,0,0,1.0,1,1.0,1,1.0,1,0.14406435573331533,43
1580,1,2520,1270,1250,0,0,0,1.0,1,1.0,1,1.0,1,0.15782116379385128,43
1581,1,2521,1270,1251,0,0,0,1.0,1,1.0,1,1.0,1,0.1699683611468812,42
1582,1,2522,1271,1251,0,0,0,1.0,1,1.0,1,1.0,1,0.18224888227785316,42
1583,2,2524,1272,1252,0,0,0,1.0,1,1.0,1,1.0,1,0.167770055485468,43
1584,1,2525,1273,1252,0,0,0,1.0,1,1.0,1,1.0,1,0.1402084297438815,41
1585,2,2527,1274,1253,0,0,0,1.0,1,1.0,1,1.0,1,0.09215772898151108,43
1586,1,2528,1275,1253,0,0,0,1.0,1,1.0,1,1.0,1,0.09627919598526778,42
1587,2,2530,1277,1253,0,0,0,1.0,1,1.0,1,1.0,1,0.10849990876157176,42
1588,3,2533,1280,1253,0,0,0,1.0,1,1.0,1,1.0,1,0.21808483289809633,42
1589,1,2534,1280,1254,0,0,0,1.0,1,1.0,1,1.0,1,0.18082289866678314,42
1590,0,2534,1280,1254,0,0,0,1.0,1,1.0,1,1.0,1,0.2154019735221292,41
1591,0,2534,1280,1254,0,0,0,1.0,1,1.0,1,1.0,1,0.23113257736474188,40
1592,3,2537,1281,1256,0,0,0,1.0,1,1.0,1,1.0,1,0.22548287863959077,39
1593,4,2541,1283,1258,0,0,0,1.0,1,1.0,1,1.0,1,0.22588392488431056,39
1594,0,2541,1283,1258,0,0,0,1.0,1,1.0,1,1.0,1,0.21536353845430273,39
1595,1,2542,1284,1258,0,0,0,1.0,1,1.0,1,1.0,1,0.2713553737831481,42
1596,0,2542,1284,1258,0,0,0,1.0,1,1.0,1,1.0,1,0.2797676308735821,41
1597,1,2543,1284,1259,0,0,0,1.0,1,1.0,1,1.0,1,0.2528722932829883,41
1598,1,2544,1284,1260,0,0,0,1.0,1,1.0,1,1.0,1,0.2439838142036661,39
1599,2,2546,1285,1261,0,0,0,1.0,1,1.0,1,1.0,1,0.21860136341379938,39
1600,2,2548,1286,1262,0,0,0,1.0,1,1.0,1,1.0,1,0.23308918501844683,40
1601,3,2551,1288,1263,0,0,0,1.0,1,1.0,1,1.0,1,0.27399212054273825,41
1602,1,2552,1288,1264,0,0,0,1.0,1,1.0,1,1.0,1,0.23381852509448742,41
1603,5,2557,1289,1268,0,0,0,1.0,1,1.0,1,1.0,1,0.23250239112641832,43
1604,0,2557,1289,1268,0,0,0,1.0,1,1.0,1,1.0,1,0.23250239112641832,43
1605,1,2558,1290,1268,0,0,0,1.0,1,1.0,1,1.0,1,0.2659759657861452,44
1606,3,2561,1292,1269,0,0,0,1.0,1,1.0,1,1.0,1,0.24896988679251258,44
1607,1,2562,1293,1269,0,0,0,1.0,1,1.0,1,1.0,1,0.28638289633846553,42
1608,3,2565,1295,1270,0,0,0,1.0,1,1.0,1,1.0,1,0.29122469084831454,41
1609,0,2565,1295,1270,0,0,0,1.0,1,1.0,1,1.0,1,0.26027166651052563,39
1610,3,2568,1296,1272,0,0,0,1.0,1,1.0,1,1.0,1,0.2017941089549138,39
1611,0,2568,1296,1272,0,0,0,1.0,1,1.0,1,1.0,1,0.19904964495161104,40
1612,0,2568,1296,1272,0,0,0,1.0,1,1.0,1,1.0,1,0.17864431134999062,39
1613,2,2570,1296,1274,0,0,0,1.0,1,1.0,1,1.0,1,0.16405772682350833,41
1614,0,2570,1296,1274,0,0,0,1.0,1,1.0,1,1.0,1,0.16405772682350833,41
1615,0,2570,1296,1274,0,0,0,1.0,1,1.0,1,1.0,1,0.16405772682350833,41
1616,1,2571,1296,1275,0,0,0,1.0,1,1.0,1,1.0,1,0.17242174588066478,43
1617,1,2572,1297,1275,0,0,0,1.0,1,1.0,1,1.0,1,0.2018833760782021,44
1618,1,2573,1298,1275,0,0,0,1.0,1,1.0,1,1.0,1,0.21195517044576867,44
1619,2,2575,1299,1276,0,0,0,1.0,1,1.0,1,1.0,1,0.23952300197774629,44
1620,5,2580,1301,1279,0,0,0,1.0,1,1.0,1,1.0,1,0.2516549415672611,45
1621,1,2581,1301,1280,0,0,0,1.0,1,1.0,1,1.0,1,0.2656308171287902,44
1622,2,2583,1303,1280,0,0,0,1.0,1,1.0,1,1.0,1,0.29973495467640976,44
1623,2,2585,1303,1282,0,0,0,1.0,1,1.0,1,1.0,1,0.31208158061328467,43
1624,0,2585,1303,1282,0,0,0,1.0,1,1.0,1,1.0,1,0.2918613091136677,43
1625,1,2586,1304,1282,0,0,0,1.0,1,1.0,1,1.0,1,0.31016543179609524,43
1626,4,2590,1307,1283,0,0,0,1.0,1,1.0,1,1.0,1,0.3462674863901549,42
1627,1,2591,1307,1284,0,0,0,1.0,1,1.0,1,1.0,1,0.3218831425039778,42
1628,3,2594,1308,1286,0,0,0,1.0,1,1.0,1,1.0,1,0.32386650507378506,42
1629,0,2594,1308,1286,0,0,0,1.0,1,1.0,1,1.0,1,0.3116009635347101,41
1630,3,2597,1311,1286,0,0,0,1.0,1,1.0,1,1.0,1,0.38653436432478383,41
1631,2,2599,1311,1288,0,0,0,1.0,1,1.0,1,1.0,1,0.3435237932013456,40
1632,2,2601,1311,1290,0,0,0,1.0,1,1.0,1,1.0,1,0.30109492197660187,39
1633,3,2604,1311,1293,0,0,0,1.0,1,1.0,1,1.0,1,0.24527785742415145,39
1634,1,2605,1311,1294,0,0,0,1.0,1,1.0,1,1.0,1,0.2228332651421473,39
1635,0,2605,1311,1294,0,0,0,1.0,1,1.0,1,1.0,1,0.22650725346536651,40
1636,3,2608,1312,1296,0,0,0,1.0,1,1.0,1,1.0,1,0.21385940717537177,41
1637,2,2610,1312,1298,0,0,0,1.0,1,1.0,1,1.0,1,0.19671982085418818,41
1638,2,2612,1313,1299,0,0,0,1.0,1,1.0,1,1.0,1,0.22395915527850208,42
1639,1,2613,1314,1299,0,0,0,1.0,1,1.0,1,1.0,1,0.22780604925842024,43
1640,0,2613,1314,1299,0,0,0,1.0,1,1.0,1,1.0,1,0.22780604925842024,43
1641,1,2614,1314,1300,0,0,0,1.0,1,1.0,1,1.0,1,0.20750805815976126,44
1642,1,2615,1315,1300,0,0,0,1.0,1,1.0,1,1.0,1,0.2582692144592887,45
1643,3,2618,1316,1302,0,0,0,1.0,1,1.0,1,1.0,1,0.22755927509979795,44
1644,2,2620,1318,1302,0,0,0,1.0,1,1.0,1,1.0,1,0.2528351974103482,45
1645,3,2623,1319,1304,0,0,0,1.0,1,1.0,1,1.0,1,0.2208077744533032,44
1646,1,2624,1320,1304,0,0,0,1.0,1,1.0,1,1.0,1,0.21043189266229934,43
1647,4,2628,1322,1306,0,0,0,1.0,1,1.0,1,1.0,1,0.19659272194351649,43
1648,0,2628,1322,1306,0,0,0,1.0,1,1.0,1,1.0,1,0.23197998127196384,42
1649,1,2629,1322,1307,0,0,0,1.0,1,1.0,1,1.0,1,0.22472610606191143,41
1650,0,2629,1322,1307,0,0,0,1.0,1,1.0,1,1.0,1,0.22472610606191143,41
1651,1,2630,1323,1307,0,0,0,1.0,1,1.0,1,1.0,1,0.26336633397431436,40
1652,0,2630,1323,1307,0,0,0,1.0,1,1.0,1,1.0,1,0.2776872702468304,39
1653,0,2630,1323,1307,0,0,0,1.0,1,1.0,1,1.0,1,0.3135489678401439,39
1654,0,2630,1323,1307,0,0,0,1.0,1,1.0,1,1.0,1,0.3135489678401439,39
1655,5,2635,1325,1310,0,0,0,1.0,1,1.0,1,1.0,1,0.27975845948738154,40
1656,1,2636,1325,1311,0,0,0,1.0,1,1.0,1,1.0,1,0.2695091495089738,40
1657,1,2637,1325,1312,0,0,0,1.0,1,1.0,1,1.0,1,0.24494861769403378,40
1658,3,2640,1326,1314,0,0,0,1.0,1,1.0,1,1.0,1,0.13852073672358667,40
1659,2,2642,1328,1314,0,0,0,1.0,1,1.0,1,1.0,1,0.16798723221831344,40
1660,1,2643,1329,1314,0,0,0,1.0,1,1.0,1,1.0,1,0.16805736534564106,41
1661,2,2645,1331,1314,0,0,0,1.0,1,1.0,1,1.0,1,0.2061752260680712,42
1662,3,2648,1332,1316,0,0,0,1.0,1,1.0,1,1.0,1,0.17876891198965655,44
1663,5,2653,1334,1319,0,0,0,1.0,1,1.0,1,1.0,1,0.18473051575577185,43
1664,5,2658,1336,1322,0,0,0,1.0,1,1.0,1,1.0,1,0.173265927370732,42
1665,3,2661,1337,1324,0,0,0,1.0,1,1.0,1,1.0,1,0.15171302079496746,42
1666,3,2664,1340,1324,0,0,0,1.0,1,1.0,1,1.0,1,0.20782673191622544,43
1667,4,2668,1343,1325,0,0,0,1.0,1,1.0,1,1.0,1,0.21932981547347793,40
1668,0,2668,1343,1325,0,0,0,1.0,1,1.0,1,1.0,1,0.20072994087632404,40
1669,2,2670,1345,1325,0,0,0,1.0,1,1.0,1,1.0,1,0.1572043720263521,40
1670,0,2670,1345,1325,0,0,0,1.0,1,1.0,1,1.0,1,0.15610651270679776,39
1671,0,2670,1345,1325,0,0,0,1.0,1,1.0,1,1.0,1,0.1808354644523518,39
1672,2,2672,1347,1325,0,0,0,1.0,1,1.0,1,1.0,1,0.19604803301686308,38
1673,3,2675,1350,1325,0,0,0,1.0,1,1.0,1,1.0,1,0.20192869738872782,38
1674,1,2676,1351,1325,0,0,0,1.0,1,1.0,1,1.0,1,0.19127182765303524,38
1675,1,2677,1352,1325,0,0,0,1.0,1,1.0,1,1.0,1,0.2071087211621721,39
1676,0,2677,1352,1325,0,0,0,1.0,1,1.0,1,1.0,1,0.21120870497609032,39
1677,3,2680,1353,1327,0,0,0,1.0,1,1.0,1,1.0,1,0.20804026958195604,40
1678,1,2681,1353,1328,0,0,0,1.0,1,1.0,1,1.0,1,0.1754494378413088,39
1679,0,2681,1353,1328,0,0,0,1.0,1,1.0,1,1.0,1,0.1754494378413088,39
1680,0,2681,1353,1328,0,0,0,1.0,1,1.0,1,1.0,1,0.18834021045954472,40
1681,0,2681,1353,1328,0,0,0,1.0,1,1.0,1,1.0,1,0.18907890946149628,41
1682,0,2681,1353,1328,0,0,0,1.0,1,1.0,1,1.0,1,0.2060718555329584,40
1683,3,2684,1356,1328,0,0,0,1.0,1,1.0,1,1.0,1,0.24099118476560355,43
1684,6,2690,1358,1332,0,0,0,1.0,1,1.0,1,1.0,1,0.20950205145357498,42
1685,3,2693,1360,1333,0,0,0,1.0,1,1.0,1,1.0,1,0.21457070134596637,41
1686,0,2693,1360,1333,0,0,0,1.0,1,1.0,1,1.0,1,0.20532982785269382,39
1687,4,2697,1362,1335,0,0,0,1.0,1,1.0,1,1.0,1,0.22021776184042216,41
1688,1,2698,1363,1335,0,0,0,1.0,1,1.0,1,1.0,1,0.24794725006266682,39
1689,4,2702,1365,1337,0,0,0,1.0,1,1.0,1,1.0,1,0.206310520123618,37
1690,1,2703,1366,1337,0,0,0,1.0,1,1.0,1,1.0,1,0.2753688766392842,36
1691,2,2705,1368,1337,0,0,0,1.0,1,1.0,1,1.0,1,0.3034811905876336,36
1692,0,2705,1368,1337,0,0,0,1.0,1,1.0,1,1.0,1,0.26842430366979425,34
1693,2,2707,1369,1338,0,0,0,1.0,1,1.0,1,1.0,1,0.27946382454848423,33
1694,0,2707,1369,1338,0,0,0,1.0,1,1.0,1,1.0,1,0.2846885496410659,32
1695,0,2707,1369,1338,0,0,0,1.0,1,1.0,1,1.0,1,0.2723112560778527,32
1696,1,2708,1370,1338,0,0,0,1.0,1,1.0,1,1.0,1,0.28750705822097994,34
1697,1,2709,1371,1338,0,0,0,1.0,1,1.0,1,1.0,1,0.31232268520041434,34
1698,2,2711,1373,1338,0,0,0,1.0,1,1.0,1,1.0,1,0.3153927634956055,36
1699,3,2714,1375,1339,0,0,0,1.0,1,1.0,1,1.0,1,0.3149149243841244,36
1700,1,2715,1375,1340,0,0,0,1.0,1,1.0,1,1.0,1,0.32011081249981127,37
1701,2,2717,1376,1341,0,0,0,1.0,1,1.0,1,1.0,1,0.304462944049323,39
1702,5,2722,1379,1343,0,0,0,1.0,1,1.0,1,1.0,1,0.30602777906826084,39
1703,2,2724,1380,1344,0,0,0,1.0,1,1.0,1,1.0,1,0.29468200186711907,38
1704,3,2727,1383,1344,0,0,0,1.0,1,1.0,1,1.0,1,0.3069674976750696,38
1705,2,2729,1383,1346,0,0,0,1.0,1,1.0,1,1.0,1,0.26133946776771927,37
1706,0,2729,1383,1346,0,0,0,1.0,1,1.0,1,1.0,1,0.26133946776771927,37
1707,2,2731,1385,1346,0,0,0,1.0,1,1.0,1,1.0,1,0.28944667750682906,36
1708,1,2732,1386,1346,0,0,0,1.0,1,1.0,1,1.0,1,0.25896885636323536,34
1709,1,2733,1387,1346,0,0,0,1.0,1,1.0,1,1.0,1,0.2800613461229711,34
1710,2,2735,1388,1347,0,0,0,1.0,1,1.0,1,1.0,1,0.3240657971424399,33
1711,1,2736,1389,1347,0,0,0,1.0,1,1.0,1,1.0,1,0.3441131994388019,32
1712,1,2737,1390,1347,0,0,0,1.0,1,1.0,1,1.0,1,0.3891030246341028,31
1713,1,2738,1390,1348,0,0,0,1.0,1,1.0,1,1.0,1,0.3783300521552326,32
1714,0,2738,1390,1348,0,0,0,1.0,1,1.0,1,1.0,1,0.3783300521552326,32
1715,1,2739,1390,1349,0,0,0,1.0,1,1.0,1,1.0,1,0.3621268216471334,32
1716,2,2741,1390,1351,0,0,0,1.0,1,1.0,1,1.0,1,0.31430741048907435,34
1717,0,2741,1390,1351,0,0,0,1.0,1,1.0,1,1.0,1,0.31430741048907435,34
1718,0,2741,1390,1351,0,0,0,1.0,1,1.0,1,1.0,1,0.32818822466671255,34
1719,1,2742,1391,1351,0,0,0,1.0,1,1.0,1,1.0,1,0.35217590639150087,34
1720,0,2742,1391,1351,0,0,0,1.0,1,1.0,1,1.0,1,0.33663594464109564,34
1721,0,2742,1391,1351,0,0,0,1.0,1,1.0,1,1.0,1,0.31247146808294907,35
1722,0,2742,1391,1351,0,0,0,1.0,1,1.0,1,1.0,1,0.3291954002389444,35
1723,2,2744,1392,1352,0,0,0,1.0,1,1.0,1,1.0,1,0.3491524297689125,34
1724,3,2747,1393,1354,0,0,0,1.0,1,1.0,1,1.0,1,0.2785097846905097,33
1725,1,2748,1394,1354,0,0,0,1.0,1,1.0,1,1.0,1,0.34997585869821846,35
1726,0,2748,1394,1354,0,0,0,1.0,1,1.0,1,1.0,1,0.3048053014360914,34
1727,1,2749,1394,1355,0,0,0,1.0,1,1.0,1,1.0,1,0.28636686670593525,34
1728,1,2750,1394,1356,0,0,0,1.0,1,1.0,1,1.0,1,0.26852439196540673,35
1729,0,2750,1394,1356,0,0,0,1.0,1,1.0,1,1.0,1,0.2740244688630002,35
1730,2,2752,1395,1357,0,0,0,1.0,1,1.0,1,1.0,1,0.24904963054449444,35
1731,1,2753,1396,1357,0,0,0,1.0,1,1.0,1,1.0,1,0.3058049281906693,35
1732,1,2754,1396,1358,0,0,0,1.0,1,1.0,1,1.0,1,0.29562424001040477,35
1733,3,2757,1396,1361,0,0,0,1.0,1,1.0,1,1.0,1,0.2784400147113638,33
1734,0,2757,1396,1361,0,0,0,1.0,1,1.0,1,1.0,1,0.29418500241303414,34
1735,5,2762,1397,1365,0,0,0,1.0,1,1.0,1,1.0,1,0.23926716726793343,33
1736,2,2764,1399,1365,0,0,0,1.0,1,1.0,1,1.0,1,0.23988227050879413,33
1737,3,2767,1400,1367,0,0,0,1.0,1,1.0,1,1.0,1,0.22731006674359458,35
1738,1,2768,1401,1367,0,0,0,1.0,1,1.0,1,1.0,1,0.2210391472014273,36
1739,4,2772,1403,1369,0,0,0,1.0,1,1.0,1,1.0,1,0.20411754688481384,36
1740,4,2776,1404,1372,0,0,0,1.0,1,1.0,1,1.0,1,0.19599977918792333,37
1741,1,2777,1404,1373,0,0,0,1.0,1,1.0,1,1.0,1,0.14012806512475653,36
1742,1,2778,1405,1373,0,0,0,1.0,1,1.0,1,1.0,1,0.1413223525806154,36
1743,2,2780,1406,1374,0,0,0,1.0,1,1.0,1,1.0,1,0.16591975503008558,37
1744,0,2780,1406,1374,0,0,0,1.0,1,1.0,1,1.0,1,0.1649159327748555,37
1745,5,2785,1410,1375,0,0,0,1.0,1,1.0,1,1.0,1,0.27089205568938857,38
1746,1,2786,1410,1376,0,0,0,1.0,1,1.0,1,1.0,1,0.24960939746189448,38
1747,0,2786,1410,1376,0,0,0,1.0,1,1.0,1,1.0,1,0.24003851940339674,37
1748,1,2787,1410,1377,0,0,0,1.0,1,1.0,1,1.0,1,0.2222868339399528,38
1749,1,2788,1410,1378,0,0,0,1.0,1,1.0,1,1.0,1,0.19150786114410412,38
1750,0,2788,1410,1378,0,0,0,1.0,1,1.0,1,1.0,1,0.20976645226396332,39
1751,3,2791,1410,1381,0,0,0,1.0,1,1.0,1,1.0,1,0.17381422230221352,41
1752,2,2793,1411,1382,0,0,0,1.0,1,1.0,1,1.0,1,0.16527123204047403,41
1753,3,2796,1412,1384,0,0,0,1.0,1,1.0,1,1.0,1,0.14843573218597633,41
1754,1,2797,1413,1384,0,0,0,1.0,1,1.0,1,1.0,1,0.1382130722753771,40
1755,1,2798,1414,1384,0,0,0,1.0,1,1.0,1,1.0,1,0.16992720201379022,41
1756,0,2798,1414,1384,0,0,0,1.0,1,1.0,1,1.0,1,0.19188566376048258,41
1757,0,2798,1414,1384,0,0,0,1.0,1,1.0,1,1.0,1,0.1992818277895225,40
1758,2,2800,1416,1384,0,0,0,1.0,1,1.0,1,1.0,1,0.26981406916852013,41
1759,2,2802,1417,1385,0,0,0,1.0,1,1.0,1,1.0,1,0.2910873642473504,38
1760,2,2804,1418,1386,0,0,0,1.0,1,1.0,1,1.0,1,0.3173355548644733,38
1761,2,2806,1419,1387,0,0,0,1.0,1,1.0,1,1.0,1,0.3058979616841822,37
1762,2,2808,1420,1388,0,0,0,1.0,1,1.0,1,1.0,1,0.27056468313918264,37
1763,3,2811,1422,1389,0,0,0,1.0,1,1.0,1,1.0,1,0.30441835836037495,37
1764,1,2812,1422,1390,0,0,0,1.0,1,1.0,1,1.0,1,0.26601796278294326,36
1765,2,2814,1424,1390,0,0,0,1.0,1,1.0,1,1.0,1,0.2847842331253981,36
1766,2,2816,1425,1391,0,0,0,1.0,1,1.0,1,1.0,1,0.2647650015212395,37
1767,4,2820,1427,1393,0,0,0,1.0,1,1.0,1,1.0,1,0.23643280729227023,37
1768,1,2821,1428,1393,0,0,0,1.0,1,1.0,1,1.0,1,0.26647059000014983,37
1769,1,2822,1428,1394,0,0,0,1.0,1,1.0,1,1.0,1,0.23140003275612012,38
1770,1,2823,1429,1394,0,0,0,1.0,1,1.0,1,1.0,1,0.258504405320533,39
1771,0,2823,1429,1394,0,0,0,1.0,1,1.0,1,1.0,1,0.258504405320533,39
1772,0,2823,1429,1394,0,0,0,1.0,1,1.0,1,1.0,1,0.258504405320533,39
1773,0,2823,1429,1394,0,0,0,1.0,1,1.0,1,1.0,1,0.24382576095604716,41
1774,0,2823,1429,1394,0,0,0,1.0,1,1.0,1,1.0,1,0.24382576095604716,41
1775,2,2825,1429,1396,0,0,0,1.0,1,1.0,1,1.0,1,0.21338736579420306,42
1776,2,2827,1430,1397,0,0,0,1.0,1,1.0,1,1.0,1,0.18422183993137753,43
1777,0,2827,1430,1397,0,0,0,1.0,1,1.0,1,1.0,1,0.18422183993137753,43
1778,2,2829,1431,1398,0,0,0,1.0,1,1.0,1,1.0,1,0.17575219386981256,44
1779,1,2830,1431,1399,0,0,0,1.0,1,1.0,1,1.0,1,0.17827216324859482,46
1780,1,2831,1432,1399,0,0,0,1.0,1,1.0,1,1.0,1,0.18122630191051858,46
1781,0,2831,1432,1399,0,0,0,1.0,1,1.0,1,1.0,1,0.18122630191051858,46
1782,2,2833,1433,1400,0,0,0,1.0,1,1.0,1,1.0,1,0.22227427850345471,46
1783,2,2835,1435,1400,0,0,0,1.0,1,1.0,1,1.0,1,0.23066488794867815,44
1784,0,2835,1435,1400,0,0,0,1.0,1,1.0,1,1.0,1,0.22051403560074448,45
1785,2,2837,1437,1400,0,0,0,1.0,1,1.0,1,1.0,1,0.2697491705271659,42
1786,5,2842,1441,1401,0,0,0,1.0,1,1.0,1,1.0,1,0.32810605907526036,43
1787,3,2845,1442,1403,0,0,0,1.0,1,1.0,1,1.0,1,0.26210936770833215,41
1788,3,2848,1442,1406,0,0,0,1.0,1,1.0,1,1.0,1,0.2234448995720046,41
1789,2,2850,1443,1407,0,0,0,1.0,1,1.0,1,1.0,1,0.2341323168319263,41
1790,1,2851,1443,1408,0,0,0,1.0,1,1.0,1,1.0,1,0.22047008605036544,41
1791,3,2854,1446,1408,0,0,0,1.0,1,1.0,1,1.0,1,0.20290759999424166,40
1792,3,2857,1449,1408,0,0,0,1.0,1,1.0,1,1.0,1,0.19623058860303907,40
1793,1,2858,1449,1409,0,0,0,1.0,1,1.0,1,1.0,1,0.1899943521702152,41
1794,2,2860,1451,1409,0,0,0,1.0,1,1.0,1,1.0,1,0.21780028096798346,41
1795,3,2863,1454,1409,0,0,0,1.0,1,1.0,1,1.0,1,0.22312194245803177,40
1796,2,2865,1455,1410,0,0,0,1.0,1,1.0,1,1.0,1,0.21113269469517562,40
1797,3,2868,1457,1411,0,0,0,1.0,1,1.0,1,1.0,1,0.22898037995795256,37
1798,1,2869,1458,1411,0,0,0,1.0,1,1.0,1,1.0,1,0.2481716285411622,37
1799,2,2871,1458,1413,0,0,0,1.0,1,1.0,1,1.0,1,0.2716300354435373,36
1800,0,2871,1458,1413,0,0,0,1.0,1,1.0,1,1.0,1,0.2716300354435373,36
1801,0,2871,1458,1413,0,0,0,1.0,1,1.0,1,1.0,1,0.23601136936933012,34
1802,0,2871,1458,1413,0,0,0,1.0,1,1.0,1,1.0,1,0.24486656307504395,33
1803,0,2871,1458,1413,0,0,0,1.0,1,1.0,1,1.0,1,0.24486656307504395,33
1804,2,2873,1460,1413,0,0,0,1.0,1,1.0,1,1.0,1,0.3048514274685526,33
1805,1,2874,1460,1414,0,0,0,1.0,1,1.0,1,1.0,1,0.28242650344159814,35
1806,4,2878,1462,1416,0,0,0,1.0,1,1.0,1,1.0,1,0.2611275652471445,35
1807,1,2879,1462,1417,0,0,0,1.0,1,1.0,1,1.0,1,0.26101846763404507,35
1808,2,2881,1463,1418,0,0,0,1.0,1,1.0,1,1.0,1,0.23448991610644493,36
1809,2,2883,1463,1420,0,0,0,1.0,1,1.0,1,1.0,1,0.22082426169743594,36
1810,0,2883,1463,1420,0,0,0,1.0,1,1.0,1,1.0,1,0.24360777683148543,35
1811,1,2884,1463,1421,0,0,0,1.0,1,1.0,1,1.0,1,0.2530341161026013,36
1812,1,2885,1464,1421,0,0,0,1.0,1,1.0,1,1.0,1,0.28229209155331286,36
1813,1,2886,1464,1422,0,0,0,1.0,1,1.0,1,1.0,1,0.265780931351918,36
1814,0,2886,1464,1422,0,0,0,1.0,1,1.0,1,1.0,1,0.2602566806873033,34
1815,2,2888,1465,1423,0,0,0,1.0,1,1.0,1,1.0,1,0.27002725112047704,35
1816,1,2889,1466,1423,0,0,0,1.0,1,1.0,1,1.0,1,0.324090858372593,34
1817,4,2893,1469,1424,0,0,0,1.0,1,1.0,1,1.0,1,0.25872293709967836,34
1818,1,2894,1469,1425,0,0,0,1.0,1,1.0,1,1.0,1,0.22663688979135094,34
1819,5,2899,1471,1428,0,0,0,1.0,1,1.0,1,1.0,1,0.20988006106124196,35
1820,1,2900,1472,1428,0,0,0,1.0,1,1.0,1,1.0,1,0.12734421109227415,36
1821,1,2901,1473,1428,0,0,0,1.0,1,1.0,1,1.0,1,0.1090705054851513,36
1822,1,2902,1474,1428,0,0,0,1.0,1,1.0,1,1.0,1,0.14698682651674602,37
1823,3,2905,1477,1428,0,0,0,1.0,1,1.0,1,1.0,1,0.25746613776814026,38
1824,3,2908,1480,1428,0,0,0,1.0,1,1.0,1,1.0,1,0.30014700768023167,37
1825,4,2912,1482,1430,0,0,0,1.0,1,1.0,1,1.0,1,0.2341732740781524,36
1826,0,2912,1482,1430,0,0,0,1.0,1,1.0,1,1.0,1,0.2163651350216691,35
1827,3,2915,1484,1431,0,0,0,1.0,1,1.0,1,1.0,1,0.2430762858332222,35
1828,0,2915,1484,1431,0,0,0,1.0,1,1.0,1,1.0,1,0.23494522294862147,33
1829,1,2916,1484,1432,0,0,0,1.0,1,1.0,1,1.0,1,0.22639623607368578,32
1830,2,2918,1486,1432,0,0,0,1.0,1,1.0,1,1.0,1,0.32343281882585123,32
1831,1,2919,1486,1433,0,0,0,1.0,1,1.0,1,1.0,1,0.29009442070711794,30
1832,2,2921,1486,1435,0,0,0,1.0,1,1.0,1,1.0,1,0.22127093527130523,30
1833,0,2921,1486,1435,0,0,0,1.0,1,1.0,1,1.0,1,0.2266410038501371,29
1834,2,2923,1487,1436,0,0,0,1.0,1,1.0,1,1.0,1,0.21692102042030734,28
1835,2,2925,1489,1436,0,0,0,1.0,1,1.0,1,1.0,1,0.29094782502548167,28
1836,3,2928,1490,1438,0,0,0,1.0,1,1.0,1,1.0,1,0.2397091091336615,29
1837,3,2931,1490,1441,0,0,0,1.0,1,1.0,1,1.0,1,0.21376066284804532,28
1838,1,2932,1491,1441,0,0,0,1.0,1,1.0,1,1.0,1,0.25298647809023256,28
1839,0,2932,1491,1441,0,0,0,1.0,1,1.0,1,1.0,1,0.271074158262426,27
1840,0,2932,1491,1441,0,0,0,1.0,1,1.0,1,1.0,1,0.3191192567316854,26
1841,0,2932,1491,1441,0,0,0,1.0,1,1.0,1,1.0,1,0.30865376504462616,25
1842,3,2935,1492,1443,0,0,0,1.0,1,1.0,1,1.0,1,0.2451387056348148,26
1843,0,2935,1492,1443,0,0,0,1.0,1,1.0,1,1.0,1,0.2451387056348148,26
1844,1,2936,1493,1443,0,0,0,1.0,1,1.0,1,1.0,1,0.22431712145972577,26
1845,0,2936,1493,1443,0,0,0,1.0,1,1.0,1,1.0,1,0.22431712145972577,26
1846,2,2938,1495,1443,0,0,0,1.0,1,1.0,1,1.0,1,0.3089902049412746,26
1847,1,2939,1495,1444,0,0,0,1.0,1,1.0,1,1.0,1,0.2526218491891561,26
1848,1,2940,1496,1444,0,0,0,1.0,1,1.0,1,1.0,1,0.25465638618610537,27
1849,0,2940,1496,1444,0,0,0,1.0,1,1.0,1,1.0,1,0.25465638618610537,27
1850,0,2940,1496,1444,0,0,0,1.0,1,1.0,1,1.0,1,0.275960277099356,28
1851,0,2940,1496,1444,0,0,0,1.0,1,1.0,1,1.0,1,0.275960277099356,28
1852,0,2940,1496,1444,0,0,0,1.0,1,1.0,1,1.0,1,0.275960277099356,28
1853,0,2940,1496,1444,0,0,0,1.0,1,1.0,1,1.0,1,0.27559852117557554,27
1854,0,2940,1496,1444,0,0,0,1.0,1,1.0,1,1.0,1,0.2935565807131833,28
1855,0,2940,1496,1444,0,0,0,1.0,1,1.0,1,1.0,1,0.2935565807131833,28
1856,1,2941,1496,1445,0,0,0,1.0,1,1.0,1,1.0,1,0.2729416290509561,30
1857,2,2943,1498,1445,0,0,0,1.0,1,1.0,1,1.0,1,0.3302480009787145,31
1858,3,2946,1501,1445,0,0,0,1.0,1,1.0,1,1.0,1,0.3360531847685405,31
1859,0,2946,1501,1445,0,0,0,1.0,1,1.0,1,1.0,1,0.3360531847685405,31
1860,0,2946,1501,1445,0,0,0,1.0,1,1.0,1,1.0,1,0.3360531847685405,31
1861,0,2946,1501,1445,0,0,0,1.0,1,1.0,1,1.0,1,0.3360531847685405,31
1862,4,2950,1503,1447,0,0,0,1.0,1,1.0,1,1.0,1,0.3399323117394175,31
1863,2,2952,1504,1448,0,0,0,1.0,1,1.0,1,1.0,1,0.33501920837760074,31
1864,3,2955,1507,1448,0,0,0,1.0,1,1.0,1,1.0,1,0.4011789642249245,30
1865,2,2957,1508,1449,0,0,0,1.0,1,1.0,1,1.0,1,0.37223987149596516,27
1866,1,2958,1509,1449,0,0,0,1.0,1,1.0,1,1.0,1,0.422160156484127,28
1867,2,2960,1510,1450,0,0,0,1.0,1,1.0,1,1.0,1,0.40642102885514364,26
1868,0,2960,1510,1450,0,0,0,1.0,1,1.0,1,1.0,1,0.40642102885514364,26
1869,1,2961,1510,1451,0,0,0,1.0,1,1.0,1,1.0,1,0.39458534774790255,25
1870,1,2962,1511,1451,0,0,0,1.0,1,1.0,1,1.0,1,0.41231902895215705,25
1871,2,2964,1511,1453,0,0,0,1.0,1,1.0,1,1.0,1,0.37006073565198133,26
1872,0,2964,1511,1453,0,0,0,1.0,1,1.0,1,1.0,1,0.36418265321116966,25
1873,0,2964,1511,1453,0,0,0,1.0,1,1.0,1,1.0,1,0.37545766824131405,23
1874,0,2964,1511,1453,0,0,0,1.0,1,1.0,1,1.0,1,0.35419438104624384,23
1875,0,2964,1511,1453,0,0,0,1.0,1,1.0,1,1.0,1,0.4178029589406619,21
1876,5,2969,1512,1457,0,0,0,1.0,1,1.0,1,1.0,1,0.3002750461380584,24
1877,1,2970,1513,1457,0,0,0,1.0,1,1.0,1,1.0,1,0.3330596520705845,24
1878,1,2971,1514,1457,0,0,0,1.0,1,1.0,1,1.0,1,0.30746538622407416,26
1879,1,2972,1514,1458,0,0,0,1.0,1,1.0,1,1.0,1,0.24895516699674572,26
1880,0,2972,1514,1458,0,0,0,1.0,1,1.0,1,1.0,1,0.24895516699674572,26
1881,0,2972,1514,1458,0,0,0,1.0,1,1.0,1,1.0,1,0.24895516699674572,26
1882,0,2972,1514,1458,0,0,0,1.0,1,1.0,1,1.0,1,0.2546056422588061,25
1883,0,2972,1514,1458,0,0,0,1.0,1,1.0,1,1.0,1,0.2546056422588061,25
1884,0,2972,1514,1458,0,0,0,1.0,1,1.0,1,1.0,1,0.2546056422588061,25
1885,0,2972,1514,1458,0,0,0,1.0,1,1.0,1,1.0,1,0.2546056422588061,25
1886,0,2972,1514,1458,0,0,0,1.0,1,1.0,1,1.0,1,0.24826335877480432,26
1887,0,2972,1514,1458,0,0,0,1.0,1,1.0,1,1.0,1,0.24826335877480432,26
1888,1,2973,1515,1458,0,0,0,1.0,1,1.0,1,1.0,1,0.3023182905174827,27
1889,0,2973,1515,1458,0,0,0,1.0,1,1.0,1,1.0,1,0.3202931906177896,28
1890,0,2973,1515,1458,0,0,0,1.0,1,1.0,1,1.0,1,0.3202931906177896,28
1891,1,2974,1515,1459,0,0,0,1.0,1,1.0,1,1.0,1,0.33432247522382785,29
1892,0,2974,1515,1459,0,0,0,1.0,1,1.0,1,1.0,1,0.33432247522382785,29
1893,0,2974,1515,1459,0,0,0,1.0,1,1.0,1,1.0,1,0.33432247522382785,29
1894,0,2974,1515,1459,0,0,0,1.0,1,1.0,1,1.0,1,0.33432247522382785,29
1895,2,2976,1516,1460,0,0,0,1.0,1,1.0,1,1.0,1,0.32176850998901585,31
1896,0,2976,1516,1460,0,0,0,1.0,1,1.0,1,1.0,1,0.32176850998901585,31
1897,0,2976,1516,1460,0,0,0,1.0,1,1.0,1,1.0,1,0.32176850998901585,31
1898,0,2976,1516,1460,0,0,0,1.0,1,1.0,1,1.0,1,0.32176850998901585,31
1899,0,2976,1516,1460,0,0,0,1.0,1,1.0,1,1.0,1,0.3334936587288054,32
1900,0,2976,1516,1460,0,0,0,1.0,1,1.0,1,1.0,1,0.3334936587288054,32
1901,0,2976,1516,1460,0,0,0,1.0,1,1.0,1,1.0,1,0.3334936587288054,32
1902,1,2977,1517,1460,0,0,0,1.0,1,1.0,1,1.0,1,0.3559275845282278,32
1903,0,2977,1517,1460,0,0,0,1.0,1,1.0,1,1.0,1,0.3559275845282278,32
1904,0,2977,1517,1460,0,0,0,1.0,1,1.0,1,1.0,1,0.329871309669976,34
1905,0,2977,1517,1460,0,0,0,1.0,1,1.0,1,1.0,1,0.329871309669976,34
1906,1,2978,1517,1461,0,0,0,1.0,1,1.0,1,1.0,1,0.327005815990892,35
1907,2,2980,1518,1462,0,0,0,1.0,1,1.0,1,1.0,1,0.2979982429536607,36
1908,0,2980,1518,1462,0,0,0,1.0,1,1.0,1,1.0,1,0.2979982429536607,36
1909,1,2981,1518,1463,0,0,0,1.0,1,1.0,1,1.0,1,0.3073957765820723,37
1910,1,2982,1519,1463,0,0,0,1.0,1,1.0,1,1.0,1,0.3313427869419603,38
1911,1,2983,1519,1464,0,0,0,1.0,1,1.0,1,1.0,1,0.29823380731564686,37
1912,1,2984,1520,1464,0,0,0,1.0,1,1.0,1,1.0,1,0.29027551659276035,37
1913,2,2986,1521,1465,0,0,0,1.0,1,1.0,1,1.0,1,0.23264888050548269,36
1914,1,2987,1522,1465,0,0,0,1.0,1,1.0,1,1.0,1,0.2544819021934463,37
1915,1,2988,1523,1465,0,0,0,1.0,1,1.0,1,1.0,1,0.2887648854310454,37
1916,2,2990,1524,1466,0,0,0,1.0,1,1.0,1,1.0,1,0.24971312333686005,39
1917,4,2994,1526,1468,0,0,0,1.0,1,1.0,1,1.0,1,0.21274379522095377,38
1918,0,2994,1526,1468,0,0,0,1.0,1,1.0,1,1.0,1,0.21230573518443893,38
1919,1,2995,1527,1468,0,0,0,1.0,1,1.0,1,1.0,1,0.2577025996427118,38
1920,1,2996,1528,1468,0,0,0,1.0,1,1.0,1,1.0,1,0.25741812379331996,39
1921,1,2997,1528,1469,0,0,0,1.0,1,1.0,1,1.0,1,0.22194224876070182,38
1922,3,3000,1530,1470,0,0,0,1.0,1,1.0,1,1.0,1,0.20149640563205132,39
1923,4,3004,1533,1471,0,0,0,1.0,1,1.0,1,1.0,1,0.2738766171785264,40
1924,2,3006,1533,1473,0,0,0,1.0,1,1.0,1,1.0,1,0.22957934806775138,40
1925,2,3008,1533,1475,0,0,0,1.0,1,1.0,1,1.0,1,0.20743921768774548,40
1926,0,3008,1533,1475,0,0,0,1.0,1,1.0,1,1.0,1,0.20743921768774548,40
1927,1,3009,1533,1476,0,0,0,1.0,1,1.0,1,1.0,1,0.17943962518439882,41
1928,0,3009,1533,1476,0,0,0,1.0,1,1.0,1,1.0,1,0.17943962518439882,41
1929,0,3009,1533,1476,0,0,0,1.0,1,1.0,1,1.0,1,0.174568404586898,40
1930,1,3010,1534,1476,0,0,0,1.0,1,1.0,1,1.0,1,0.192814454566121,40
1931,1,3011,1535,1476,0,0,0,1.0,1,1.0,1,1.0,1,0.22464320979035327,40
1932,1,3012,1535,1477,0,0,0,1.0,1,1.0,1,1.0,1,0.20654499148231964,40
1933,2,3014,1536,1478,0,0,0,1.0,1,1.0,1,1.0,1,0.20103886532186913,42
1934,2,3016,1536,1480,0,0,0,1.0,1,1.0,1,1.0,1,0.16288904581615724,44
1935,1,3017,1536,1481,0,0,0,1.0,1,1.0,1,1.0,1,0.144610148595225,44
1936,1,3018,1536,1482,0,0,0,1.0,1,1.0,1,1.0,1,0.1417785971516216,46
1937,0,3018,1536,1482,0,0,0,1.0,1,1.0,1,1.0,1,0.14873875552314472,47
1938,1,3019,1537,1482,0,0,0,1.0,1,1.0,1,1.0,1,0.14503995777858314,47
1939,0,3019,1537,1482,0,0,0,1.0,1,1.0,1,1.0,1,0.14503995777858314,47
1940,1,3020,1538,1482,0,0,0,1.0,1,1.0,1,1.0,1,0.17584814742136656,47
1941,3,3023,1539,1484,0,0,0,1.0,1,1.0,1,1.0,1,0.15250906454285246,47
1942,2,3025,1540,1485,0,0,0,1.0,1,1.0,1,1.0,1,0.19023370994119987,49
1943,1,3026,1541,1485,0,0,0,1.0,1,1.0,1,1.0,1,0.2015597800185348,47
1944,6,3032,1545,1487,0,0,0,1.0,1,1.0,1,1.0,1,0.24985578274191106,47
1945,5,3037,1548,1489,0,0,0,1.0,1,1.0,1,1.0,1,0.21062251576080285,45
1946,3,3040,1548,1492,0,0,0,1.0,1,1.0,1,1.0,1,0.20343766429502846,45
1947,4,3044,1549,1495,0,0,0,1.0,1,1.0,1,1.0,1,0.1950089037679065,45
1948,4,3048,1550,1498,0,0,0,1.0,1,1.0,1,1.0,1,0.2223689964932977,45
1949,4,3052,1553,1499,0,0,0,1.0,1,1.0,1,1.0,1,0.2977314471157965,42
1950,4,3056,1556,1500,0,0,0,1.0,1,1.0,1,1.0,1,0.28068795531700624,42
1951,2,3058,1557,1501,0,0,0,1.0,1,1.0,1,1.0,1,0.30616456949930504,38
1952,4,3062,1560,1502,0,0,0,1.0,1,1.0,1,1.0,1,0.27547487819450667,36
1953,2,3064,1561,1503,0,0,0,1.0,1,1.0,1,1.0,1,0.2420889162036683,35
1954,0,3064,1561,1503,0,0,0,1.0,1,1.0,1,1.0,1,0.25050525665774115,32
1955,1,3065,1562,1503,0,0,0,1.0,1,1.0,1,1.0,1,0.24619784367639846,33
1956,2,3067,1564,1503,0,0,0,1.0,1,1.0,1,1.0,1,0.29774517782957344,31
1957,1,3068,1565,1503,0,0,0,1.0,1,1.0,1,1.0,1,0.29451620656862326,33
1958,2,3070,1565,1505,0,0,0,1.0,1,1.0,1,1.0,1,0.2666370407696439,34
1959,2,3072,1565,1507,0,0,0,1.0,1,1.0,1,1.0,1,0.21605538492779205,35
1960,1,3073,1566,1507,0,0,0,1.0,1,1.0,1,1.0,1,0.2455338126410913,36
1961,1,3074,1567,1507,0,0,0,1.0,1,1.0,1,1.0,1,0.24542813722367787,36
1962,0,3074,1567,1507,0,0,0,1.0,1,1.0,1,1.0,1,0.286896349982184,35
1963,1,3075,1567,1508,0,0,0,1.0,1,1.0,1,1.0,1,0.2923369118172783,36
1964,1,3076,1568,1508,0,0,0,1.0,1,1.0,1,1.0,1,0.29404163197979666,35
1965,2,3078,1568,1510,0,0,0,1.0,1,1.0,1,1.0,1,0.2445444079005379,36
1966,2,3080,1570,1510,0,0,0,1.0,1,1.0,1,1.0,1,0.26778109697840785,36
1967,0,3080,1570,1510,0,0,0,1.0,1,1.0,1,1.0,1,0.26778109697840785,36
1968,0,3080,1570,1510,0,0,0,1.0,1,1.0,1,1.0,1,0.2828491457314696,37
1969,1,3081,1571,1510,0,0,0,1.0,1,1.0,1,1.0,1,0.2982598993065687,37
1970,2,3083,1571,1512,0,0,0,1.0,1,1.0,1,1.0,1,0.2715920206774062,38
1971,2,3085,1571,1514,0,0,0,1.0,1,1.0,1,1.0,1,0.23531666665442819,37
1972,0,3085,1571,1514,0,0,0,1.0,1,1.0,1,1.0,1,0.23531666665442819,37
1973,1,3086,1572,1514,0,0,0,1.0,1,1.0,1,1.0,1,0.2632172103097784,37
1974,1,3087,1573,1514,0,0,0,1.0,1,1.0,1,1.0,1,0.26953003936989,38
1975,0,3087,1573,1514,0,0,0,1.0,1,1.0,1,1.0,1,0.2781673010914321,37
1976,4,3091,1576,1515,0,0,0,1.0,1,1.0,1,1.0,1,0.28226418723738234,39
1977,3,3094,1577,1517,0,0,0,1.0,1,1.0,1,1.0,1,0.2400024509791138,42
1978,2,3096,1579,1517,0,0,0,1.0,1,1.0,1,1.0,1,0.224953198358686,42
1979,0,3096,1579,1517,0,0,0,1.0,1,1.0,1,1.0,1,0.224953198358686,42
1980,2,3098,1580,1518,0,0,0,1.0,1,1.0,1,1.0,1,0.19414003550796863,43
1981,1,3099,1581,1518,0,0,0,1.0,1,1.0,1,1.0,1,0.2086536309305382,44
1982,1,3100,1582,1518,0,0,0,1.0,1,1.0,1,1.0,1,0.2082259866818691,44
1983,5,3105,1585,1520,0,0,0,1.0,1,1.0,1,1.0,1,0.22079398476152415,44
1984,2,3107,1586,1521,0,0,0,1.0,1,1.0,1,1.0,1,0.2062613935790651,42
1985,1,3108,1587,1521,0,0,0,1.0,1,1.0,1,1.0,1,0.23078318113469948,41
1986,1,3109,1588,1521,0,0,0,1.0,1,1.0,1,1.0,1,0.25729633339466995,40
1987,1,3110,1589,1521,0,0,0,1.0,1,1.0,1,1.0,1,0.1885020467067749,37
1988,2,3112,1591,1521,0,0,0,1.0,1,1.0,1,1.0,1,0.23499578342822583,35
1989,0,3112,1591,1521,0,0,0,1.0,1,1.0,1,1.0,1,0.216442117897494,32
1990,1,3113,1592,1521,0,0,0,1.0,1,1.0,1,1.0,1,0.20548823996861582,31
1991,1,3114,1593,1521,0,0,0,1.0,1,1.0,1,1.0,1,0.24327374290345002,32
1992,3,3117,1595,1522,0,0,0,1.0,1,1.0,1,1.0,1,0.3099133445734466,32
1993,2,3119,1596,1523,0,0,0,1.0,1,1.0,1,1.0,1,0.3471375655187052,32
1994,1,3120,1597,1523,0,0,0,1.0,1,1.0,1,1.0,1,0.34969213281607175,31
1995,3,3123,1597,1526,0,0,0,1.0,1,1.0,1,1.0,1,0.25737009324051197,32
1996,0,3123,1597,1526,0,0,0,1.0,1,1.0,1,1.0,1,0.2695861538408446,32
1997,0,3123,1597,1526,0,0,0,1.0,1,1.0,1,1.0,1,0.30654567517060016,31
1998,0,3123,1597,1526,0,0,0,1.0,1,1.0,1,1.0,1,0.31782548121931536,32
1999,1,3124,1597,1527,0,0,0,1.0,1,1.0,1,1.0,1,0.28386606296245165,31
2000,0,3124,1597,1527,0,0,0,1.0,1,1.0,1,1.0,1,0.2974396413974976,30
2001,0,3124,1597,1527,0,0,0,1.0,1,1.0,1,1.0,1,0.31764360640270384,29
2002,1,3125,1598,1527,0,0,0,1.0,1,1.0,1,1.0,1,0.29122180236662576,31
2003,5,3130,1600,1530,0,0,0,1.0,1,1.0,1,1.0,1,0.21021950346983945,33
2004,2,3132,1601,1531,0,0,0,1.0,1,1.0,1,1.0,1,0.24583557207338314,34
2005,2,3134,1601,1533,0,0,0,1.0,1,1.0,1,1.0,1,0.2242095831451378,35
2006,1,3135,1602,1533,0,0,0,1.0,1,1.0,1,1.0,1,0.2256077847068675,36
2007,0,3135,1602,1533,0,0,0,1.0,1,1.0,1,1.0,1,0.2256077847068675,36
2008,1,3136,1603,1533,0,0,0,1.0,1,1.0,1,1.0,1,0.23484687588902114,36
2009,1,3137,1603,1534,0,0,0,1.0,1,1.0,1,1.0,1,0.20118297612705943,37
2010,2,3139,1604,1535,0,0,0,1.0,1,1.0,1,1.0,1,0.21597484695348085,37
2011,1,3140,1604,1536,0,0,0,1.0,1,1.0,1,1.0,1,0.18715462993041795,37
2012,0,3140,1604,1536,0,0,0,1.0,1,1.0,1,1.0,1,0.18715462993041795,37
2013,0,3140,1604,1536,0,0,0,1.0,1,1.0,1,1.0,1,0.21335464557351438,39
2014,0,3140,1604,1536,0,0,0,1.0,1,1.0,1,1.0,1,0.22787591483418618,39
2015,0,3140,1604,1536,0,0,0,1.0,1,1.0,1,1.0,1,0.22787591483418618,39
2016,1,3141,1604,1537,0,0,0,1.0,1,1.0,1,1.0,1,0.21028377244977328,41
2017,1,3142,1604,1538,0,0,0,1.0,1,1.0,1,1.0,1,0.17643785882437424,41
2018,2,3144,1606,1538,0,0,0,1.0,1,1.0,1,1.0,1,0.21545179779327694,42
2019,1,3145,1606,1539,0,0,0,1.0,1,1.0,1,1.0,1,0.1729482443379468,43
2020,2,3147,1608,1539,0,0,0,1.0,1,1.0,1,1.0,1,0.21167960758061202,43
2021,3,3150,1609,1541,0,0,0,1.0,1,1.0,1,1.0,1,0.18807645005716625,43
2022,1,3151,1610,1541,0,0,0,1.0,1,1.0,1,1.0,1,0.20737678394886574,44
2023,3,3154,1612,1542,0,0,0,1.0,1,1.0,1,1.0,1,0.25384482438287564,42
2024,1,3155,1613,1542,0,0,0,1.0,1,1.0,1,1.0,1,0.27363970025818596,41
2025,6,3161,1615,1546,0,0,0,1.0,1,1.0,1,1.0,1,0.25922466439778674,39
2026,2,3163,1616,1547,0,0,0,1.0,1,1.0,1,1.0,1,0.2852168640143229,39
2027,5,3168,1619,1549,0,0,0,1.0,1,1.0,1,1.0,1,0.38650882235974826,38
2028,4,3172,1620,1552,0,0,0,1.0,1,1.0,1,1.0,1,0.3647383048178478,37
2029,1,3173,1620,1553,0,0,0,1.0,1,1.0,1,1.0,1,0.3255440277574039,35
2030,2,3175,1620,1555,0,0,0,1.0,1,1.0,1,1.0,1,0.31941331104134346,32
2031,0,3175,1620,1555,0,0,0,1.0,1,1.0,1,1.0,1,0.3335945814997664,34
2032,1,3176,1620,1556,0,0,0,1.0,1,1.0,1,1.0,1,0.3465871467577809,35
2033,6,3182,1625,1557,0,0,0,1.0,1,1.0,1,1.0,1,0.2980657782747361,35
2034,0,3182,1625,1557,0,0,0,1.0,1,1.0,1,1.0,1,0.3216581143590765,35
2035,4,3186,1628,1558,0,0,0,1.0,1,1.0,1,1.0,1,0.3145166772676837,36
2036,0,3186,1628,1558,0,0,0,1.0,1,1.0,1,1.0,1,0.32172657379548597,35
2037,1,3187,1629,1558,0,0,0,1.0,1,1.0,1,1.0,1,0.3432386307383954,36
2038,1,3188,1629,1559,0,0,0,1.0,1,1.0,1,1.0,1,0.2992875420244543,38
2039,2,3190,1630,1560,0,0,0,1.0,1,1.0,1,1.0,1,0.2853480710186368,38
2040,1,3191,1630,1561,0,0,0,1.0,1,1.0,1,1.0,1,0.22812471454461028,37
2041,0,3191,1630,1561,0,0,0,1.0,1,1.0,1,1.0,1,0.22137163455486691,38
2042,0,3191,1630,1561,0,0,0,1.0,1,1.0,1,1.0,1,0.22137163455486691,38
2043,1,3192,1631,1561,0,0,0,1.0,1,1.0,1,1.0,1,0.20533752399159969,38
2044,0,3192,1631,1561,0,0,0,1.0,1,1.0,1,1.0,1,0.19702981583919604,39
2045,1,3193,1631,1562,0,0,0,1.0,1,1.0,1,1.0,1,0.19935360406606695,40
2046,1,3194,1632,1562,0,0,0,1.0,1,1.0,1,1.0,1,0.1968187039799399,41
2047,1,3195,1632,1563,0,0,0,1.0,1,1.0,1,1.0,1,0.16769639039832607,41
2048,1,3196,1633,1563,0,0,0,1.0,1,1.0,1,1.0,1,0.17486614545915702,43
2049,3,3199,1635,1564,0,0,0,1.0,1,1.0,1,1.0,1,0.18641593056498154,43
2050,1,3200,1635,1565,0,0,0,1.0,1,1.0,1,1.0,1,0.1672435323287322,43
2051,2,3202,1635,1567,0,0,0,1.0,1,1.0,1,1.0,1,0.142753189935081,43
2052,1,3203,1635,1568,0,0,0,1.0,1,1.0,1,1.0,1,0.1215693307682266,44
2053,1,3204,1636,1568,0,0,0,1.0,1,1.0,1,1.0,1,0.15341194867006472,43
2054,0,3204,1636,1568,0,0,0,1.0,1,1.0,1,1.0,1,0.161283257968099,44
2055,0,3204,1636,1568,0,0,0,1.0,1,1.0,1,1.0,1,0.17771779876684854,43
2056,0,3204,1636,1568,0,0,0,1.0,1,1.0,1,1.0,1,0.16807197714553107,44
2057,4,3208,1640,1568,0,0,0,1.0,1,1.0,1,1.0,1,0.15390018534885297,44
2058,2,3210,1642,1568,0,0,0,1.0,1,1.0,1,1.0,1,0.1938512769168911,44
2059,1,3211,1643,1568,0,0,0,1.0,1,1.0,1,1.0,1,0.20030464956242516,45
2060,0,3211,1643,1568,0,0,0,1.0,1,1.0,1,1.0,1,0.20604149348230089,46
2061,6,3217,1646,1571,0,0,0,1.0,1,1.0,1,1.0,1,0.21280315004873518,48
2062,5,3222,1648,1574,0,0,0,1.0,1,1.0,1,1.0,1,0.194382193782665,48
2063,1,3223,1648,1575,0,0,0,1.0,1,1.0,1,1.0,1,0.17652344934555594,45
2064,2,3225,1650,1575,0,0,0,1.0,1,1.0,1,1.0,1,0.23468945394823312,44
2065,3,3228,1651,1577,0,0,0,1.0,1,1.0,1,1.0,1,0.17018243976786798,42
2066,3,3231,1654,1577,0,0,0,1.0,1,1.0,1,1.0,1,0.253536913355499,42
2067,3,3234,1655,1579,0,0,0,1.0,1,1.0,1,1.0,1,0.2334524002196369,38
2068,0,3234,1655,1579,0,0,0,1.0,1,1.0,1,1.0,1,0.22736188761764412,37
2069,0,3234,1655,1579,0,0,0,1.0,1,1.0,1,1.0,1,0.22033146073789348,35
2070,2,3236,1657,1579,0,0,0,1.0,1,1.0,1,1.0,1,0.2683196477551273,35
2071,1,3237,1658,1579,0,0,0,1.0,1,1.0,1,1.0,1,0.3118276868139748,34
2072,3,3240,1659,1581,0,0,0,1.0,1,1.0,1,1.0,1,0.34979086657986036,35
2073,1,3241,1659,1582,0,0,0,1.0,1,1.0,1,1.0,1,0.34489007034705854,37
2074,0,3241,1659,1582,0,0,0,1.0,1,1.0,1,1.0,1,0.33041245659767127,36
2075,3,3244,1659,1585,0,0,0,1.0,1,1.0,1,1.0,1,0.25145383212535494,38
2076,0,3244,1659,1585,0,0,0,1.0,1,1.0,1,1.0,1,0.23869492679050616,37
2077,1,3245,1659,1586,0,0,0,1.0,1,1.0,1,1.0,1,0.1927036092111764,37
2078,0,3245,1659,1586,0,0,0,1.0,1,1.0,1,1.0,1,0.1927036092111764,37
2079,3,3248,1660,1588,0,0,0,1.0,1,1.0,1,1.0,1,0.17390801967032396,37
2080,0,3248,1660,1588,0,0,0,1.0,1,1.0,1,1.0,1,0.17745626107204351,36
2081,0,3248,1660,1588,0,0,0,1.0,1,1.0,1,1.0,1,0.1983896964372288,37
2082,4,3252,1663,1589,0,0,0,1.0,1,1.0,1,1.0,1,0.3222739195876477,38
2083,5,3257,1664,1593,0,0,0,1.0,1,1.0,1,1.0,1,0.24047541155552993,39
2084,3,3260,1665,1595,0,0,0,1.0,1,1.0,1,1.0,1,0.23458931930135188,41
2085,0,3260,1665,1595,0,0,0,1.0,1,1.0,1,1.0,1,0.23458931930135188,41
2086,0,3260,1665,1595,0,0,0,1.0,1,1.0,1,1.0,1,0.23700735005107634,44
2087,1,3261,1666,1595,0,0,0,1.0,1,1.0,1,1.0,1,0.2094236711605853,44
2088,0,3261,1666,1595,0,0,0,1.0,1,1.0,1,1.0,1,0.21368277152971835,45
2089,3,3264,1667,1597,0,0,0,1.0,1,1.0,1,1.0,1,0.1991291923357211,46
2090,2,3266,1667,1599,0,0,0,1.0,1,1.0,1,1.0,1,0.2009746260416654,47
2091,2,3268,1668,1600,0,0,0,1.0,1,1.0,1,1.0,1,0.1838007251162605,48
2092,1,3269,1669,1600,0,0,0,1.0,1,1.0,1,1.0,1,0.15859815274748623,48
2093,0,3269,1669,1600,0,0,0,1.0,1,1.0,1,1.0,1,0.15859815274748623,48
2094,2,3271,1671,1600,0,0,0,1.0,1,1.0,1,1.0,1,0.19047689064611245,47
2095,2,3273,1671,1602,0,0,0,1.0,1,1.0,1,1.0,1,0.17390611979129003,49
2096,0,3273,1671,1602,0,0,0,1.0,1,1.0,1,1.0,1,0.18841014678384668,50
2097,0,3273,1671,1602,0,0,0,1.0,1,1.0,1,1.0,1,0.18841014678384668,50
2098,0,3273,1671,1602,0,0,0,1.0,1,1.0,1,1.0,1,0.201131418895191,51
2099,0,3273,1671,1602,0,0,0,1.0,1,1.0,1,1.0,1,0.2185245527247809,50
2100,1,3274,1672,1602,0,0,0,1.0,1,1.0,1,1.0,1,0.23732843449035687,49
2101,1,3275,1673,1602,0,0,0,1.0,1,1.0,1,1.0,1,0.2456561125921263,48
2102,7,3282,1676,1606,0,0,0,1.0,1,1.0,1,1.0,1,0.25855143020178933,49
2103,2,3284,1678,1606,0,0,0,1.0,1,1.0,1,1.0,1,0.259437862435586,44
2104,3,3287,1681,1606,0,0,0,1.0,1,1.0,1,1.0,1,0.37009583893452075,42
2105,4,3291,1683,1608,0,0,0,1.0,1,1.0,1,1.0,1,0.3372593331976659,40
2106,4,3295,1685,1610,0,0,0,1.0,1,1.0,1,1.0,1,0.3837286166948362,39
2107,2,3297,1686,1611,0,0,0,1.0,1,1.0,1,1.0,1,0.34310067249554205,37
2108,2,3299,1686,1613,0,0,0,1.0,1,1.0,1,1.0,1,0.2944459230387957,37
2109,3,3302,1688,1614,0,0,0,1.0,1,1.0,1,1.0,1,0.2961609908745542,36
2110,0,3302,1688,1614,0,0,0,1.0,1,1.0,1,1.0,1,0.2648446566464781,35
2111,1,3303,1689,1614,0,0,0,1.0,1,1.0,1,1.0,1,0.2418389758019842,35
2112,1,3304,1690,1614,0,0,0,1.0,1,1.0,1,1.0,1,0.2680943706947718,35
2113,0,3304,1690,1614,0,0,0,1.0,1,1.0,1,1.0,1,0.2672059833439824,35
2114,1,3305,1690,1615,0,0,0,1.0,1,1.0,1,1.0,1,0.2615745055682436,36
2115,1,3306,1690,1616,0,0,0,1.0,1,1.0,1,1.0,1,0.2543745782612501,37
2116,3,3309,1692,1617,0,0,0,1.0,1,1.0,1,1.0,1,0.2809309151107955,39
2117,1,3310,1692,1618,0,0,0,1.0,1,1.0,1,1.0,1,0.24854557766994048,39
2118,4,3314,1693,1621,0,0,0,1.0,1,1.0,1,1.0,1,0.23268509947593702,41
2119,1,3315,1693,1622,0,0,0,1.0,1,1.0,1,1.0,1,0.22606059615352653,42
2120,0,3315,1693,1622,0,0,0,1.0,1,1.0,1,1.0,1,0.22606059615352653,42
2121,0,3315,1693,1622,0,0,0,1.0,1,1.0,1,1.0,1,0.22606059615352653,42
2122,1,3316,1693,1623,0,0,0,1.0,1,1.0,1,1.0,1,0.23601955808155356,43
2123,5,3321,1694,1627,0,0,0,1.0,1,1.0,1,1.0,1,0.21483445232691545,42
2124,0,3321,1694,1627,0,0,0,1.0,1,1.0,1,1.0,1,0.21483445232691545,42
2125,0,3321,1694,1627,0,0,0,1.0,1,1.0,1,1.0,1,0.2316993513034187,41
2126,0,3321,1694,1627,0,0,0,1.0,1,1.0,1,1.0,1,0.2316993513034187,41
2127,0,3321,1694,1627,0,0,0,1.0,1,1.0,1,1.0,1,0.2316993513034187,41
2128,0,3321,1694,1627,0,0,0,1.0,1,1.0,1,1.0,1,0.23620055351116684,42
2129,0,3321,1694,1627,0,0,0,1.0,1,1.0,1,1.0,1,0.2737974127020549,43
2130,0,3321,1694,1627,0,0,0,1.0,1,1.0,1,1.0,1,0.276423757354025,45
2131,1,3322,1695,1627,0,0,0,1.0,1,1.0,1,1.0,1,0.30767713215052644,44
2132,0,3322,1695,1627,0,0,0,1.0,1,1.0,1,1.0,1,0.30767713215052644,44
2133,4,3326,1695,1631,0,0,0,1.0,1,1.0,1,1.0,1,0.24721913963389566,45
2134,0,3326,1695,1631,0,0,0,1.0,1,1.0,1,1.0,1,0.24721913963389566,45
2135,4,3330,1695,1635,0,0,0,1.0,1,1.0,1,1.0,1,0.19360160412330313,46
2136,3,3333,1696,1637,0,0,0,1.0,1,1.0,1,1.0,1,0.14694998103865056,47
2137,3,3336,1698,1638,0,0,0,1.0,1,1.0,1,1.0,1,0.14299633043133725,47
2138,0,3336,1698,1638,0,0,0,1.0,1,1.0,1,1.0,1,0.17839075341454214,45
2139,1,3337,1699,1638,0,0,0,1.0,1,1.0,1,1.0,1,0.18577789394828897,45
2140,2,3339,1701,1638,0,0,0,1.0,1,1.0,1,1.0,1,0.21632823051309427,44
2141,4,3343,1703,1640,0,0,0,1.0,1,1.0,1,1.0,1,0.17963274526232617,45
2142,2,3345,1705,1640,0,0,0,1.0,1,1.0,1,1.0,1,0.18903258583344124,46
2143,0,3345,1705,1640,0,0,0,1.0,1,1.0,1,1.0,1,0.1737402197145913,46
2144,2,3347,1706,1641,0,0,0,1.0,1,1.0,1,1.0,1,0.17618550658284002,48
2145,4,3351,1710,1641,0,0,0,1.0,1,1.0,1,1.0,1,0.20519719374875747,46
2146,4,3355,1713,1642,0,0,0,1.0,1,1.0,1,1.0,1,0.2383244672690029,45
2147,3,3358,1714,1644,0,0,0,1.0,1,1.0,1,1.0,1,0.18998705160625357,44
2148,3,3361,1716,1645,0,0,0,1.0,1,1.0,1,1.0,1,0.2240336793902299,44
2149,3,3364,1718,1646,0,0,0,1.0,1,1.0,1,1.0,1,0.20767155091272396,42
2150,1,3365,1719,1646,0,0,0,1.0,1,1.0,1,1.0,1,0.1924210681505565,40
2151,2,3367,1720,1647,0,0,0,1.0,1,1.0,1,1.0,1,0.28194291983689956,39
2152,2,3369,1721,1648,0,0,0,1.0,1,1.0,1,1.0,1,0.29517933686857056,40
2153,5,3374,1721,1653,0,0,0,1.0,1,1.0,1,1.0,1,0.23400499141650988,42
2154,2,3376,1722,1654,0,0,0,1.0,1,1.0,1,1.0,1,0.26276029012317076,42
2155,2,3378,1723,1655,0,0,0,1.0,1,1.0,1,1.0,1,0.24628261266570992,41
2156,0,3378,1723,1655,0,0,0,1.0,1,1.0,1,1.0,1,0.2558227352914003,40
2157,2,3380,1725,1655,0,0,0,1.0,1,1.0,1,1.0,1,0.31037538758235617,40
2158,0,3380,1725,1655,0,0,0,1.0,1,1.0,1,1.0,1,0.3285072240420918,38
2159,2,3382,1725,1657,0,0,0,1.0,1,1.0,1,1.0,1,0.28069320648557733,38
2160,1,3383,1726,1657,0,0,0,1.0,1,1.0,1,1.0,1,0.2730013356751046,38
2161,1,3384,1727,1657,0,0,0,1.0,1,1.0,1,1.0,1,0.25670008233069624,38
2162,3,3387,1728,1659,0,0,0,1.0,1,1.0,1,1.0,1,0.21868795904566438,38
2163,2,3389,1730,1659,0,0,0,1.0,1,1.0,1,1.0,1,0.2716223884193403,40
2164,4,3393,1733,1660,0,0,0,1.0,1,1.0,1,1.0,1,0.32691757450841913,41
2165,5,3398,1733,1665,0,0,0,1.0,1,1.0,1,1.0,1,0.2201013398996993,42
2166,1,3399,1733,1666,0,0,0,1.0,1,1.0,1,1.0,1,0.19856058355917008,42
2167,2,3401,1734,1667,0,0,0,1.0,1,1.0,1,1.0,1,0.19258067669646392,43
2168,0,3401,1734,1667,0,0,0,1.0,1,1.0,1,1.0,1,0.18216764116107054,43
2169,1,3402,1734,1668,0,0,0,1.0,1,1.0,1,1.0,1,0.18730364027112514,45
2170,0,3402,1734,1668,0,0,0,1.0,1,1.0,1,1.0,1,0.18070669824632438,46
2171,2,3404,1736,1668,0,0,0,1.0,1,1.0,1,1.0,1,0.18305171342969215,48
2172,1,3405,1736,1669,0,0,0,1.0,1,1.0,1,1.0,1,0.15818691957475722,49
2173,1,3406,1737,1669,0,0,0,1.0,1,1.0,1,1.0,1,0.14451454478949569,49
2174,1,3407,1738,1669,0,0,0,1.0,1,1.0,1,1.0,1,0.14945820491113723,49
2175,0,3407,1738,1669,0,0,0,1.0,1,1.0,1,1.0,1,0.14945820491113723,49
2176,2,3409,1738,1671,0,0,0,1.0,1,1.0,1,1.0,1,0.17007537753226779,51
2177,3,3412,1741,1671,0,0,0,1.0,1,1.0,1,1.0,1,0.20439532331622712,51
2178,2,3414,1743,1671,0,0,0,1.0,1,1.0,1,1.0,1,0.23352615268888144,50
2179,2,3416,1743,1673,0,0,0,1.0,1,1.0,1,1.0,1,0.1668798652075154,49
2180,0,3416,1743,1673,0,0,0,1.0,1,1.0,1,1.0,1,0.15454757208446593,47
2181,3,3419,1745,1674,0,0,0,1.0,1,1.0,1,1.0,1,0.1688663674402926,47
2182,5,3424,1748,1676,0,0,0,1.0,1,1.0,1,1.0,1,0.20106334059537936,45
2183,1,3425,1749,1676,0,0,0,1.0,1,1.0,1,1.0,1,0.1909466490085295,44
2184,3,3428,1751,1677,0,0,0,1.0,1,1.0,1,1.0,1,0.24567551208375404,43
2185,6,3434,1754,1680,0,0,0,1.0,1,1.0,1,1.0,1,0.2264849791996478,40
2186,3,3437,1757,1680,0,0,0,1.0,1,1.0,1,1.0,1,0.23490494741800058,38
2187,2,3439,1758,1681,0,0,0,1.0,1,1.0,1,1.0,1,0.2098908252804949,35
2188,3,3442,1760,1682,0,0,0,1.0,1,1.0,1,1.0,1,0.28687070977742446,34
2189,2,3444,1761,1683,0,0,0,1.0,1,1.0,1,1.0,1,0.2882184156587607,31
2190,2,3446,1763,1683,0,0,0,1.0,1,1.0,1,1.0,1,0.2642522841723807,29
2191,0,3446,1763,1683,0,0,0,1.0,1,1.0,1,1.0,1,0.276218895264152,28
2192,2,3448,1765,1683,0,0,0,1.0,1,1.0,1,1.0,1,0.3335651463715689,29
2193,4,3452,1767,1685,0,0,0,1.0,1,1.0,1,1.0,1,0.3553114369913201,28
2194,1,3453,1767,1686,0,0,0,1.0,1,1.0,1,1.0,1,0.34539636923448813,27
2195,4,3457,1770,1687,0,0,0,1.0,1,1.0,1,1.0,1,0.27802023344992455,27
2196,2,3459,1771,1688,0,0,0,1.0,1,1.0,1,1.0,1,0.36854872911881825,27
2197,0,3459,1771,1688,0,0,0,1.0,1,1.0,1,1.0,1,0.36854872911881825,27
2198,0,3459,1771,1688,0,0,0,1.0,1,1.0,1,1.0,1,0.33678518740044594,28
2199,1,3460,1772,1688,0,0,0,1.0,1,1.0,1,1.0,1,0.34494477030421145,29
2200,4,3464,1772,1692,0,0,0,1.0,1,1.0,1,1.0,1,0.27874208427700464,31
2201,1,3465,1773,1692,0,0,0,1.0,1,1.0,1,1.0,1,0.2649676804016488,32
2202,0,3465,1773,1692,0,0,0,1.0,1,1.0,1,1.0,1,0.2667445612290541,31
2203,1,3466,1773,1693,0,0,0,1.0,1,1.0,1,1.0,1,0.21045529381191286,32
2204,2,3468,1774,1694,0,0,0,1.0,1,1.0,1,1.0,1,0.216435804580582,32
2205,2,3470,1775,1695,0,0,0,1.0,1,1.0,1,1.0,1,0.22281173731287726,33
2206,0,3470,1775,1695,0,0,0,1.0,1,1.0,1,1.0,1,0.20970182675780383,32
2207,0,3470,1775,1695,0,0,0,1.0,1,1.0,1,1.0,1,0.2188919921323969,33
2208,1,3471,1775,1696,0,0,0,1.0,1,1.0,1,1.0,1,0.2171162458491075,35
2209,1,3472,1776,1696,0,0,0,1.0,1,1.0,1,1.0,1,0.2559824240178519,36
2210,0,3472,1776,1696,0,0,0,1.0,1,1.0,1,1.0,1,0.25221015128916885,35
2211,0,3472,1776,1696,0,0,0,1.0,1,1.0,1,1.0,1,0.2668910913332117,36
2212,3,3475,1776,1699,0,0,0,1.0,1,1.0,1,1.0,1,0.22687894206803175,37
2213,2,3477,1777,1700,0,0,0,1.0,1,1.0,1,1.0,1,0.2136136216198137,37
2214,2,3479,1778,1701,0,0,0,1.0,1,1.0,1,1.0,1,0.21547551349131408,39
2215,4,3483,1781,1702,0,0,0,1.0,1,1.0,1,1.0,1,0.1848511918451953,36
2216,1,3484,1782,1702,0,0,0,1.0,1,1.0,1,1.0,1,0.20254891176535864,37
2217,1,3485,1783,1702,0,0,0,1.0,1,1.0,1,1.0,1,0.20706378093463887,35
2218,3,3488,1785,1703,0,0,0,1.0,1,1.0,1,1.0,1,0.2465215206994163,35
2219,0,3488,1785,1703,0,0,0,1.0,1,1.0,1,1.0,1,0.21388150938062145,33
2220,0,3488,1785,1703,0,0,0,1.0,1,1.0,1,1.0,1,0.21487515171316893,31
2221,3,3491,1787,1704,0,0,0,1.0,1,1.0,1,1.0,1,0.23412159926088325,31
2222,4,3495,1788,1707,0,0,0,1.0,1,1.0,1,1.0,1,0.1793601746707,30
2223,3,3498,1789,1709,0,0,0,1.0,1,1.0,1,1.0,1,0.18505738307571382,28
2224,4,3502,1792,1710,0,0,0,1.0,1,1.0,1,1.0,1,0.29183618596290734,29
2225,5,3507,1794,1713,0,0,0,1.0,1,1.0,1,1.0,1,0.20907348909901027,28
2226,1,3508,1794,1714,0,0,0,1.0,1,1.0,1,1.0,1,0.20881768581343937,30
2227,1,3509,1795,1714,0,0,0,1.0,1,1.0,1,1.0,1,0.21952777833759435,28
2228,3,3512,1797,1715,0,0,0,1.0,1,1.0,1,1.0,1,0.228367607355812,29
2229,2,3514,1799,1715,0,0,0,1.0,1,1.0,1,1.0,1,0.2048698892500364,28
2230,0,3514,1799,1715,0,0,0,1.0,1,1.0,1,1.0,1,0.204235888387346,28
2231,2,3516,1800,1716,0,0,0,1.0,1,1.0,1,1.0,1,0.19870390753302675,27
2232,0,3516,1800,1716,0,0,0,1.0,1,1.0,1,1.0,1,0.2318299170696765,27
2233,1,3517,1801,1716,0,0,0,1.0,1,1.0,1,1.0,1,0.2824849892011503,28
2234,2,3519,1802,1717,0,0,0,1.0,1,1.0,1,1.0,1,0.3166518969214841,26
2235,0,3519,1802,1717,0,0,0,1.0,1,1.0,1,1.0,1,0.3166518969214841,26
2236,2,3521,1803,1718,0,0,0,1.0,1,1.0,1,1.0,1,0.3485043686539013,26
2237,2,3523,1804,1719,0,0,0,1.0,1,1.0,1,1.0,1,0.26388932505300644,26
2238,1,3524,1805,1719,0,0,0,1.0,1,1.0,1,1.0,1,0.32707957715894725,27
2239,0,3524,1805,1719,0,0,0,1.0,1,1.0,1,1.0,1,0.31354865610727056,28
2240,2,3526,1806,1720,0,0,0,1.0,1,1.0,1,1.0,1,0.260886924886073,30
2241,2,3528,1807,1721,0,0,0,1.0,1,1.0,1,1.0,1,0.21361151341885223,29
2242,2,3530,1809,1721,0,0,0,1.0,1,1.0,1,1.0,1,0.23704202317315504,29
2243,1,3531,1810,1721,0,0,0,1.0,1,1.0,1,1.0,1,0.2582599478048178,29
2244,0,3531,1810,1721,0,0,0,1.0,1,1.0,1,1.0,1,0.2582599478048178,29
2245,0,3531,1810,1721,0,0,0,1.0,1,1.0,1,1.0,1,0.27509192406529687,30
2246,1,3532,1810,1722,0,0,0,1.0,1,1.0,1,1.0,1,0.2473438826071585,33
2247,0,3532,1810,1722,0,0,0,1.0,1,1.0,1,1.0,1,0.24519281220042674,34
2248,0,3532,1810,1722,0,0,0,1.0,1,1.0,1,1.0,1,0.24519281220042674,34
2249,0,3532,1810,1722,0,0,0,1.0,1,1.0,1,1.0,1,0.2300436735989543,35
2250,0,3532,1810,1722,0,0,0,1.0,1,1.0,1,1.0,1,0.2300436735989543,35
2251,1,3533,1810,1723,0,0,0,1.0,1,1.0,1,1.0,1,0.19301165255611422,36
2252,2,3535,1811,1724,0,0,0,1.0,1,1.0,1,1.0,1,0.22915844654365158,37
2253,3,3538,1813,1725,0,0,0,1.0,1,1.0,1,1.0,1,0.2336180902103395,35
2254,0,3538,1813,1725,0,0,0,1.0,1,1.0,1,1.0,1,0.298159017347078,33
2255,4,3542,1813,1729,0,0,0,1.0,1,1.0,1,1.0,1,0.17921086334185743,35
2256,3,3545,1816,1729,0,0,0,1.0,1,1.0,1,1.0,1,0.1892681970452943,34
2257,5,3550,1819,1731,0,0,0,1.0,1,1.0,1,1.0,1,0.17542340363156603,36
2258,0,3550,1819,1731,0,0,0,1.0,1,1.0,1,1.0,1,0.16833405360957227,35
2259,1,3551,1820,1731,0,0,0,1.0,1,1.0,1,1.0,1,0.1974226814804283,35
2260,1,3552,1820,1732,0,0,0,1.0,1,1.0,1,1.0,1,0.1834160503948152,33
2261,0,3552,1820,1732,0,0,0,1.0,1,1.0,1,1.0,1,0.1834160503948152,33
2262,1,3553,1821,1732,0,0,0,1.0,1,1.0,1,1.0,1,0.28845546619502155,32
2263,2,3555,1822,1733,0,0,0,1.0,1,1.0,1,1.0,1,0.2867599377657851,31
2264,1,3556,1823,1733,0,0,0,1.0,1,1.0,1,1.0,1,0.34319420986772875,30
2265,2,3558,1823,1735,0,0,0,1.0,1,1.0,1,1.0,1,0.23938517554637478,29
2266,3,3561,1825,1736,0,0,0,1.0,1,1.0,1,1.0,1,0.3079059400438767,30
2267,2,3563,1827,1736,0,0,0,1.0,1,1.0,1,1.0,1,0.32350831538633495,29
2268,1,3564,1828,1736,0,0,0,1.0,1,1.0,1,1.0,1,0.2783455048061252,30
2269,4,3568,1830,1738,0,0,0,1.0,1,1.0,1,1.0,1,0.26103224715251916,31
2270,2,3570,1831,1739,0,0,0,1.0,1,1.0,1,1.0,1,0.24885433367434195,31
2271,5,3575,1835,1740,0,0,0,1.0,1,1.0,1,1.0,1,0.23441338265915854,31
2272,1,3576,1836,1740,0,0,0,1.0,1,1.0,1,1.0,1,0.24110602929777591,31
2273,2,3578,1837,1741,0,0,0,1.0,1,1.0,1,1.0,1,0.23176992528444423,30
2274,0,3578,1837,1741,0,0,0,1.0,1,1.0,1,1.0,1,0.2270655773721501,31
2275,1,3579,1837,1742,0,0,0,1.0,1,1.0,1,1.0,1,0.20452624598710628,32
2276,2,3581,1839,1742,0,0,0,1.0,1,1.0,1,1.0,1,0.24265122363668087,31
2277,1,3582,1840,1742,0,0,0,1.0,1,1.0,1,1.0,1,0.26908423567236306,31
2278,3,3585,1841,1744,0,0,0,1.0,1,1.0,1,1.0,1,0.2447098794564186,32
2279,2,3587,1842,1745,0,0,0,1.0,1,1.0,1,1.0,1,0.20568890559890488,32
2280,1,3588,1842,1746,0,0,0,1.0,1,1.0,1,1.0,1,0.19416294721794047,33
2281,1,3589,1842,1747,0,0,0,1.0,1,1.0,1,1.0,1,0.200991295193021,34
2282,0,3589,1842,1747,0,0,0,1.0,1,1.0,1,1.0,1,0.200991295193021,34
2283,0,3589,1842,1747,0,0,0,1.0,1,1.0,1,1.0,1,0.200991295193021,34
2284,2,3591,1843,1748,0,0,0,1.0,1,1.0,1,1.0,1,0.19670378308233857,34
2285,0,3591,1843,1748,0,0,0,1.0,1,1.0,1,1.0,1,0.1927415974062663,35
2286,0,3591,1843,1748,0,0,0,1.0,1,1.0,1,1.0,1,0.20715096944575698,34
2287,1,3592,1844,1748,0,0,0,1.0,1,1.0,1,1.0,1,0.19695286663867853,35
2288,0,3592,1844,1748,0,0,0,1.0,1,1.0,1,1.0,1,0.2506746722043839,35
2289,3,3595,1845,1750,0,0,0,1.0,1,1.0,1,1.0,1,0.1990579897607296,37
2290,2,3597,1846,1751,0,0,0,1.0,1,1.0,1,1.0,1,0.2613064098509099,37
2291,1,3598,1846,1752,0,0,0,1.0,1,1.0,1,1.0,1,0.2513671701807476,35
2292,1,3599,1846,1753,0,0,0,1.0,1,1.0,1,1.0,1,0.26840011488369886,35
2293,1,3600,1847,1753,0,0,0,1.0,1,1.0,1,1.0,1,0.2611969899953796,34
2294,0,3600,1847,1753,0,0,0,1.0,1,1.0,1,1.0,1,0.288706471046973,33
2295,0,3600,1847,1753,0,0,0,1.0,1,1.0,1,1.0,1,0.2850245180608697,34
2296,1,3601,1847,1754,0,0,0,1.0,1,1.0,1,1.0,1,0.3459923676905111,33
2297,0,3601,1847,1754,0,0,0,1.0,1,1.0,1,1.0,1,0.37797655858709,32
2298,1,3602,1848,1754,0,0,0,1.0,1,1.0,1,1.0,1,0.41022803190668017,32
2299,0,3602,1848,1754,0,0,0,1.0,1,1.0,1,1.0,1,0.39749101424515076,33
2300,2,3604,1849,1755,0,0,0,1.0,1,1.0,1,1.0,1,0.3755087883179285,33
2301,0,3604,1849,1755,0,0,0,1.0,1,1.0,1,1.0,1,0.3755087883179285,33
2302,2,3606,1851,1755,0,0,0,1.0,1,1.0,1,1.0,1,0.35330258207114756,34
2303,6,3612,1856,1756,0,0,0,1.0,1,1.0,1,1.0,1,0.34349205761544577,34
2304,3,3615,1858,1757,0,0,0,1.0,1,1.0,1,1.0,1,0.2970243279187533,33
2305,4,3619,1859,1760,0,0,0,1.0,1,1.0,1,1.0,1,0.26467497771977,33
2306,2,3621,1861,1760,0,0,0,1.0,1,1.0,1,1.0,1,0.30788616140794545,33
2307,2,3623,1861,1762,0,0,0,1.0,1,1.0,1,1.0,1,0.2546033862053249,35
2308,1,3624,1862,1762,0,0,0,1.0,1,1.0,1,1.0,1,0.25108890734698924,34
2309,2,3626,1864,1762,0,0,0,1.0,1,1.0,1,1.0,1,0.29435114076017516,34
2310,1,3627,1864,1763,0,0,0,1.0,1,1.0,1,1.0,1,0.24006168975762146,34
2311,0,3627,1864,1763,0,0,0,1.0,1,1.0,1,1.0,1,0.23653384802400682,35
2312,2,3629,1866,1763,0,0,0,1.0,1,1.0,1,1.0,1,0.2325778704809812,34
2313,1,3630,1867,1763,0,0,0,1.0,1,1.0,1,1.0,1,0.21468853664895513,35
2314,0,3630,1867,1763,0,0,0,1.0,1,1.0,1,1.0,1,0.2337962252092361,35
2315,2,3632,1867,1765,0,0,0,1.0,1,1.0,1,1.0,1,0.21516404398496508,34
2316,2,3634,1869,1765,0,0,0,1.0,1,1.0,1,1.0,1,0.2987139575835211,35
2317,0,3634,1869,1765,0,0,0,1.0,1,1.0,1,1.0,1,0.30365243275734644,32
2318,1,3635,1870,1765,0,0,0,1.0,1,1.0,1,1.0,1,0.3367930513127041,32
2319,1,3636,1871,1765,0,0,0,1.0,1,1.0,1,1.0,1,0.38887545681150165,32
2320,2,3638,1871,1767,0,0,0,1.0,1,1.0,1,1.0,1,0.3746623716413688,32
2321,1,3639,1871,1768,0,0,0,1.0,1,1.0,1,1.0,1,0.36361091436038107,33
2322,0,3639,1871,1768,0,0,0,1.0,1,1.0,1,1.0,1,0.36361091436038107,33
2323,0,3639,1871,1768,0,0,0,1.0,1,1.0,1,1.0,1,0.36361091436038107,33
2324,2,3641,1873,1768,0,0,0,1.0,1,1.0,1,1.0,1,0.38666350585484216,34
2325,2,3643,1873,1770,0,0,0,1.0,1,1.0,1,1.0,1,0.35173836384642865,35
2326,1,3644,1874,1770,0,0,0,1.0,1,1.0,1,1.0,1,0.3493331119092304,35
2327,0,3644,1874,1770,0,0,0,1.0,1,1.0,1,1.0,1,0.36680087579064286,36
2328,1,3645,1874,1771,0,0,0,1.0,1,1.0,1,1.0,1,0.3626644557445927,37
2329,2,3647,1874,1773,0,0,0,1.0,1,1.0,1,1.0,1,0.30024376936721864,37
2330,0,3647,1874,1773,0,0,0,1.0,1,1.0,1,1.0,1,0.2979979748350892,38
2331,1,3648,1874,1774,0,0,0,1.0,1,1.0,1,1.0,1,0.29257410065881834,40
2332,1,3649,1874,1775,0,0,0,1.0,1,1.0,1,1.0,1,0.28413590080663376,40
2333,0,3649,1874,1775,0,0,0,1.0,1,1.0,1,1.0,1,0.28873986383623873,41
2334,0,3649,1874,1775,0,0,0,1.0,1,1.0,1,1.0,1,0.28873986383623873,41
2335,0,3649,1874,1775,0,0,0,1.0,1,1.0,1,1.0,1,0.28873986383623873,41
2336,2,3651,1874,1777,0,0,0,1.0,1,1.0,1,1.0,1,0.24529075587279764,41
2337,0,3651,1874,1777,0,0,0,1.0,1,1.0,1,1.0,1,0.2581672186569996,42
2338,3,3654,1875,1779,0,0,0,1.0,1,1.0,1,1.0,1,0.27585381233327655,43
2339,1,3655,1875,1780,0,0,0,1.0,1,1.0,1,1.0,1,0.24795120115657526,43
2340,0,3655,1875,1780,0,0,0,1.0,1,1.0,1,1.0,1,0.251523945098562,45
2341,0,3655,1875,1780,0,0,0,1.0,1,1.0,1,1.0,1,0.25852792518201095,45
2342,2,3657,1875,1782,0,0,0,1.0,1,1.0,1,1.0,1,0.24504756208867426,46
2343,3,3660,1876,1784,0,0,0,1.0,1,1.0,1,1.0,1,0.24225845786033387,45
2344,4,3664,1880,1784,0,0,0,1.0,1,1.0,1,1.0,1,0.28613440113765704,44
2345,4,3668,1880,1788,0,0,0,1.0,1,1.0,1,1.0,1,0.20209572484099073,44
2346,1,3669,1881,1788,0,0,0,1.0,1,1.0,1,1.0,1,0.22949470095891478,44
2347,0,3669,1881,1788,0,0,0,1.0,1,1.0,1,1.0,1,0.2319039819459982,44
2348,0,3669,1881,1788,0,0,0,1.0,1,1.0,1,1.0,1,0.22363028026527554,45
2349,4,3673,1881,1792,0,0,0,1.0,1,1.0,1,1.0,1,0.18356846946154196,46
2350,0,3673,1881,1792,0,0,0,1.0,1,1.0,1,1.0,1,0.19605345250899614,47
2351,2,3675,1881,1794,0,0,0,1.0,1,1.0,1,1.0,1,0.14979403022580354,47
2352,2,3677,1882,1795,0,0,0,1.0,1,1.0,1,1.0,1,0.16729270166823945,47
2353,1,3678,1882,1796,0,0,0,1.0,1,1.0,1,1.0,1,0.13862875518272277,46
2354,2,3680,1883,1797,0,0,0,1.0,1,1.0,1,1.0,1,0.11814437168920493,47
2355,1,3681,1883,1798,0,0,0,1.0,1,1.0,1,1.0,1,0.09620792605259829,47
2356,1,3682,1884,1798,0,0,0,1.0,1,1.0,1,1.0,1,0.12098276721180672,47
2357,1,3683,1885,1798,0,0,0,1.0,1,1.0,1,1.0,1,0.1125880455516528,47
2358,0,3683,1885,1798,0,0,0,1.0,1,1.0,1,1.0,1,0.11809580082098217,48
2359,1,3684,1885,1799,0,0,0,1.0,1,1.0,1,1.0,1,0.1383215797851225,49
2360,0,3684,1885,1799,0,0,0,1.0,1,1.0,1,1.0,1,0.1383215797851225,49
2361,3,3687,1887,1800,0,0,0,1.0,1,1.0,1,1.0,1,0.168922507274363,50
2362,3,3690,1888,1802,0,0,0,1.0,1,1.0,1,1.0,1,0.17797484721412396,51
2363,2,3692,1888,1804,0,0,0,1.0,1,1.0,1,1.0,1,0.12976176490542932,51
2364,0,3692,1888,1804,0,0,0,1.0,1,1.0,1,1.0,1,0.13476860975940755,52
2365,4,3696,1891,1805,0,0,0,1.0,1,1.0,1,1.0,1,0.1652855428145623,53
2366,4,3700,1893,1807,0,0,0,1.0,1,1.0,1,1.0,1,0.15731446095887272,54
2367,5,3705,1895,1810,0,0,0,1.0,1,1.0,1,1.0,1,0.1254431547531839,52
2368,4,3709,1898,1811,0,0,0,1.0,1,1.0,1,1.0,1,0.17074058776670623,51
2369,2,3711,1899,1812,0,0,0,1.0,1,1.0,1,1.0,1,0.13421807294396332,51
2370,3,3714,1902,1812,0,0,0,1.0,1,1.0,1,1.0,1,0.16425634691181878,52
2371,2,3716,1903,1813,0,0,0,1.0,1,1.0,1,1.0,1,0.18234243092275138,52
2372,5,3721,1905,1816,0,0,0,1.0,1,1.0,1,1.0,1,0.2235850425275368,49
2373,4,3725,1907,1818,0,0,0,1.0,1,1.0,1,1.0,1,0.19076670841848065,47
2374,0,3725,1907,1818,0,0,0,1.0,1,1.0,1,1.0,1,0.1692646850656573,45
2375,0,3725,1907,1818,0,0,0,1.0,1,1.0,1,1.0,1,0.1888329093005921,45
2376,0,3725,1907,1818,0,0,0,1.0,1,1.0,1,1.0,1,0.19973937247526768,43
2377,1,3726,1907,1819,0,0,0,1.0,1,1.0,1,1.0,1,0.18749674406403952,44
2378,1,3727,1907,1820,0,0,0,1.0,1,1.0,1,1.0,1,0.17898896751252555,43
2379,0,3727,1907,1820,0,0,0,1.0,1,1.0,1,1.0,1,0.17898896751252555,43
2380,1,3728,1908,1820,0,0,0,1.0,1,1.0,1,1.0,1,0.202818856982792,43
2381,3,3731,1910,1821,0,0,0,1.0,1,1.0,1,1.0,1,0.1960270462052554,44
2382,6,3737,1913,1824,0,0,0,1.0,1,1.0,1,1.0,1,0.15377726101744432,44
2383,3,3740,1914,1826,0,0,0,1.0,1,1.0,1,1.0,1,0.14197671306988507,45
2384,1,3741,1914,1827,0,0,0,1.0,1,1.0,1,1.0,1,0.10000010835853178,45
2385,1,3742,1915,1827,0,0,0,1.0,1,1.0,1,1.0,1,0.09594684130996178,45
2386,1,3743,1916,1827,0,0,0,1.0,1,1.0,1,1.0,1,0.13525741172265268,46
2387,1,3744,1917,1827,0,0,0,1.0,1,1.0,1,1.0,1,0.14578322795249563,44
2388,3,3747,1919,1828,0,0,0,1.0,1,1.0,1,1.0,1,0.17012175336296165,44
2389,3,3750,1920,1830,0,0,0,1.0,1,1.0,1,1.0,1,0.14334078453748775,43
2390,3,3753,1922,1831,0,0,0,1.0,1,1.0,1,1.0,1,0.18556888642306998,44
2391,0,3753,1922,1831,0,0,0,1.0,1,1.0,1,1.0,1,0.17083712650959182,43
2392,2,3755,1924,1831,0,0,0,1.0,1,1.0,1,1.0,1,0.2648441197518814,44
2393,4,3759,1924,1835,0,0,0,1.0,1,1.0,1,1.0,1,0.15832669715901762,45
2394,0,3759,1924,1835,0,0,0,1.0,1,1.0,1,1.0,1,0.1431148151933924,44
2395,0,3759,1924,1835,0,0,0,1.0,1,1.0,1,1.0,1,0.1409701863188542,44
2396,2,3761,1925,1836,0,0,0,1.0,1,1.0,1,1.0,1,0.13243573784170107,45
2397,0,3761,1925,1836,0,0,0,1.0,1,1.0,1,1.0,1,0.15026402555086443,44
2398,1,3762,1926,1836,0,0,0,1.0,1,1.0,1,1.0,1,0.19084299573745409,44
2399,0,3762,1926,1836,0,0,0,1.0,1,1.0,1,1.0,1,0.20275435711631834,45
2400,2,3764,1926,1838,0,0,0,1.0,1,1.0,1,1.0,1,0.17152808258437954,45
2401,0,3764,1926,1838,0,0,0,1.0,1,1.0,1,1.0,1,0.17574478892055964,46
2402,1,3765,1926,1839,0,0,0,1.0,1,1.0,1,1.0,1,0.18787732062568518,47
2403,4,3769,1928,1841,0,0,0,1.0,1,1.0,1,1.0,1,0.17392957763680694,48
2404,3,3772,1930,1842,0,0,0,1.0,1,1.0,1,1.0,1,0.15660617476652747,47
2405,0,3772,1930,1842,0,0,0,1.0,1,1.0,1,1.0,1,0.14626276263131033,45
2406,2,3774,1932,1842,0,0,0,1.0,1,1.0,1,1.0,1,0.16976596334992541,45
2407,3,3777,1934,1843,0,0,0,1.0,1,1.0,1,1.0,1,0.1754865706468375,42
2408,1,3778,1934,1844,0,0,0,1.0,1,1.0,1,1.0,1,0.18535083542807243,41
2409,1,3779,1935,1844,0,0,0,1.0,1,1.0,1,1.0,1,0.19758456493541263,41
2410,1,3780,1935,1845,0,0,0,1.0,1,1.0,1,1.0,1,0.24842026640520368,40
2411,3,3783,1937,1846,0,0,0,1.0,1,1.0,1,1.0,1,0.19717141657834739,40
2412,1,3784,1938,1846,0,0,0,1.0,1,1.0,1,1.0,1,0.21650175914049757,38
2413,5,3789,1941,1848,0,0,0,1.0,1,1.0,1,1.0,1,0.23077869139155038,38
2414,0,3789,1941,1848,0,0,0,1.0,1,1.0,1,1.0,1,0.19776001464747,36
2415,1,3790,1942,1848,0,0,0,1.0,1,1.0,1,1.0,1,0.2491698260567501,36
2416,1,3791,1943,1848,0,0,0,1.0,1,1.0,1,1.0,1,0.23856222090157714,35
2417,2,3793,1944,1849,0,0,0,1.0,1,1.0,1,1.0,1,0.30021858350024644,33
2418,3,3796,1945,1851,0,0,0,1.0,1,1.0,1,1.0,1,0.24148109710612495,33
2419,3,3799,1946,1853,0,0,0,1.0,1,1.0,1,1.0,1,0.2461113113135,33
2420,1,3800,1946,1854,0,0,0,1.0,1,1.0,1,1.0,1,0.1935233277489654,34
2421,1,3801,1947,1854,0,0,0,1.0,1,1.0,1,1.0,1,0.24883406963453422,34
2422,5,3806,1951,1855,0,0,0,1.0,1,1.0,1,1.0,1,0.23554475968137037,35
2423,4,3810,1953,1857,0,0,0,1.0,1,1.0,1,1.0,1,0.23231942121848417,36
2424,3,3813,1956,1857,0,0,0,1.0,1,1.0,1,1.0,1,0.22579248927539405,35
2425,3,3816,1958,1858,0,0,0,1.0,1,1.0,1,1.0,1,0.22846386274706504,33
2426,2,3818,1959,1859,0,0,0,1.0,1,1.0,1,1.0,1,0.2027503416410736,34
2427,3,3821,1959,1862,0,0,0,1.0,1,1.0,1,1.0,1,0.1457294078908167,34
2428,1,3822,1960,1862,0,0,0,1.0,1,1.0,1,1.0,1,0.14361033974481313,34
2429,0,3822,1960,1862,0,0,0,1.0,1,1.0,1,1.0,1,0.17958546362403247,34
2430,0,3822,1960,1862,0,0,0,1.0,1,1.0,1,1.0,1,0.20609435310605206,33
2431,2,3824,1962,1862,0,0,0,1.0,1,1.0,1,1.0,1,0.1836766921494209,33
2432,1,3825,1962,1863,0,0,0,1.0,1,1.0,1,1.0,1,0.20463738122523745,33
2433,2,3827,1963,1864,0,0,0,1.0,1,1.0,1,1.0,1,0.18848389278538433,34
2434,0,3827,1963,1864,0,0,0,1.0,1,1.0,1,1.0,1,0.18848389278538433,34
2435,2,3829,1963,1866,0,0,0,1.0,1,1.0,1,1.0,1,0.09451101106861946,34
2436,0,3829,1963,1866,0,0,0,1.0,1,1.0,1,1.0,1,0.09270635467929746,33
2437,0,3829,1963,1866,0,0,0,1.0,1,1.0,1,1.0,1,0.09270635467929746,33
2438,1,3830,1964,1866,0,0,0,1.0,1,1.0,1,1.0,1,0.16803939848810523,34
2439,0,3830,1964,1866,0,0,0,1.0,1,1.0,1,1.0,1,0.1802085832030492,35
2440,0,3830,1964,1866,0,0,0,1.0,1,1.0,1,1.0,1,0.1802085832030492,35
2441,4,3834,1968,1866,0,0,0,1.0,1,1.0,1,1.0,1,0.2547001414134131,35
2442,1,3835,1968,1867,0,0,0,1.0,1,1.0,1,1.0,1,0.20336830860397143,35
2443,2,3837,1969,1868,0,0,0,1.0,1,1.0,1,1.0,1,0.2310533012744279,35
2444,6,3843,1971,1872,0,0,0,1.0,1,1.0,1,1.0,1,0.21599548458613582,34
2445,5,3848,1974,1874,0,0,0,1.0,1,1.0,1,1.0,1,0.3091057137567599,33
2446,0,3848,1974,1874,0,0,0,1.0,1,1.0,1,1.0,1,0.3424360456980258,30
2447,2,3850,1976,1874,0,0,0,1.0,1,1.0,1,1.0,1,0.2690025573221046,29
2448,2,3852,1978,1874,0,0,0,1.0,1,1.0,1,1.0,1,0.2966843047961281,27
2449,1,3853,1978,1875,0,0,0,1.0,1,1.0,1,1.0,1,0.2649891207359945,26
2450,3,3856,1980,1876,0,0,0,1.0,1,1.0,1,1.0,1,0.23486588587501825,28
2451,0,3856,1980,1876,0,0,0,1.0,1,1.0,1,1.0,1,0.23486588587501825,28
2452,0,3856,1980,1876,0,0,0,1.0,1,1.0,1,1.0,1,0.25235693878703847,29
2453,1,3857,1981,1876,0,0,0,1.0,1,1.0,1,1.0,1,0.24999169554073647,30
2454,0,3857,1981,1876,0,0,0,1.0,1,1.0,1,1.0,1,0.2538160563098135,32
2455,2,3859,1982,1877,0,0,0,1.0,1,1.0,1,1.0,1,0.19455209932995954,33
2456,0,3859,1982,1877,0,0,0,1.0,1,1.0,1,1.0,1,0.20568082330402426,34
2457,1,3860,1983,1877,0,0,0,1.0,1,1.0,1,1.0,1,0.23563106384472457,34
2458,3,3863,1984,1879,0,0,0,1.0,1,1.0,1,1.0,1,0.21548156214306372,36
2459,0,3863,1984,1879,0,0,0,1.0,1,1.0,1,1.0,1,0.21548156214306372,36
2460,3,3866,1986,1880,0,0,0,1.0,1,1.0,1,1.0,1,0.2399923364010818,37
2461,0,3866,1986,1880,0,0,0,1.0,1,1.0,1,1.0,1,0.2399923364010818,37
2462,6,3872,1989,1883,0,0,0,1.0,1,1.0,1,1.0,1,0.2538763701649493,38
2463,2,3874,1991,1883,0,0,0,1.0,1,1.0,1,1.0,1,0.2349085529291184,38
2464,2,3876,1992,1884,0,0,0,1.0,1,1.0,1,1.0,1,0.21877332015772324,37
2465,1,3877,1993,1884,0,0,0,1.0,1,1.0,1,1.0,1,0.20401953340011864,36
2466,2,3879,1995,1884,0,0,0,1.0,1,1.0,1,1.0,1,0.283425279340875,36
2467,1,3880,1996,1884,0,0,0,1.0,1,1.0,1,1.0,1,0.2405500254965366,34
2468,0,3880,1996,1884,0,0,0,1.0,1,1.0,1,1.0,1,0.2769229959988511,33
2469,3,3883,1998,1885,0,0,0,1.0,1,1.0,1,1.0,1,0.2569482615594742,32
2470,1,3884,1999,1885,0,0,0,1.0,1,1.0,1,1.0,1,0.31922234255829673,33
2471,1,3885,1999,1886,0,0,0,1.0,1,1.0,1,1.0,1,0.28505406638320957,31
2472,3,3888,2000,1888,0,0,0,1.0,1,1.0,1,1.0,1,0.31144740228291967,32
2473,1,3889,2000,1889,0,0,0,1.0,1,1.0,1,1.0,1,0.26250025441044217,31
2474,2,3891,2000,1891,0,0,0,1.0,1,1.0,1,1.0,1,0.22683730555230472,33
2475,2,3893,2000,1893,0,0,0,1.0,1,1.0,1,1.0,1,0.18239160810094882,33
2476,1,3894,2001,1893,0,0,0,1.0,1,1.0,1,1.0,1,0.20633043929291384,33
2477,2,3896,2002,1894,0,0,0,1.0,1,1.0,1,1.0,1,0.21891361333747641,33
2478,0,3896,2002,1894,0,0,0,1.0,1,1.0,1,1.0,1,0.21891361333747641,33
2479,3,3899,2004,1895,0,0,0,1.0,1,1.0,1,1.0,1,0.24337149391205457,33
2480,3,3902,2006,1896,0,0,0,1.0,1,1.0,1,1.0,1,0.23889368714906684,34
2481,3,3905,2008,1897,0,0,0,1.0,1,1.0,1,1.0,1,0.22391065453015896,33
2482,2,3907,2009,1898,0,0,0,1.0,1,1.0,1,1.0,1,0.23722826885712373,34
2483,2,3909,2009,1900,0,0,0,1.0,1,1.0,1,1.0,1,0.1889046303970575,33
2484,1,3910,2010,1900,0,0,0,1.0,1,1.0,1,1.0,1,0.22345912613258279,32
2485,1,3911,2010,1901,0,0,0,1.0,1,1.0,1,1.0,1,0.18302385925540945,31
2486,2,3913,2012,1901,0,0,0,1.0,1,1.0,1,1.0,1,0.2498791750305973,29
2487,0,3913,2012,1901,0,0,0,1.0,1,1.0,1,1.0,1,0.2498791750305973,29
2488,2,3915,2013,1902,0,0,0,1.0,1,1.0,1,1.0,1,0.3337833591151439,30
2489,1,3916,2014,1902,0,0,0,1.0,1,1.0,1,1.0,1,0.30530034770327086,29
2490,1,3917,2015,1902,0,0,0,1.0,1,1.0,1,1.0,1,0.332588790249042,30
2491,2,3919,2015,1904,0,0,0,1.0,1,1.0,1,1.0,1,0.25384530791247867,30
2492,1,3920,2016,1904,0,0,0,1.0,1,1.0,1,1.0,1,0.22592297845621054,29
2493,0,3920,2016,1904,0,0,0,1.0,1,1.0,1,1.0,1,0.22592297845621054,29
2494,0,3920,2016,1904,0,0,0,1.0,1,1.0,1,1.0,1,0.26106072798027846,28
2495,1,3921,2017,1904,0,0,0,1.0,1,1.0,1,1.0,1,0.32998359293151763,29
2496,0,3921,2017,1904,0,0,0,1.0,1,1.0,1,1.0,1,0.3125927926141343,28
2497,0,3921,2017,1904,0,0,0,1.0,1,1.0,1,1.0,1,0.30160288423221654,28
2498,0,3921,2017,1904,0,0,0,1.0,1,1.0,1,1.0,1,0.3240887698883824,29
2499,0,3921,2017,1904,0,0,0,1.0,1,1.0,1,1.0,1,0.32468080381606224,30
2500,6,3927,2020,1907,0,0,0,1.0,1,1.0,1,1.0,1,0.21642848493065506,29
2501,4,3931,2022,1909,0,0,0,1.0,1,1.0,1,1.0,1,0.19799894710515092,33
2502,6,3937,2025,1912,0,0,0,1.0,1,1.0,1,1.0,1,0.2098840846283298,33
2503,0,3937,2025,1912,0,0,0,1.0,1,1.0,1,1.0,1,0.20187015737999367,31
2504,4,3941,2028,1913,0,0,0,1.0,1,1.0,1,1.0,1,0.19907559185859833,31
2505,2,3943,2029,1914,0,0,0,1.0,1,1.0,1,1.0,1,0.16572046405297952,32
2506,3,3946,2032,1914,0,0,0,1.0,1,1.0,1,1.0,1,0.19429854455304124,31
2507,1,3947,2033,1914,0,0,0,1.0,1,1.0,1,1.0,1,0.1944647672119433,29
2508,2,3949,2035,1914,0,0,0,1.0,1,1.0,1,1.0,1,0.19368267818774135,31
2509,0,3949,2035,1914,0,0,0,1.0,1,1.0,1,1.0,1,0.1813545527936841,30
2510,1,3950,2036,1914,0,0,0,1.0,1,1.0,1,1.0,1,0.20786888348841992,31
2511,1,3951,2037,1914,0,0,0,1.0,1,1.0,1,1.0,1,0.23217627652543665,32
2512,1,3952,2038,1914,0,0,0,1.0,1,1.0,1,1.0,1,0.24453055558709955,32
2513,1,3953,2039,1914,0,0,0,1.0,1,1.0,1,1.0,1,0.22016016287414622,34
2514,1,3954,2040,1914,0,0,0,1.0,1,1.0,1,1.0,1,0.26699794854737896,35
2515,3,3957,2041,1916,0,0,0,1.0,1,1.0,1,1.0,1,0.22750350691856921,35
2516,3,3960,2043,1917,0,0,0,1.0,1,1.0,1,1.0,1,0.22314317915956966,34
2517,2,3962,2045,1917,0,0,0,1.0,1,1.0,1,1.0,1,0.27212947311986424,34
2518,1,3963,2046,1917,0,0,0,1.0,1,1.0,1,1.0,1,0.30499846397807107,33
2519,2,3965,2047,1918,0,0,0,1.0,1,1.0,1,1.0,1,0.2402478803872687,32
2520,1,3966,2048,1918,0,0,0,1.0,1,1.0,1,1.0,1,0.2971100332768,31
2521,1,3967,2049,1918,0,0,0,1.0,1,1.0,1,1.0,1,0.27689933034842096,31
2522,0,3967,2049,1918,0,0,0,1.0,1,1.0,1,1.0,1,0.34545315319197667,30
2523,3,3970,2050,1920,0,0,0,1.0,1,1.0,1,1.0,1,0.3380504444381759,30
2524,0,3970,2050,1920,0,0,0,1.0,1,1.0,1,1.0,1,0.3395566658957029,29
2525,2,3972,2051,1921,0,0,0,1.0,1,1.0,1,1.0,1,0.3454595204604203,29
2526,0,3972,2051,1921,0,0,0,1.0,1,1.0,1,1.0,1,0.38592304059814436,27
2527,0,3972,2051,1921,0,0,0,1.0,1,1.0,1,1.0,1,0.37038459659950973,28
2528,0,3972,2051,1921,0,0,0,1.0,1,1.0,1,1.0,1,0.37038459659950973,28
2529,0,3972,2051,1921,0,0,0,1.0,1,1.0,1,1.0,1,0.37038459659950973,28
2530,0,3972,2051,1921,0,0,0,1.0,1,1.0,1,1.0,1,0.3823811312790122,29
2531,2,3974,2051,1923,0,0,0,1.0,1,1.0,1,1.0,1,0.33068361112954414,30
2532,0,3974,2051,1923,0,0,0,1.0,1,1.0,1,1.0,1,0.3280127066580208,31
2533,0,3974,2051,1923,0,0,0,1.0,1,1.0,1,1.0,1,0.3280127066580208,31
2534,0,3974,2051,1923,0,0,0,1.0,1,1.0,1,1.0,1,0.3280127066580208,31
2535,1,3975,2052,1923,0,0,0,1.0,1,1.0,1,1.0,1,0.3565339998958786,31
2536,1,3976,2053,1923,0,0,0,1.0,1,1.0,1,1.0,1,0.39955574229581076,32
2537,3,3979,2055,1924,0,0,0,1.0,1,1.0,1,1.0,1,0.34673641224872337,33
2538,2,3981,2056,1925,0,0,0,1.0,1,1.0,1,1.0,1,0.3263296638551178,35
2539,3,3984,2057,1927,0,0,0,1.0,1,1.0,1,1.0,1,0.288519701416525,37
2540,2,3986,2059,1927,0,0,0,1.0,1,1.0,1,1.0,1,0.29095523812056984,38
2541,5,3991,2061,1930,0,0,0,1.0,1,1.0,1,1.0,1,0.2674644287711794,39
2542,5,3996,2065,1931,0,0,0,1.0,1,1.0,1,1.0,1,0.23600938659603943,38
2543,2,3998,2067,1931,0,0,0,1.0,1,1.0,1,1.0,1,0.2731160512887794,41
2544,1,3999,2068,1931,0,0,0,1.0,1,1.0,1,1.0,1,0.281156431424586,39
2545,4,4003,2071,1932,0,0,0,1.0,1,1.0,1,1.0,1,0.31090344273317366,40
2546,0,4003,2071,1932,0,0,0,1.0,1,1.0,1,1.0,1,0.28091940785473973,38
2547,6,4009,2075,1934,0,0,0,1.0,1,1.0,1,1.0,1,0.31668119214046325,38
2548,1,4010,2075,1935,0,0,0,1.0,1,1.0,1,1.0,1,0.2730201473050374,35
2549,3,4013,2077,1936,0,0,0,1.0,1,1.0,1,1.0,1,0.32520706756275236,35
2550,2,4015,2078,1937,0,0,0,1.0,1,1.0,1,1.0,1,0.3217022923613828,33
2551,1,4016,2078,1938,0,0,0,1.0,1,1.0,1,1.0,1,0.31117419357474574,31
2552,0,4016,2078,1938,0,0,0,1.0,1,1.0,1,1.0,1,0.3107196355810598,30
2553,0,4016,2078,1938,0,0,0,1.0,1,1.0,1,1.0,1,0.3107196355810598,30
2554,3,4019,2078,1941,0,0,0,1.0,1,1.0,1,1.0,1,0.23201351257609765,32
2555,1,4020,2079,1941,0,0,0,1.0,1,1.0,1,1.0,1,0.28598543687467926,32
2556,0,4020,2079,1941,0,0,0,1.0,1,1.0,1,1.0,1,0.28201782583088064,32
2557,0,4020,2079,1941,0,0,0,1.0,1,1.0,1,1.0,1,0.3170200632665842,30
2558,2,4022,2081,1941,0,0,0,1.0,1,1.0,1,1.0,1,0.36235453247317395,31
2559,4,4026,2081,1945,0,0,0,1.0,1,1.0,1,1.0,1,0.24195303483199013,30
2560,0,4026,2081,1945,0,0,0,1.0,1,1.0,1,1.0,1,0.24195303483199013,30
2561,0,4026,2081,1945,0,0,0,1.0,1,1.0,1,1.0,1,0.24195303483199013,30
2562,1,4027,2081,1946,0,0,0,1.0,1,1.0,1,1.0,1,0.26468716306517137,33
2563,0,4027,2081,1946,0,0,0,1.0,1,1.0,1,1.0,1,0.26468716306517137,33
2564,0,4027,2081,1946,0,0,0,1.0,1,1.0,1,1.0,1,0.26468716306517137,33
2565,1,4028,2082,1946,0,0,0,1.0,1,1.0,1,1.0,1,0.25112460891349403,33
2566,1,4029,2083,1946,0,0,0,1.0,1,1.0,1,1.0,1,0.2725915829620204,35
2567,2,4031,2084,1947,0,0,0,1.0,1,1.0,1,1.0,1,0.24987148070552245,36
2568,1,4032,2085,1947,0,0,0,1.0,1,1.0,1,1.0,1,0.31730771643487976,37
2569,1,4033,2085,1948,0,0,0,1.0,1,1.0,1,1.0,1,0.30163433369031345,37
2570,1,4034,2085,1949,0,0,0,1.0,1,1.0,1,1.0,1,0.298250177669355,37
2571,0,4034,2085,1949,0,0,0,1.0,1,1.0,1,1.0,1,0.298250177669355,37
2572,0,4034,2085,1949,0,0,0,1.0,1,1.0,1,1.0,1,0.27565430466070295,39
2573,0,4034,2085,1949,0,0,0,1.0,1,1.0,1,1.0,1,0.27565430466070295,39
2574,0,4034,2085,1949,0,0,0,1.0,1,1.0,1,1.0,1,0.30050724822876385,38
2575,0,4034,2085,1949,0,0,0,1.0,1,1.0,1,1.0,1,0.30050724822876385,38
2576,0,4034,2085,1949,0,0,0,1.0,1,1.0,1,1.0,1,0.31364422344335147,37
2577,1,4035,2085,1950,0,0,0,1.0,1,1.0,1,1.0,1,0.28214965693945243,39
2578,2,4037,2086,1951,0,0,0,1.0,1,1.0,1,1.0,1,0.2943707191311515,40
2579,2,4039,2086,1953,0,0,0,1.0,1,1.0,1,1.0,1,0.2587303963490718,41
2580,0,4039,2086,1953,0,0,0,1.0,1,1.0,1,1.0,1,0.26914538856023146,42
2581,1,4040,2087,1953,0,0,0,1.0,1,1.0,1,1.0,1,0.2805021943424412,43
2582,1,4041,2087,1954,0,0,0,1.0,1,1.0,1,1.0,1,0.26571173552952226,43
2583,2,4043,2088,1955,0,0,0,1.0,1,1.0,1,1.0,1,0.30168742970596124,43
2584,2,4045,2088,1957,0,0,0,1.0,1,1.0,1,1.0,1,0.2518631034617887,43
2585,3,4048,2089,1959,0,0,0,1.0,1,1.0,1,1.0,1,0.2642921472459668,44
2586,1,4049,2089,1960,0,0,0,1.0,1,1.0,1,1.0,1,0.24189700225407465,43
2587,4,4053,2090,1963,0,0,0,1.0,1,1.0,1,1.0,1,0.23011312062621087,44
2588,2,4055,2091,1964,0,0,0,1.0,1,1.0,1,1.0,1,0.23312919603565085,44
2589,6,4061,2093,1968,0,0,0,1.0,1,1.0,1,1.0,1,0.22964937813445932,44
2590,0,4061,2093,1968,0,0,0,1.0,1,1.0,1,1.0,1,0.22964937813445932,44
2591,0,4061,2093,1968,0,0,0,1.0,1,1.0,1,1.0,1,0.22964937813445932,44
2592,1,4062,2094,1968,0,0,0,1.0,1,1.0,1,1.0,1,0.2439077649681,44
2593,1,4063,2095,1968,0,0,0,1.0,1,1.0,1,1.0,1,0.22257589168655886,43
2594,5,4068,2098,1970,0,0,0,1.0,1,1.0,1,1.0,1,0.26924778930488596,48
2595,4,4072,2099,1973,0,0,0,1.0,1,1.0,1,1.0,1,0.1872717288827154,45
2596,1,4073,2100,1973,0,0,0,1.0,1,1.0,1,1.0,1,0.20245543009238,46
2597,1,4074,2101,1973,0,0,0,1.0,1,1.0,1,1.0,1,0.18621743687775147,45
2598,0,4074,2101,1973,0,0,0,1.0,1,1.0,1,1.0,1,0.18621743687775147,45
2599,1,4075,2102,1973,0,0,0,1.0,1,1.0,1,1.0,1,0.18667785464119507,45
2600,1,4076,2103,1973,0,0,0,1.0,1,1.0,1,1.0,1,0.19563253764996158,48
2601,3,4079,2105,1974,0,0,0,1.0,1,1.0,1,1.0,1,0.23770019383472446,47
2602,2,4081,2105,1976,0,0,0,1.0,1,1.0,1,1.0,1,0.21887431130255972,48
2603,2,4083,2105,1978,0,0,0,1.0,1,1.0,1,1.0,1,0.17504367589032666,48
2604,0,4083,2105,1978,0,0,0,1.0,1,1.0,1,1.0,1,0.19197123642070663,47
2605,3,4086,2107,1979,0,0,0,1.0,1,1.0,1,1.0,1,0.22606904969466635,47
2606,1,4087,2107,1980,0,0,0,1.0,1,1.0,1,1.0,1,0.1976546182889945,46
2607,0,4087,2107,1980,0,0,0,1.0,1,1.0,1,1.0,1,0.20655047211839708,45
2608,0,4087,2107,1980,0,0,0,1.0,1,1.0,1,1.0,1,0.20655047211839708,45
2609,1,4088,2107,1981,0,0,0,1.0,1,1.0,1,1.0,1,0.18949764021810928,44
2610,1,4089,2108,1981,0,0,0,1.0,1,1.0,1,1.0,1,0.2270728942904071,45
2611,4,4093,2111,1982,0,0,0,1.0,1,1.0,1,1.0,1,0.1767734017847174,46
2612,0,4093,2111,1982,0,0,0,1.0,1,1.0,1,1.0,1,0.19286152893199118,47
2613,2,4095,2113,1982,0,0,0,1.0,1,1.0,1,1.0,1,0.21157363532282353,48
2614,4,4099,2115,1984,0,0,0,1.0,1,1.0,1,1.0,1,0.24157946381181272,48
2615,5,4104,2117,1987,0,0,0,1.0,1,1.0,1,1.0,1,0.21050943602118177,49
2616,0,4104,2117,1987,0,0,0,1.0,1,1.0,1,1.0,1,0.21050943602118177,49
2617,3,4107,2117,1990,0,0,0,1.0,1,1.0,1,1.0,1,0.14472665225104497,48
2618,0,4107,2117,1990,0,0,0,1.0,1,1.0,1,1.0,1,0.1554917943228942,47
2619,1,4108,2117,1991,0,0,0,1.0,1,1.0,1,1.0,1,0.14789915448909297,50
2620,2,4110,2118,1992,0,0,0,1.0,1,1.0,1,1.0,1,0.12841961358556528,51
2621,0,4110,2118,1992,0,0,0,1.0,1,1.0,1,1.0,1,0.13254854600168609,52
2622,1,4111,2119,1992,0,0,0,1.0,1,1.0,1,1.0,1,0.133785098328542,52
2623,1,4112,2120,1992,0,0,0,1.0,1,1.0,1,1.0,1,0.1640889304844082,53
2624,2,4114,2122,1992,0,0,0,1.0,1,1.0,1,1.0,1,0.17139576830780112,51
2625,3,4117,2124,1993,0,0,0,1.0,1,1.0,1,1.0,1,0.18147195545513925,50
2626,1,4118,2125,1993,0,0,0,1.0,1,1.0,1,1.0,1,0.19368139338322393,49
2627,1,4119,2126,1993,0,0,0,1.0,1,1.0,1,1.0,1,0.1924625485674252,48
2628,5,4124,2129,1995,0,0,0,1.0,1,1.0,1,1.0,1,0.23501359173905714,48
2629,2,4126,2129,1997,0,0,0,1.0,1,1.0,1,1.0,1,0.1452236919718145,47
2630,1,4127,2130,1997,0,0,0,1.0,1,1.0,1,1.0,1,0.17867311716868736,47
2631,1,4128,2131,1997,0,0,0,1.0,1,1.0,1,1.0,1,0.2051587097018223,47
2632,3,4131,2134,1997,0,0,0,1.0,1,1.0,1,1.0,1,0.23586764519172362,47
2633,0,4131,2134,1997,0,0,0,1.0,1,1.0,1,1.0,1,0.2175644569308657,44
2634,3,4134,2135,1999,0,0,0,1.0,1,1.0,1,1.0,1,0.22381198089125698,44
2635,2,4136,2136,2000,0,0,0,1.0,1,1.0,1,1.0,1,0.23296860119149937,45
2636,4,4140,2138,2002,0,0,0,1.0,1,1.0,1,1.0,1,0.22455183440264895,40
2637,5,4145,2140,2005,0,0,0,1.0,1,1.0,1,1.0,1,0.23709119554846989,41
2638,6,4151,2144,2007,0,0,0,1.0,1,1.0,1,1.0,1,0.2002406394698178,38
2639,2,4153,2144,2009,0,0,0,1.0,1,1.0,1,1.0,1,0.15340077589746348,39
2640,0,4153,2144,2009,0,0,0,1.0,1,1.0,1,1.0,1,0.16591723842600467,38
2641,3,4156,2146,2010,0,0,0,1.0,1,1.0,1,1.0,1,0.17787837413189642,37
2642,5,4161,2150,2011,0,0,0,1.0,1,1.0,1,1.0,1,0.2466808301449588,38
2643,2,4163,2151,2012,0,0,0,1.0,1,1.0,1,1.0,1,0.19378759933478037,37
2644,0,4163,2151,2012,0,0,0,1.0,1,1.0,1,1.0,1,0.16965068324983246,36
2645,1,4164,2151,2013,0,0,0,1.0,1,1.0,1,1.0,1,0.09415999940691451,35
2646,0,4164,2151,2013,0,0,0,1.0,1,1.0,1,1.0,1,0.09372527226405322,35
2647,1,4165,2152,2013,0,0,0,1.0,1,1.0,1,1.0,1,0.1491583116725918,35
2648,1,4166,2153,2013,0,0,0,1.0,1,1.0,1,1.0,1,0.17002040137011776,36
2649,1,4167,2154,2013,0,0,0,1.0,1,1.0,1,1.0,1,0.15731668604300053,37
2650,0,4167,2154,2013,0,0,0,1.0,1,1.0,1,1.0,1,0.17995757905330997,39
2651,1,4168,2155,2013,0,0,0,1.0,1,1.0,1,1.0,1,0.18309490930673972,39
2652,0,4168,2155,2013,0,0,0,1.0,1,1.0,1,1.0,1,0.18309490930673972,39
2653,0,4168,2155,2013,0,0,0,1.0,1,1.0,1,1.0,1,0.18309490930673972,39
2654,0,4168,2155,2013,0,0,0,1.0,1,1.0,1,1.0,1,0.1985242589912816,40
2655,1,4169,2155,2014,0,0,0,1.0,1,1.0,1,1.0,1,0.16847774661799783,40
2656,0,4169,2155,2014,0,0,0,1.0,1,1.0,1,1.0,1,0.16070296253208982,39
2657,0,4169,2155,2014,0,0,0,1.0,1,1.0,1,1.0,1,0.17785386985181179,40
2658,1,4170,2155,2015,0,0,0,1.0,1,1.0,1,1.0,1,0.1972988179753054,41
2659,3,4173,2157,2016,0,0,0,1.0,1,1.0,1,1.0,1,0.23318881767930724,41
2660,2,4175,2158,2017,0,0,0,1.0,1,1.0,1,1.0,1,0.2614039975584497,40
2661,6,4181,2160,2021,0,0,0,1.0,1,1.0,1,1.0,1,0.20630890081614384,40
2662,2,4183,2162,2021,0,0,0,1.0,1,1.0,1,1.0,1,0.20853017018526773,42
2663,3,4186,2164,2022,0,0,0,1.0,1,1.0,1,1.0,1,0.1725577729980678,41
2664,1,4187,2165,2022,0,0,0,1.0,1,1.0,1,1.0,1,0.20649963779893638,42
2665,2,4189,2167,2022,0,0,0,1.0,1,1.0,1,1.0,1,0.19276384009574296,43
2666,4,4193,2170,2023,0,0,0,1.0,1,1.0,1,1.0,1,0.2184030477633806,44
2667,1,4194,2171,2023,0,0,0,1.0,1,1.0,1,1.0,1,0.24205977903000395,42
2668,3,4197,2173,2024,0,0,0,1.0,1,1.0,1,1.0,1,0.2643619435034633,41
2669,1,4198,2173,2025,0,0,0,1.0,1,1.0,1,1.0,1,0.24848668622925668,42
2670,0,4198,2173,2025,0,0,0,1.0,1,1.0,1,1.0,1,0.28145318556945126,40
2671,1,4199,2174,2025,0,0,0,1.0,1,1.0,1,1.0,1,0.3122819904514397,39
2672,4,4203,2177,2026,0,0,0,1.0,1,1.0,1,1.0,1,0.34225515948064167,36
2673,4,4207,2179,2028,0,0,0,1.0,1,1.0,1,1.0,1,0.3321991632723155,35
2674,1,4208,2179,2029,0,0,0,1.0,1,1.0,1,1.0,1,0.25721580076946016,33
2675,0,4208,2179,2029,0,0,0,1.0,1,1.0,1,1.0,1,0.25011539856516507,34
2676,1,4209,2180,2029,0,0,0,1.0,1,1.0,1,1.0,1,0.25248298026271504,32
2677,2,4211,2182,2029,0,0,0,1.0,1,1.0,1,1.0,1,0.30503814410784874,33
2678,3,4214,2184,2030,0,0,0,1.0,1,1.0,1,1.0,1,0.2751791228083223,33
2679,1,4215,2184,2031,0,0,0,1.0,1,1.0,1,1.0,1,0.2700162566026555,32
2680,1,4216,2185,2031,0,0,0,1.0,1,1.0,1,1.0,1,0.25257491999618015,32
2681,1,4217,2185,2032,0,0,0,1.0,1,1.0,1,1.0,1,0.23966258871788995,32
2682,2,4219,2187,2032,0,0,0,1.0,1,1.0,1,1.0,1,0.26662571632774557,33
2683,1,4220,2187,2033,0,0,0,1.0,1,1.0,1,1.0,1,0.2844848339403696,32
2684,0,4220,2187,2033,0,0,0,1.0,1,1.0,1,1.0,1,0.3097542421057195,31
2685,0,4220,2187,2033,0,0,0,1.0,1,1.0,1,1.0,1,0.3097542421057195,31
2686,0,4220,2187,2033,0,0,0,1.0,1,1.0,1,1.0,1,0.3031521938280437,30
2687,1,4221,2188,2033,0,0,0,1.0,1,1.0,1,1.0,1,0.31572341531477627,30
2688,2,4223,2189,2034,0,0,0,1.0,1,1.0,1,1.0,1,0.33532658568565904,30
2689,3,4226,2191,2035,0,0,0,1.0,1,1.0,1,1.0,1,0.31810707397427906,31
2690,3,4229,2194,2035,0,0,0,1.0,1,1.0,1,1.0,1,0.25793304290584196,31
2691,2,4231,2195,2036,0,0,0,1.0,1,1.0,1,1.0,1,0.2871627359365451,32
2692,3,4234,2196,2038,0,0,0,1.0,1,1.0,1,1.0,1,0.25067389562749415,32
2693,4,4238,2198,2040,0,0,0,1.0,1,1.0,1,1.0,1,0.2734295208091653,33
2694,0,4238,2198,2040,0,0,0,1.0,1,1.0,1,1.0,1,0.2587747795949889,34
2695,2,4240,2198,2042,0,0,0,1.0,1,1.0,1,1.0,1,0.19042036779750204,35
2696,0,4240,2198,2042,0,0,0,1.0,1,1.0,1,1.0,1,0.19042036779750204,35
2697,0,4240,2198,2042,0,0,0,1.0,1,1.0,1,1.0,1,0.19042036779750204,35
2698,1,4241,2198,2043,0,0,0,1.0,1,1.0,1,1.0,1,0.17015015510553155,36
2699,1,4242,2198,2044,0,0,0,1.0,1,1.0,1,1.0,1,0.19610553889133067,36
2700,1,4243,2198,2045,0,0,0,1.0,1,1.0,1,1.0,1,0.16920477473597723,37
2701,1,4244,2199,2045,0,0,0,1.0,1,1.0,1,1.0,1,0.15687004741020966,37
2702,3,4247,2202,2045,0,0,0,1.0,1,1.0,1,1.0,1,0.2597893540588643,37
2703,3,4250,2203,2047,0,0,0,1.0,1,1.0,1,1.0,1,0.2470007274822498,38
2704,2,4252,2204,2048,0,0,0,1.0,1,1.0,1,1.0,1,0.2787494600106309,37
2705,3,4255,2206,2049,0,0,0,1.0,1,1.0,1,1.0,1,0.2828501062098647,36
2706,0,4255,2206,2049,0,0,0,1.0,1,1.0,1,1.0,1,0.26974134371360753,36
2707,1,4256,2207,2049,0,0,0,1.0,1,1.0,1,1.0,1,0.28715211211450786,35
2708,3,4259,2209,2050,0,0,0,1.0,1,1.0,1,1.0,1,0.313821862723263,36
2709,2,4261,2211,2050,0,0,0,1.0,1,1.0,1,1.0,1,0.25863728504771355,32
2710,1,4262,2212,2050,0,0,0,1.0,1,1.0,1,1.0,1,0.33267636419038704,29
2711,3,4265,2212,2053,0,0,0,1.0,1,1.0,1,1.0,1,0.27901006419039714,29
2712,3,4268,2213,2055,0,0,0,1.0,1,1.0,1,1.0,1,0.26339877718207677,28
2713,0,4268,2213,2055,0,0,0,1.0,1,1.0,1,1.0,1,0.28128532997934996,28
2714,2,4270,2215,2055,0,0,0,1.0,1,1.0,1,1.0,1,0.32566517978084036,26
2715,1,4271,2216,2055,0,0,0,1.0,1,1.0,1,1.0,1,0.3502257188396283,24
2716,1,4272,2216,2056,0,0,0,1.0,1,1.0,1,1.0,1,0.3195083439774485,24
2717,3,4275,2219,2056,0,0,0,1.0,1,1.0,1,1.0,1,0.39471077486831646,25
2718,3,4278,2219,2059,0,0,0,1.0,1,1.0,1,1.0,1,0.3508281122363682,25
2719,5,4283,2222,2061,0,0,0,1.0,1,1.0,1,1.0,1,0.3507887528398587,25
2720,0,4283,2222,2061,0,0,0,1.0,1,1.0,1,1.0,1,0.3507887528398587,25
2721,3,4286,2224,2062,0,0,0,1.0,1,1.0,1,1.0,1,0.30906576834552524,25
2722,1,4287,2225,2062,0,0,0,1.0,1,1.0,1,1.0,1,0.2654683623638193,26
2723,0,4287,2225,2062,0,0,0,1.0,1,1.0,1,1.0,1,0.2654683623638193,26
2724,1,4288,2226,2062,0,0,0,1.0,1,1.0,1,1.0,1,0.27314184730939317,27
2725,0,4288,2226,2062,0,0,0,1.0,1,1.0,1,1.0,1,0.2785088661106146,28
2726,1,4289,2227,2062,0,0,0,1.0,1,1.0,1,1.0,1,0.2776887688179008,28
2727,0,4289,2227,2062,0,0,0,1.0,1,1.0,1,1.0,1,0.27150263902877525,29
2728,1,4290,2228,2062,0,0,0,1.0,1,1.0,1,1.0,1,0.32348149225700684,29
2729,1,4291,2229,2062,0,0,0,1.0,1,1.0,1,1.0,1,0.31652426498281117,29
2730,0,4291,2229,2062,0,0,0,1.0,1,1.0,1,1.0,1,0.31652426498281117,29
2731,4,4295,2230,2065,0,0,0,1.0,1,1.0,1,1.0,1,0.2729616412239698,30
2732,0,4295,2230,2065,0,0,0,1.0,1,1.0,1,1.0,1,0.27430387738626916,29
2733,0,4295,2230,2065,0,0,0,1.0,1,1.0,1,1.0,1,0.27430387738626916,29
2734,0,4295,2230,2065,0,0,0,1.0,1,1.0,1,1.0,1,0.27430387738626916,29
2735,1,4296,2231,2065,0,0,0,1.0,1,1.0,1,1.0,1,0.31037488194099044,29
2736,0,4296,2231,2065,0,0,0,1.0,1,1.0,1,1.0,1,0.3343108687655865,30
2737,1,4297,2231,2066,0,0,0,1.0,1,1.0,1,1.0,1,0.326880245045759,30
2738,2,4299,2233,2066,0,0,0,1.0,1,1.0,1,1.0,1,0.36607048007732174,30
2739,2,4301,2234,2067,0,0,0,1.0,1,1.0,1,1.0,1,0.36268302385843776,29
2740,2,4303,2236,2067,0,0,0,1.0,1,1.0,1,1.0,1,0.4466687640335304,29
2741,7,4310,2236,2074,0,0,0,1.0,1,1.0,1,1.0,1,0.27454775915174645,28
2742,4,4314,2238,2076,0,0,0,1.0,1,1.0,1,1.0,1,0.29005134648633657,28
2743,1,4315,2238,2077,0,0,0,1.0,1,1.0,1,1.0,1,0.2859021754228638,29
2744,0,4315,2238,2077,0,0,0,1.0,1,1.0,1,1.0,1,0.272755315510567,27
2745,3,4318,2239,2079,0,0,0,1.0,1,1.0,1,1.0,1,0.2936454240028772,25
2746,2,4320,2241,2079,0,0,0,1.0,1,1.0,1,1.0,1,0.3938707460787221,25
2747,1,4321,2242,2079,0,0,0,1.0,1,1.0,1,1.0,1,0.42733904606169015,23
2748,0,4321,2242,2079,0,0,0,1.0,1,1.0,1,1.0,1,0.4035357680997954,22
2749,0,4321,2242,2079,0,0,0,1.0,1,1.0,1,1.0,1,0.3963939969011186,19
2750,1,4322,2243,2079,0,0,0,1.0,1,1.0,1,1.0,1,0.4249337400036413,18
2751,0,4322,2243,2079,0,0,0,1.0,1,1.0,1,1.0,1,0.4042470552747902,16
2752,0,4322,2243,2079,0,0,0,1.0,1,1.0,1,1.0,1,0.45456004756996843,15
2753,0,4322,2243,2079,0,0,0,1.0,1,1.0,1,1.0,1,0.45456004756996843,15
2754,0,4322,2243,2079,0,0,0,1.0,1,1.0,1,1.0,1,0.45456004756996843,15
2755,0,4322,2243,2079,0,0,0,1.0,1,1.0,1,1.0,1,0.45456004756996843,15
2756,0,4322,2243,2079,0,0,0,1.0,1,1.0,1,1.0,1,0.435115866232059,16
2757,0,4322,2243,2079,0,0,0,1.0,1,1.0,1,1.0,1,0.4357035465974443,17
2758,0,4322,2243,2079,0,0,0,1.0,1,1.0,1,1.0,1,0.4357035465974443,17
2759,0,4322,2243,2079,0,0,0,1.0,1,1.0,1,1.0,1,0.4403775123309497,18
2760,0,4322,2243,2079,0,0,0,1.0,1,1.0,1,1.0,1,0.4403775123309497,18
2761,0,4322,2243,2079,0,0,0,1.0,1,1.0,1,1.0,1,0.4403775123309497,18
2762,0,4322,2243,2079,0,0,0,1.0,1,1.0,1,1.0,1,0.4403775123309497,18
2763,0,4322,2243,2079,0,0,0,1.0,1,1.0,1,1.0,1,0.43569007084078326,17
2764,5,4327,2245,2082,0,0,0,1.0,1,1.0,1,1.0,1,0.4027284514741581,17
2765,0,4327,2245,2082,0,0,0,1.0,1,1.0,1,1.0,1,0.4209446940315234,18
2766,0,4327,2245,2082,0,0,0,1.0,1,1.0,1,1.0,1,0.4209446940315234,18
2767,0,4327,2245,2082,0,0,0,1.0,1,1.0,1,1.0,1,0.4209446940315234,18
2768,1,4328,2245,2083,0,0,0,1.0,1,1.0,1,1.0,1,0.37358621133700665,18
2769,0,4328,2245,2083,0,0,0,1.0,1,1.0,1,1.0,1,0.37358621133700665,18
2770,1,4329,2246,2083,0,0,0,1.0,1,1.0,1,1.0,1,0.367600717681075,18
2771,0,4329,2246,2083,0,0,0,1.0,1,1.0,1,1.0,1,0.367600717681075,18
2772,0,4329,2246,2083,0,0,0,1.0,1,1.0,1,1.0,1,0.367600717681075,18
2773,0,4329,2246,2083,0,0,0,1.0,1,1.0,1,1.0,1,0.367600717681075,18
2774,3,4332,2247,2085,0,0,0,1.0,1,1.0,1,1.0,1,0.3551989142453909,20
2775,0,4332,2247,2085,0,0,0,1.0,1,1.0,1,1.0,1,0.34648533487229566,21
2776,0,4332,2247,2085,0,0,0,1.0,1,1.0,1,1.0,1,0.34648533487229566,21
2777,0,4332,2247,2085,0,0,0,1.0,1,1.0,1,1.0,1,0.3325084536401154,22
2778,2,4334,2248,2086,0,0,0,1.0,1,1.0,1,1.0,1,0.35662267430506356,24
2779,1,4335,2249,2086,0,0,0,1.0,1,1.0,1,1.0,1,0.3906520914378367,24
2780,1,4336,2250,2086,0,0,0,1.0,1,1.0,1,1.0,1,0.36394495293652057,24
2781,0,4336,2250,2086,0,0,0,1.0,1,1.0,1,1.0,1,0.36394495293652057,24
2782,1,4337,2250,2087,0,0,0,1.0,1,1.0,1,1.0,1,0.32917791466183377,24
2783,0,4337,2250,2087,0,0,0,1.0,1,1.0,1,1.0,1,0.32917791466183377,24
2784,2,4339,2252,2087,0,0,0,1.0,1,1.0,1,1.0,1,0.377302774998655,24
2785,0,4339,2252,2087,0,0,0,1.0,1,1.0,1,1.0,1,0.33167181916147254,22
2786,1,4340,2252,2088,0,0,0,1.0,1,1.0,1,1.0,1,0.38095756171691203,22
2787,1,4341,2252,2089,0,0,0,1.0,1,1.0,1,1.0,1,0.30560233693544503,21
2788,0,4341,2252,2089,0,0,0,1.0,1,1.0,1,1.0,1,0.2843779858374808,20
2789,1,4342,2253,2089,0,0,0,1.0,1,1.0,1,1.0,1,0.34418821682256096,20
2790,0,4342,2253,2089,0,0,0,1.0,1,1.0,1,1.0,1,0.36683044690166966,21
2791,1,4343,2254,2089,0,0,0,1.0,1,1.0,1,1.0,1,0.36227131548070307,21
2792,1,4344,2254,2090,0,0,0,1.0,1,1.0,1,1.0,1,0.3136155161619828,21
2793,0,4344,2254,2090,0,0,0,1.0,1,1.0,1,1.0,1,0.34241514759676694,18
2794,0,4344,2254,2090,0,0,0,1.0,1,1.0,1,1.0,1,0.34241514759676694,18
2795,0,4344,2254,2090,0,0,0,1.0,1,1.0,1,1.0,1,0.3539275704597128,20
2796,1,4345,2255,2090,0,0,0,1.0,1,1.0,1,1.0,1,0.33308527410473454,21
2797,0,4345,2255,2090,0,0,0,1.0,1,1.0,1,1.0,1,0.33308527410473454,21
2798,0,4345,2255,2090,0,0,0,1.0,1,1.0,1,1.0,1,0.33308527410473454,21
2799,1,4346,2255,2091,0,0,0,1.0,1,1.0,1,1.0,1,0.3001729750088773,22
2800,0,4346,2255,2091,0,0,0,1.0,1,1.0,1,1.0,1,0.3001729750088773,22
2801,1,4347,2256,2091,0,0,0,1.0,1,1.0,1,1.0,1,0.2907968698214403,22
2802,0,4347,2256,2091,0,0,0,1.0,1,1.0,1,1.0,1,0.2907968698214403,22
2803,1,4348,2257,2091,0,0,0,1.0,1,1.0,1,1.0,1,0.34529600683786527,22
2804,0,4348,2257,2091,0,0,0,1.0,1,1.0,1,1.0,1,0.36296916706386867,23
2805,0,4348,2257,2091,0,0,0,1.0,1,1.0,1,1.0,1,0.36296916706386867,23
2806,0,4348,2257,2091,0,0,0,1.0,1,1.0,1,1.0,1,0.36296916706386867,23
2807,0,4348,2257,2091,0,0,0,1.0,1,1.0,1,1.0,1,0.35134031765635976,24
2808,0,4348,2257,2091,0,0,0,1.0,1,1.0,1,1.0,1,0.35134031765635976,24
2809,2,4350,2258,2092,0,0,0,1.0,1,1.0,1,1.0,1,0.3774548841125436,25
2810,0,4350,2258,2092,0,0,0,1.0,1,1.0,1,1.0,1,0.37499827308799377,24
2811,1,4351,2258,2093,0,0,0,1.0,1,1.0,1,1.0,1,0.3464922995465287,26
2812,1,4352,2259,2093,0,0,0,1.0,1,1.0,1,1.0,1,0.4051668160392061,26
2813,0,4352,2259,2093,0,0,0,1.0,1,1.0,1,1.0,1,0.41458234762769824,27
2814,7,4359,2261,2098,0,0,0,1.0,1,1.0,1,1.0,1,0.35709077267568506,29
2815,0,4359,2261,2098,0,0,0,1.0,1,1.0,1,1.0,1,0.35709077267568506,29
2816,0,4359,2261,2098,0,0,0,1.0,1,1.0,1,1.0,1,0.3704616643948963,29
2817,1,4360,2261,2099,0,0,0,1.0,1,1.0,1,1.0,1,0.3469387943786407,29
2818,2,4362,2262,2100,0,0,0,1.0,1,1.0,1,1.0,1,0.3590852176141712,29
2819,0,4362,2262,2100,0,0,0,1.0,1,1.0,1,1.0,1,0.368430243339051,30
2820,1,4363,2262,2101,0,0,0,1.0,1,1.0,1,1.0,1,0.3659319014576096,30
2821,1,4364,2263,2101,0,0,0,1.0,1,1.0,1,1.0,1,0.41166763722205546,31
2822,6,4370,2266,2104,0,0,0,1.0,1,1.0,1,1.0,1,0.32339342420027584,30
2823,3,4373,2269,2104,0,0,0,1.0,1,1.0,1,1.0,1,0.29683695914053704,27
2824,1,4374,2269,2105,0,0,0,1.0,1,1.0,1,1.0,1,0.2409367254666523,28
2825,4,4378,2272,2106,0,0,0,1.0,1,1.0,1,1.0,1,0.23989708448095667,28
2826,1,4379,2273,2106,0,0,0,1.0,1,1.0,1,1.0,1,0.25429809022839894,27
2827,1,4380,2273,2107,0,0,0,1.0,1,1.0,1,1.0,1,0.24928951083040335,28
2828,1,4381,2273,2108,0,0,0,1.0,1,1.0,1,1.0,1,0.25240921714889797,28
2829,0,4381,2273,2108,0,0,0,1.0,1,1.0,1,1.0,1,0.23488482413312212,27
2830,1,4382,2274,2108,0,0,0,1.0,1,1.0,1,1.0,1,0.24418150365663385,27
2831,0,4382,2274,2108,0,0,0,1.0,1,1.0,1,1.0,1,0.24418150365663385,27
2832,1,4383,2274,2109,0,0,0,1.0,1,1.0,1,1.0,1,0.26456782424730296,27
2833,0,4383,2274,2109,0,0,0,1.0,1,1.0,1,1.0,1,0.2897205854963122,26
2834,0,4383,2274,2109,0,0,0,1.0,1,1.0,1,1.0,1,0.25437842622260765,26
2835,1,4384,2275,2109,0,0,0,1.0,1,1.0,1,1.0,1,0.2801770844987434,25
2836,1,4385,2276,2109,0,0,0,1.0,1,1.0,1,1.0,1,0.31448636359862747,27
2837,2,4387,2277,2110,0,0,0,1.0,1,1.0,1,1.0,1,0.2952083962860133,27
2838,1,4388,2278,2110,0,0,0,1.0,1,1.0,1,1.0,1,0.28363364352171944,27
2839,1,4389,2278,2111,0,0,0,1.0,1,1.0,1,1.0,1,0.28303672964904547,29
2840,1,4390,2279,2111,0,0,0,1.0,1,1.0,1,1.0,1,0.3032706765246012,29
2841,0,4390,2279,2111,0,0,0,1.0,1,1.0,1,1.0,1,0.3065693498958756,31
2842,1,4391,2279,2112,0,0,0,1.0,1,1.0,1,1.0,1,0.2765551791683989,31
2843,2,4393,2279,2114,0,0,0,1.0,1,1.0,1,1.0,1,0.23002137215763951,32
2844,1,4394,2280,2114,0,0,0,1.0,1,1.0,1,1.0,1,0.2590158363790048,33
2845,2,4396,2280,2116,0,0,0,1.0,1,1.0,1,1.0,1,0.2379680819827008,32
2846,0,4396,2280,2116,0,0,0,1.0,1,1.0,1,1.0,1,0.24011503540503187,33
2847,2,4398,2282,2116,0,0,0,1.0,1,1.0,1,1.0,1,0.30794274470064803,32
2848,1,4399,2283,2116,0,0,0,1.0,1,1.0,1,1.0,1,0.3371637617891078,33
2849,3,4402,2283,2119,0,0,0,1.0,1,1.0,1,1.0,1,0.28346961536305476,34
2850,0,4402,2283,2119,0,0,0,1.0,1,1.0,1,1.0,1,0.28346961536305476,34
2851,1,4403,2283,2120,0,0,0,1.0,1,1.0,1,1.0,1,0.2652235059971391,34
2852,4,4407,2287,2120,0,0,0,1.0,1,1.0,1,1.0,1,0.23730984043484007,35
2853,1,4408,2288,2120,0,0,0,1.0,1,1.0,1,1.0,1,0.2560009347256623,36
2854,1,4409,2288,2121,0,0,0,1.0,1,1.0,1,1.0,1,0.2676108182359866,37
2855,1,4410,2289,2121,0,0,0,1.0,1,1.0,1,1.0,1,0.2562775940068567,38
2856,0,4410,2289,2121,0,0,0,1.0,1,1.0,1,1.0,1,0.2562775940068567,38
2857,2,4412,2290,2122,0,0,0,1.0,1,1.0,1,1.0,1,0.2443861930021501,39
2858,3,4415,2291,2124,0,0,0,1.0,1,1.0,1,1.0,1,0.19564590170769094,40
2859,4,4419,2293,2126,0,0,0,1.0,1,1.0,1,1.0,1,0.21327060587245347,40
2860,1,4420,2294,2126,0,0,0,1.0,1,1.0,1,1.0,1,0.22311855276754394,40
2861,1,4421,2294,2127,0,0,0,1.0,1,1.0,1,1.0,1,0.18910398318237995,38
2862,2,4423,2296,2127,0,0,0,1.0,1,1.0,1,1.0,1,0.26067651623842186,38
2863,6,4429,2298,2131,0,0,0,1.0,1,1.0,1,1.0,1,0.21186177143392915,38
2864,2,4431,2300,2131,0,0,0,1.0,1,1.0,1,1.0,1,0.1924160779206898,36
2865,3,4434,2303,2131,0,0,0,1.0,1,1.0,1,1.0,1,0.22749754482491774,34
2866,1,4435,2304,2131,0,0,0,1.0,1,1.0,1,1.0,1,0.22813676979449649,31
2867,0,4435,2304,2131,0,0,0,1.0,1,1.0,1,1.0,1,0.22257103157441663,30
2868,2,4437,2306,2131,0,0,0,1.0,1,1.0,1,1.0,1,0.2809142959139443,27
2869,3,4440,2307,2133,0,0,0,1.0,1,1.0,1,1.0,1,0.26649909254157517,27
2870,1,4441,2308,2133,0,0,0,1.0,1,1.0,1,1.0,1,0.2715605398448108,25
2871,1,4442,2309,2133,0,0,0,1.0,1,1.0,1,1.0,1,0.31726931232032235,25
2872,2,4444,2310,2134,0,0,0,1.0,1,1.0,1,1.0,1,0.40858214275173,23
2873,1,4445,2310,2135,0,0,0,1.0,1,1.0,1,1.0,1,0.38837088591655544,24
2874,1,4446,2311,2135,0,0,0,1.0,1,1.0,1,1.0,1,0.43628086230472657,24
2875,1,4447,2311,2136,0,0,0,1.0,1,1.0,1,1.0,1,0.4336528128114665,23
2876,5,4452,2312,2140,0,0,0,1.0,1,1.0,1,1.0,1,0.30602378681324854,24
2877,0,4452,2312,2140,0,0,0,1.0,1,1.0,1,1.0,1,0.30602378681324854,24
2878,1,4453,2313,2140,0,0,0,1.0,1,1.0,1,1.0,1,0.2876512524853546,24
2879,4,4457,2315,2142,0,0,0,1.0,1,1.0,1,1.0,1,0.31755108429016216,25
2880,1,4458,2315,2143,0,0,0,1.0,1,1.0,1,1.0,1,0.2668274375876224,26
2881,0,4458,2315,2143,0,0,0,1.0,1,1.0,1,1.0,1,0.2668274375876224,26
2882,0,4458,2315,2143,0,0,0,1.0,1,1.0,1,1.0,1,0.24398621739871493,27
2883,0,4458,2315,2143,0,0,0,1.0,1,1.0,1,1.0,1,0.23970497157581425,28
2884,2,4460,2316,2144,0,0,0,1.0,1,1.0,1,1.0,1,0.33738578829125615,29
2885,1,4461,2316,2145,0,0,0,1.0,1,1.0,1,1.0,1,0.29884730280384547,31
2886,2,4463,2317,2146,0,0,0,1.0,1,1.0,1,1.0,1,0.299963957322937,31
2887,0,4463,2317,2146,0,0,0,1.0,1,1.0,1,1.0,1,0.28388859970351193,33
2888,0,4463,2317,2146,0,0,0,1.0,1,1.0,1,1.0,1,0.3060419644097616,34
2889,2,4465,2318,2147,0,0,0,1.0,1,1.0,1,1.0,1,0.30773680809134535,35
2890,1,4466,2319,2147,0,0,0,1.0,1,1.0,1,1.0,1,0.3214680575962961,35
2891,0,4466,2319,2147,0,0,0,1.0,1,1.0,1,1.0,1,0.3214680575962961,35
2892,2,4468,2321,2147,0,0,0,1.0,1,1.0,1,1.0,1,0.3403169795121714,35
2893,2,4470,2321,2149,0,0,0,1.0,1,1.0,1,1.0,1,0.32703301883482705,37
2894,0,4470,2321,2149,0,0,0,1.0,1,1.0,1,1.0,1,0.32703301883482705,37
2895,1,4471,2322,2149,0,0,0,1.0,1,1.0,1,1.0,1,0.3326534176596653,37
2896,3,4474,2322,2152,0,0,0,1.0,1,1.0,1,1.0,1,0.3024583573840674,38
2897,0,4474,2322,2152,0,0,0,1.0,1,1.0,1,1.0,1,0.3254141462215115,37
2898,1,4475,2322,2153,0,0,0,1.0,1,1.0,1,1.0,1,0.3356700433221105,38
2899,0,4475,2322,2153,0,0,0,1.0,1,1.0,1,1.0,1,0.3141088899172523,37
2900,0,4475,2322,2153,0,0,0,1.0,1,1.0,1,1.0,1,0.3280733958725629,36
2901,1,4476,2322,2154,0,0,0,1.0,1,1.0,1,1.0,1,0.3133619696484485,37
2902,1,4477,2323,2154,0,0,0,1.0,1,1.0,1,1.0,1,0.37173810242936856,35
2903,0,4477,2323,2154,0,0,0,1.0,1,1.0,1,1.0,1,0.3618629423685874,35
2904,0,4477,2323,2154,0,0,0,1.0,1,1.0,1,1.0,1,0.4077110456059136,33
2905,2,4479,2323,2156,0,0,0,1.0,1,1.0,1,1.0,1,0.348373769928036,34
2906,2,4481,2325,2156,0,0,0,1.0,1,1.0,1,1.0,1,0.37880754094084734,34
2907,1,4482,2325,2157,0,0,0,1.0,1,1.0,1,1.0,1,0.3573600207385394,35
2908,1,4483,2325,2158,0,0,0,1.0,1,1.0,1,1.0,1,0.3363096609333891,36
2909,0,4483,2325,2158,0,0,0,1.0,1,1.0,1,1.0,1,0.3548258974248023,38
2910,0,4483,2325,2158,0,0,0,1.0,1,1.0,1,1.0,1,0.3548258974248023,38
2911,1,4484,2326,2158,0,0,0,1.0,1,1.0,1,1.0,1,0.3800746755550773,37
2912,0,4484,2326,2158,0,0,0,1.0,1,1.0,1,1.0,1,0.3800746755550773,37
2913,1,4485,2326,2159,0,0,0,1.0,1,1.0,1,1.0,1,0.33681166767780163,38
2914,0,4485,2326,2159,0,0,0,1.0,1,1.0,1,1.0,1,0.33681166767780163,38
2915,2,4487,2326,2161,0,0,0,1.0,1,1.0,1,1.0,1,0.31925747599759463,39
2916,1,4488,2327,2161,0,0,0,1.0,1,1.0,1,1.0,1,0.32445332964159557,40
2917,1,4489,2327,2162,0,0,0,1.0,1,1.0,1,1.0,1,0.32600168268730517,41
2918,3,4492,2328,2164,0,0,0,1.0,1,1.0,1,1.0,1,0.32902859654830496,41
2919,1,4493,2328,2165,0,0,0,1.0,1,1.0,1,1.0,1,0.30824733988217323,41
2920,1,4494,2328,2166,0,0,0,1.0,1,1.0,1,1.0,1,0.32221253528854976,43
2921,2,4496,2328,2168,0,0,0,1.0,1,1.0,1,1.0,1,0.3099683266540294,42
2922,1,4497,2328,2169,0,0,0,1.0,1,1.0,1,1.0,1,0.2861385448463736,43
2923,0,4497,2328,2169,0,0,0,1.0,1,1.0,1,1.0,1,0.2951712976173866,44
2924,0,4497,2328,2169,0,0,0,1.0,1,1.0,1,1.0,1,0.2840545980156587,45
2925,3,4500,2329,2171,0,0,0,1.0,1,1.0,1,1.0,1,0.3070230018776312,45
2926,2,4502,2330,2172,0,0,0,1.0,1,1.0,1,1.0,1,0.30709245603837404,47
2927,7,4509,2332,2177,0,0,0,1.0,1,1.0,1,1.0,1,0.22491404240464855,47
2928,1,4510,2333,2177,0,0,0,1.0,1,1.0,1,1.0,1,0.22293020813681685,48
2929,0,4510,2333,2177,0,0,0,1.0,1,1.0,1,1.0,1,0.22293020813681685,48
2930,0,4510,2333,2177,0,0,0,1.0,1,1.0,1,1.0,1,0.24318066435864194,50
2931,0,4510,2333,2177,0,0,0,1.0,1,1.0,1,1.0,1,0.2526470426328929,51
2932,0,4510,2333,2177,0,0,0,1.0,1,1.0,1,1.0,1,0.2526470426328929,51
2933,1,4511,2334,2177,0,0,0,1.0,1,1.0,1,1.0,1,0.2828298157195037,52
2934,1,4512,2334,2178,0,0,0,1.0,1,1.0,1,1.0,1,0.27264508786613467,52
2935,1,4513,2335,2178,0,0,0,1.0,1,1.0,1,1.0,1,0.29423647275425746,51
2936,1,4514,2335,2179,0,0,0,1.0,1,1.0,1,1.0,1,0.26095822015890435,49
2937,0,4514,2335,2179,0,0,0,1.0,1,1.0,1,1.0,1,0.25846077126526773,50
2938,1,4515,2335,2180,0,0,0,1.0,1,1.0,1,1.0,1,0.24399623440876098,50
2939,0,4515,2335,2180,0,0,0,1.0,1,1.0,1,1.0,1,0.24350917869056954,51
2940,1,4516,2335,2181,0,0,0,1.0,1,1.0,1,1.0,1,0.2511907889635485,52
2941,1,4517,2336,2181,0,0,0,1.0,1,1.0,1,1.0,1,0.26095502724153696,53
2942,2,4519,2338,2181,0,0,0,1.0,1,1.0,1,1.0,1,0.31359991170439827,52
2943,3,4522,2339,2183,0,0,0,1.0,1,1.0,1,1.0,1,0.2975436974173592,51
2944,3,4525,2341,2184,0,0,0,1.0,1,1.0,1,1.0,1,0.3117733024458759,52
2945,4,4529,2342,2187,0,0,0,1.0,1,1.0,1,1.0,1,0.24553376701115448,50
2946,5,4534,2345,2189,0,0,0,1.0,1,1.0,1,1.0,1,0.2641714316521707,51
2947,4,4538,2347,2191,0,0,0,1.0,1,1.0,1,1.0,1,0.2740694372090307,50
2948,2,4540,2349,2191,0,0,0,1.0,1,1.0,1,1.0,1,0.305060571896345,50
2949,4,4544,2349,2195,0,0,0,1.0,1,1.0,1,1.0,1,0.24008203769768616,49
2950,2,4546,2350,2196,0,0,0,1.0,1,1.0,1,1.0,1,0.2670436142520904,48
2951,3,4549,2351,2198,0,0,0,1.0,1,1.0,1,1.0,1,0.23934428224117107,48
2952,0,4549,2351,2198,0,0,0,1.0,1,1.0,1,1.0,1,0.24331032632721014,46
2953,1,4550,2351,2199,0,0,0,1.0,1,1.0,1,1.0,1,0.23601286990032627,46
2954,0,4550,2351,2199,0,0,0,1.0,1,1.0,1,1.0,1,0.25920094956934703,48
2955,0,4550,2351,2199,0,0,0,1.0,1,1.0,1,1.0,1,0.25920094956934703,48
2956,0,4550,2351,2199,0,0,0,1.0,1,1.0,1,1.0,1,0.26193139996981174,47
2957,4,4554,2353,2201,0,0,0,1.0,1,1.0,1,1.0,1,0.26953471163647535,48
2958,0,4554,2353,2201,0,0,0,1.0,1,1.0,1,1.0,1,0.2755178932856193,49
2959,2,4556,2354,2202,0,0,0,1.0,1,1.0,1,1.0,1,0.2705316193089384,49
2960,1,4557,2354,2203,0,0,0,1.0,1,1.0,1,1.0,1,0.24707996541832997,49
2961,7,4564,2357,2207,0,0,0,1.0,1,1.0,1,1.0,1,0.22801220639636718,51
2962,5,4569,2358,2211,0,0,0,1.0,1,1.0,1,1.0,1,0.16430144369874886,51
2963,1,4570,2358,2212,0,0,0,1.0,1,1.0,1,1.0,1,0.12859140681580503,51
2964,1,4571,2358,2213,0,0,0,1.0,1,1.0,1,1.0,1,0.11715596083357604,52
2965,0,4571,2358,2213,0,0,0,1.0,1,1.0,1,1.0,1,0.1382233347986475,53
2966,2,4573,2360,2213,0,0,0,1.0,1,1.0,1,1.0,1,0.12903029293000956,53
2967,0,4573,2360,2213,0,0,0,1.0,1,1.0,1,1.0,1,0.15101125633690926,53
2968,0,4573,2360,2213,0,0,0,1.0,1,1.0,1,1.0,1,0.1624063646852026,54
2969,1,4574,2361,2213,0,0,0,1.0,1,1.0,1,1.0,1,0.19526800999148497,55
2970,0,4574,2361,2213,0,0,0,1.0,1,1.0,1,1.0,1,0.19526800999148497,55
2971,2,4576,2362,2214,0,0,0,1.0,1,1.0,1,1.0,1,0.17249005008327808,55
2972,0,4576,2362,2214,0,0,0,1.0,1,1.0,1,1.0,1,0.17249005008327808,55
2973,3,4579,2362,2217,0,0,0,1.0,1,1.0,1,1.0,1,0.1448767872806719,55
2974,2,4581,2363,2218,0,0,0,1.0,1,1.0,1,1.0,1,0.1420730420967728,56
2975,1,4582,2363,2219,0,0,0,1.0,1,1.0,1,1.0,1,0.12156669449244836,55
2976,0,4582,2363,2219,0,0,0,1.0,1,1.0,1,1.0,1,0.1404173720173212,57
2977,0,4582,2363,2219,0,0,0,1.0,1,1.0,1,1.0,1,0.15241847755559385,59
2978,1,4583,2364,2219,0,0,0,1.0,1,1.0,1,1.0,1,0.16673021116775338,59
2979,1,4584,2365,2219,0,0,0,1.0,1,1.0,1,1.0,1,0.1865723257608602,59
2980,1,4585,2365,2220,0,0,0,1.0,1,1.0,1,1.0,1,0.17492749901661525,59
2981,2,4587,2366,2221,0,0,0,1.0,1,1.0,1,1.0,1,0.16598891264972884,59
2982,1,4588,2367,2221,0,0,0,1.0,1,1.0,1,1.0,1,0.1931520414470984,61
2983,5,4593,2370,2223,0,0,0,1.0,1,1.0,1,1.0,1,0.15417409258326145,61
2984,7,4600,2374,2226,0,0,0,1.0,1,1.0,1,1.0,1,0.20583480658032907,61
2985,7,4607,2378,2229,0,0,0,1.0,1,1.0,1,1.0,1,0.18340626243026775,57
2986,4,4611,2380,2231,0,0,0,1.0,1,1.0,1,1.0,1,0.2242157023822522,58
2987,8,4619,2385,2234,0,0,0,1.0,1,1.0,1,1.0,1,0.210502882181959,56
2988,3,4622,2385,2237,0,0,0,1.0,1,1.0,1,1.0,1,0.15344829439391505,55
2989,2,4624,2387,2237,0,0,0,1.0,1,1.0,1,1.0,1,0.15503630156652376,53
2990,3,4627,2388,2239,0,0,0,1.0,1,1.0,1,1.0,1,0.1390815182301788,52
2991,0,4627,2388,2239,0,0,0,1.0,1,1.0,1,1.0,1,0.14446925500132982,54
2992,2,4629,2389,2240,0,0,0,1.0,1,1.0,1,1.0,1,0.16226225403686403,55
2993,1,4630,2390,2240,0,0,0,1.0,1,1.0,1,1.0,1,0.20533174178765273,53
2994,3,4633,2393,2240,0,0,0,1.0,1,1.0,1,1.0,1,0.25649113941542956,53
2995,4,4637,2394,2243,0,0,0,1.0,1,1.0,1,1.0,1,0.17739525051663133,51
2996,2,4639,2395,2244,0,0,0,1.0,1,1.0,1,1.0,1,0.1948537049065005,52
2997,4,4643,2397,2246,0,0,0,1.0,1,1.0,1,1.0,1,0.1981737780882427,50
2998,1,4644,2397,2247,0,0,0,1.0,1,1.0,1,1.0,1,0.19685520785659286,51
2999,1,4645,2397,2248,0,0,0,1.0,1,1.0,1,1.0,1,0.1536668051635031,48
3000,0,4645,2397,2248,0,0,0,1.0,1,1.0,1,1.0,1,0.1536668051635031,48
3001,0,4645,2397,2248,0,0,0,1.0,1,1.0,1,1.0,1,0.16106876734173556,49
3002,1,4646,2398,2248,0,0,0,1.0,1,1.0,1,1.0,1,0.17982778457416257,50
3003,0,4646,2398,2248,0,0,0,1.0,1,1.0,1,1.0,1,0.17982778457416257,50
3004,1,4647,2398,2249,0,0,0,1.0,1,1.0,1,1.0,1,0.17156812996631873,51
3005,1,4648,2398,2250,0,0,0,1.0,1,1.0,1,1.0,1,0.1735802325076912,50
3006,0,4648,2398,2250,0,0,0,1.0,1,1.0,1,1.0,1,0.18960623793173262,51
3007,2,4650,2398,2252,0,0,0,1.0,1,1.0,1,1.0,1,0.19073082096961494,51
3008,5,4655,2399,2256,0,0,0,1.0,1,1.0,1,1.0,1,0.19088952009880766,53
3009,2,4657,2399,2258,0,0,0,1.0,1,1.0,1,1.0,1,0.154814282410922,52
3010,1,4658,2400,2258,0,0,0,1.0,1,1.0,1,1.0,1,0.18395216661822442,52
3011,2,4660,2400,2260,0,0,0,1.0,1,1.0,1,1.0,1,0.14562262976906892,51
3012,3,4663,2401,2262,0,0,0,1.0,1,1.0,1,1.0,1,0.16447485577769735,54
3013,2,4665,2403,2262,0,0,0,1.0,1,1.0,1,1.0,1,0.13888271439027788,52
3014,1,4666,2404,2262,0,0,0,1.0,1,1.0,1,1.0,1,0.15267871164341162,51
3015,3,4669,2407,2262,0,0,0,1.0,1,1.0,1,1.0,1,0.12336843143396847,50
3016,4,4673,2411,2262,0,0,0,1.0,1,1.0,1,1.0,1,0.1992930117564744,50
3017,3,4676,2413,2263,0,0,0,1.0,1,1.0,1,1.0,1,0.19065054995403444,48
3018,2,4678,2414,2264,0,0,0,1.0,1,1.0,1,1.0,1,0.24298585402541845,48
3019,5,4683,2416,2267,0,0,0,1.0,1,1.0,1,1.0,1,0.18324174696685436,47
3020,4,4687,2418,2269,0,0,0,1.0,1,1.0,1,1.0,1,0.13881165153217143,47
3021,2,4689,2419,2270,0,0,0,1.0,1,1.0,1,1.0,1,0.18169292233954745,46
3022,4,4693,2423,2270,0,0,0,1.0,1,1.0,1,1.0,1,0.2502761305399653,45
3023,1,4694,2423,2271,0,0,0,1.0,1,1.0,1,1.0,1,0.21814844313603268,41
3024,1,4695,2424,2271,0,0,0,1.0,1,1.0,1,1.0,1,0.2241509837797669,43
3025,2,4697,2425,2272,0,0,0,1.0,1,1.0,1,1.0,1,0.2101127102305843,39
3026,2,4699,2426,2273,0,0,0,1.0,1,1.0,1,1.0,1,0.22218603659137448,38
3027,3,4702,2428,2274,0,0,0,1.0,1,1.0,1,1.0,1,0.23750992218166994,38
3028,3,4705,2430,2275,0,0,0,1.0,1,1.0,1,1.0,1,0.2543549706920561,38
3029,2,4707,2430,2277,0,0,0,1.0,1,1.0,1,1.0,1,0.17827262309402106,37
3030,0,4707,2430,2277,0,0,0,1.0,1,1.0,1,1.0,1,0.1861760317929826,38
3031,1,4708,2431,2277,0,0,0,1.0,1,1.0,1,1.0,1,0.21327265715227148,39
3032,1,4709,2431,2278,0,0,0,1.0,1,1.0,1,1.0,1,0.1874672560982025,39
3033,0,4709,2431,2278,0,0,0,1.0,1,1.0,1,1.0,1,0.16264644176932216,39
3034,0,4709,2431,2278,0,0,0,1.0,1,1.0,1,1.0,1,0.1737633702485796,38
3035,0,4709,2431,2278,0,0,0,1.0,1,1.0,1,1.0,1,0.18535604735573324,39
3036,0,4709,2431,2278,0,0,0,1.0,1,1.0,1,1.0,1,0.1766192348827031,39
3037,0,4709,2431,2278,0,0,0,1.0,1,1.0,1,1.0,1,0.21526629925821142,39
3038,2,4711,2432,2279,0,0,0,1.0,1,1.0,1,1.0,1,0.18915249913652152,40
3039,2,4713,2433,2280,0,0,0,1.0,1,1.0,1,1.0,1,0.1948197810976803,41
3040,4,4717,2435,2282,0,0,0,1.0,1,1.0,1,1.0,1,0.18562116517765817,42
3041,3,4720,2436,2284,0,0,0,1.0,1,1.0,1,1.0,1,0.18506820330100754,43
3042,2,4722,2437,2285,0,0,0,1.0,1,1.0,1,1.0,1,0.17933827777116776,45
3043,4,4726,2439,2287,0,0,0,1.0,1,1.0,1,1.0,1,0.2002911424295387,45
3044,0,4726,2439,2287,0,0,0,1.0,1,1.0,1,1.0,1,0.2002911424295387,45
3045,2,4728,2441,2287,0,0,0,1.0,1,1.0,1,1.0,1,0.22914171283256474,45
3046,0,4728,2441,2287,0,0,0,1.0,1,1.0,1,1.0,1,0.23976190865476485,46
3047,2,4730,2441,2289,0,0,0,1.0,1,1.0,1,1.0,1,0.1912979402868438,46
3048,2,4732,2441,2291,0,0,0,1.0,1,1.0,1,1.0,1,0.1982671489834106,49
3049,1,4733,2441,2292,0,0,0,1.0,1,1.0,1,1.0,1,0.19019466762052328,50
3050,0,4733,2441,2292,0,0,0,1.0,1,1.0,1,1.0,1,0.19019466762052328,50
3051,2,4735,2441,2294,0,0,0,1.0,1,1.0,1,1.0,1,0.20700274049509595,50
3052,1,4736,2442,2294,0,0,0,1.0,1,1.0,1,1.0,1,0.23973151100233836,50
3053,2,4738,2444,2294,0,0,0,1.0,1,1.0,1,1.0,1,0.1866975223195194,49
3054,1,4739,2445,2294,0,0,0,1.0,1,1.0,1,1.0,1,0.23514645519658833,47
3055,2,4741,2445,2296,0,0,0,1.0,1,1.0,1,1.0,1,0.214077243796608,48
3056,3,4744,2446,2298,0,0,0,1.0,1,1.0,1,1.0,1,0.2795532364758916,47
3057,3,4747,2448,2299,0,0,0,1.0,1,1.0,1,1.0,1,0.33067784174029013,48
3058,2,4749,2449,2300,0,0,0,1.0,1,1.0,1,1.0,1,0.3153728846062213,46
3059,3,4752,2450,2302,0,0,0,1.0,1,1.0,1,1.0,1,0.3105487376836276,44
3060,0,4752,2450,2302,0,0,0,1.0,1,1.0,1,1.0,1,0.3114349623954092,44
3061,1,4753,2451,2302,0,0,0,1.0,1,1.0,1,1.0,1,0.31386030773894363,42
3062,5,4758,2453,2305,0,0,0,1.0,1,1.0,1,1.0,1,0.2919661046228918,42
3063,6,4764,2455,2309,0,0,0,1.0,1,1.0,1,1.0,1,0.22760547241192183,41
3064,3,4767,2457,2310,0,0,0,1.0,1,1.0,1,1.0,1,0.2708699054880382,42
3065,3,4770,2458,2312,0,0,0,1.0,1,1.0,1,1.0,1,0.18155436465309624,40
3066,4,4774,2460,2314,0,0,0,1.0,1,1.0,1,1.0,1,0.16529469484126588,42
3067,1,4775,2461,2314,0,0,0,1.0,1,1.0,1,1.0,1,0.13365978125342262,40
3068,3,4778,2464,2314,0,0,0,1.0,1,1.0,1,1.0,1,0.17195384657472249,39
3069,1,4779,2464,2315,0,0,0,1.0,1,1.0,1,1.0,1,0.13026876216348743,38
3070,0,4779,2464,2315,0,0,0,1.0,1,1.0,1,1.0,1,0.15241540696703448,39
3071,0,4779,2464,2315,0,0,0,1.0,1,1.0,1,1.0,1,0.1525408361440355,39
3072,2,4781,2465,2316,0,0,0,1.0,1,1.0,1,1.0,1,0.1844951503892183,40
3073,2,4783,2466,2317,0,0,0,1.0,1,1.0,1,1.0,1,0.20614348036256838,38
3074,0,4783,2466,2317,0,0,0,1.0,1,1.0,1,1.0,1,0.19144122230447794,38
3075,4,4787,2468,2319,0,0,0,1.0,1,1.0,1,1.0,1,0.20431346182724183,41
3076,0,4787,2468,2319,0,0,0,1.0,1,1.0,1,1.0,1,0.17463863667149082,42
3077,2,4789,2470,2319,0,0,0,1.0,1,1.0,1,1.0,1,0.2288431781791729,42
3078,0,4789,2470,2319,0,0,0,1.0,1,1.0,1,1.0,1,0.2288431781791729,42
3079,0,4789,2470,2319,0,0,0,1.0,1,1.0,1,1.0,1,0.2288431781791729,42
3080,1,4790,2470,2320,0,0,0,1.0,1,1.0,1,1.0,1,0.21844566560704806,43
3081,1,4791,2471,2320,0,0,0,1.0,1,1.0,1,1.0,1,0.24615206925866334,44
3082,1,4792,2471,2321,0,0,0,1.0,1,1.0,1,1.0,1,0.24795018396055227,45
3083,1,4793,2471,2322,0,0,0,1.0,1,1.0,1,1.0,1,0.22785778541856633,45
3084,3,4796,2472,2324,0,0,0,1.0,1,1.0,1,1.0,1,0.20555720002520841,45
3085,2,4798,2473,2325,0,0,0,1.0,1,1.0,1,1.0,1,0.24749156021921384,46
3086,0,4798,2473,2325,0,0,0,1.0,1,1.0,1,1.0,1,0.24749156021921384,46
3087,1,4799,2474,2325,0,0,0,1.0,1,1.0,1,1.0,1,0.2648304101997483,47
3088,2,4801,2475,2326,0,0,0,1.0,1,1.0,1,1.0,1,0.29490617704604366,48
3089,1,4802,2475,2327,0,0,0,1.0,1,1.0,1,1.0,1,0.25733600009622903,46
3090,0,4802,2475,2327,0,0,0,1.0,1,1.0,1,1.0,1,0.2523684176976501,46
3091,1,4803,2475,2328,0,0,0,1.0,1,1.0,1,1.0,1,0.25733148382158,46
3092,3,4806,2476,2330,0,0,0,1.0,1,1.0,1,1.0,1,0.23014700637718422,47
3093,2,4808,2477,2331,0,0,0,1.0,1,1.0,1,1.0,1,0.25611874693658565,47
3094,2,4810,2477,2333,0,0,0,1.0,1,1.0,1,1.0,1,0.2372970900599369,45
3095,4,4814,2479,2335,0,0,0,1.0,1,1.0,1,1.0,1,0.19194246474974333,46
3096,0,4814,2479,2335,0,0,0,1.0,1,1.0,1,1.0,1,0.19486952214731956,46
3097,2,4816,2481,2335,0,0,0,1.0,1,1.0,1,1.0,1,0.2109752105503356,47
3098,1,4817,2481,2336,0,0,0,1.0,1,1.0,1,1.0,1,0.19773456920257887,47
3099,0,4817,2481,2336,0,0,0,1.0,1,1.0,1,1.0,1,0.19773456920257887,47
3100,0,4817,2481,2336,0,0,0,1.0,1,1.0,1,1.0,1,0.19773456920257887,47
3101,0,4817,2481,2336,0,0,0,1.0,1,1.0,1,1.0,1,0.2054128370735198,48
3102,2,4819,2483,2336,0,0,0,1.0,1,1.0,1,1.0,1,0.1858514117284085,48
3103,3,4822,2484,2338,0,0,0,1.0,1,1.0,1,1.0,1,0.18172379334695188,49
3104,2,4824,2486,2338,0,0,0,1.0,1,1.0,1,1.0,1,0.20868803827696839,48
3105,4,4828,2486,2342,0,0,0,1.0,1,1.0,1,1.0,1,0.1162532080471088,45
3106,2,4830,2488,2342,0,0,0,1.0,1,1.0,1,1.0,1,0.16803126418621867,46
3107,0,4830,2488,2342,0,0,0,1.0,1,1.0,1,1.0,1,0.15672249777008468,44
3108,0,4830,2488,2342,0,0,0,1.0,1,1.0,1,1.0,1,0.15428829153803006,45
3109,0,4830,2488,2342,0,0,0,1.0,1,1.0,1,1.0,1,0.15721336361204857,44
3110,4,4834,2491,2343,0,0,0,1.0,1,1.0,1,1.0,1,0.20461155120845148,46
3111,3,4837,2493,2344,0,0,0,1.0,1,1.0,1,1.0,1,0.19161969336697376,46
3112,1,4838,2493,2345,0,0,0,1.0,1,1.0,1,1.0,1,0.1848284405820387,47
3113,1,4839,2493,2346,0,0,0,1.0,1,1.0,1,1.0,1,0.1559473970898239,48
3114,0,4839,2493,2346,0,0,0,1.0,1,1.0,1,1.0,1,0.17967281799607263,48
3115,2,4841,2493,2348,0,0,0,1.0,1,1.0,1,1.0,1,0.17780559561803272,49
3116,0,4841,2493,2348,0,0,0,1.0,1,1.0,1,1.0,1,0.20489932163200436,48
3117,3,4844,2495,2349,0,0,0,1.0,1,1.0,1,1.0,1,0.18951522975438576,49
3118,0,4844,2495,2349,0,0,0,1.0,1,1.0,1,1.0,1,0.18925269170682846,50
3119,1,4845,2495,2350,0,0,0,1.0,1,1.0,1,1.0,1,0.1705959968607928,50
3120,1,4846,2495,2351,0,0,0,1.0,1,1.0,1,1.0,1,0.1761749109517826,50
3121,1,4847,2496,2351,0,0,0,1.0,1,1.0,1,1.0,1,0.17890031171523182,50
3122,0,4847,2496,2351,0,0,0,1.0,1,1.0,1,1.0,1,0.17890031171523182,50
3123,2,4849,2498,2351,0,0,0,1.0,1,1.0,1,1.0,1,0.19313997393494958,51
3124,1,4850,2499,2351,0,0,0,1.0,1,1.0,1,1.0,1,0.21856365707877257,51
3125,2,4852,2500,2352,0,0,0,1.0,1,1.0,1,1.0,1,0.24188477390761448,51
3126,5,4857,2501,2356,0,0,0,1.0,1,1.0,1,1.0,1,0.19175856880241723,54
3127,3,4860,2502,2358,0,0,0,1.0,1,1.0,1,1.0,1,0.21387821123477466,53
3128,2,4862,2503,2359,0,0,0,1.0,1,1.0,1,1.0,1,0.19581839751834515,52
3129,1,4863,2504,2359,0,0,0,1.0,1,1.0,1,1.0,1,0.19312857104693293,51
3130,0,4863,2504,2359,0,0,0,1.0,1,1.0,1,1.0,1,0.19780620137045868,50
3131,2,4865,2506,2359,0,0,0,1.0,1,1.0,1,1.0,1,0.23189129513316603,50
3132,3,4868,2507,2361,0,0,0,1.0,1,1.0,1,1.0,1,0.23908025978373612,49
3133,2,4870,2507,2363,0,0,0,1.0,1,1.0,1,1.0,1,0.20766065225624572,49
3134,1,4871,2508,2363,0,0,0,1.0,1,1.0,1,1.0,1,0.22884808264391104,46
3135,0,4871,2508,2363,0,0,0,1.0,1,1.0,1,1.0,1,0.22167483313948755,47
3136,2,4873,2508,2365,0,0,0,1.0,1,1.0,1,1.0,1,0.14491233375705787,46
3137,1,4874,2508,2366,0,0,0,1.0,1,1.0,1,1.0,1,0.15077843406119526,49
3138,0,4874,2508,2366,0,0,0,1.0,1,1.0,1,1.0,1,0.15077843406119526,49
3139,2,4876,2510,2366,0,0,0,1.0,1,1.0,1,1.0,1,0.20580076342310744,50
3140,2,4878,2511,2367,0,0,0,1.0,1,1.0,1,1.0,1,0.23412476540404464,51
3141,1,4879,2512,2367,0,0,0,1.0,1,1.0,1,1.0,1,0.261051392550626,50
3142,0,4879,2512,2367,0,0,0,1.0,1,1.0,1,1.0,1,0.261051392550626,50
3143,0,4879,2512,2367,0,0,0,1.0,1,1.0,1,1.0,1,0.2728088630419407,49
3144,2,4881,2513,2368,0,0,0,1.0,1,1.0,1,1.0,1,0.2746842664212402,49
3145,2,4883,2514,2369,0,0,0,1.0,1,1.0,1,1.0,1,0.2721771670761452,48
3146,3,4886,2516,2370,0,0,0,1.0,1,1.0,1,1.0,1,0.29403190981741906,49
3147,4,4890,2517,2373,0,0,0,1.0,1,1.0,1,1.0,1,0.2620997989316345,48
3148,5,4895,2519,2376,0,0,0,1.0,1,1.0,1,1.0,1,0.2172652034494973,48
3149,2,4897,2520,2377,0,0,0,1.0,1,1.0,1,1.0,1,0.21420686082333742,47
3150,0,4897,2520,2377,0,0,0,1.0,1,1.0,1,1.0,1,0.21420686082333742,47
3151,1,4898,2520,2378,0,0,0,1.0,1,1.0,1,1.0,1,0.21707965470663623,48
3152,0,4898,2520,2378,0,0,0,1.0,1,1.0,1,1.0,1,0.233779839053178,47
3153,2,4900,2521,2379,0,0,0,1.0,1,1.0,1,1.0,1,0.2155730700266667,47
3154,3,4903,2523,2380,0,0,0,1.0,1,1.0,1,1.0,1,0.23144180241757634,48
3155,2,4905,2524,2381,0,0,0,1.0,1,1.0,1,1.0,1,0.2109903123382173,48
3156,0,4905,2524,2381,0,0,0,1.0,1,1.0,1,1.0,1,0.21820702231189815,48
3157,2,4907,2524,2383,0,0,0,1.0,1,1.0,1,1.0,1,0.23145423264848827,48
3158,0,4907,2524,2383,0,0,0,1.0,1,1.0,1,1.0,1,0.23145423264848827,48
3159,6,4913,2524,2389,0,0,0,1.0,1,1.0,1,1.0,1,0.1784065361540021,49
3160,1,4914,2525,2389,0,0,0,1.0,1,1.0,1,1.0,1,0.19601506779973946,51
3161,2,4916,2525,2391,0,0,0,1.0,1,1.0,1,1.0,1,0.1353940470523723,52
3162,1,4917,2526,2391,0,0,0,1.0,1,1.0,1,1.0,1,0.14329765080676668,51
3163,0,4917,2526,2391,0,0,0,1.0,1,1.0,1,1.0,1,0.14329765080676668,51
3164,0,4917,2526,2391,0,0,0,1.0,1,1.0,1,1.0,1,0.16120160114904544,52
3165,1,4918,2527,2391,0,0,0,1.0,1,1.0,1,1.0,1,0.18751088436450222,50
3166,1,4919,2528,2391,0,0,0,1.0,1,1.0,1,1.0,1,0.1845350513741027,50
3167,3,4922,2530,2392,0,0,0,1.0,1,1.0,1,1.0,1,0.1506469680436739,49
3168,0,4922,2530,2392,0,0,0,1.0,1,1.0,1,1.0,1,0.15257279158780263,47
3169,2,4924,2531,2393,0,0,0,1.0,1,1.0,1,1.0,1,0.17005575133197173,48
3170,1,4925,2532,2393,0,0,0,1.0,1,1.0,1,1.0,1,0.2217916713822002,47
3171,4,4929,2533,2396,0,0,0,1.0,1,1.0,1,1.0,1,0.21832244434333478,47
3172,1,4930,2534,2396,0,0,0,1.0,1,1.0,1,1.0,1,0.27837970399353323,46
3173,2,4932,2534,2398,0,0,0,1.0,1,1.0,1,1.0,1,0.2229861362598402,45
3174,2,4934,2534,2400,0,0,0,1.0,1,1.0,1,1.0,1,0.20889062306123418,43
3175,2,4936,2535,2401,0,0,0,1.0,1,1.0,1,1.0,1,0.21110460408145273,43
3176,1,4937,2535,2402,0,0,0,1.0,1,1.0,1,1.0,1,0.18719217852796605,44
3177,2,4939,2537,2402,0,0,0,1.0,1,1.0,1,1.0,1,0.20442804656610536,44
3178,2,4941,2539,2402,0,0,0,1.0,1,1.0,1,1.0,1,0.19940976072307298,47
3179,3,4944,2540,2404,0,0,0,1.0,1,1.0,1,1.0,1,0.17568769948644808,48
3180,1,4945,2541,2404,0,0,0,1.0,1,1.0,1,1.0,1,0.17857030285504266,48
3181,3,4948,2541,2407,0,0,0,1.0,1,1.0,1,1.0,1,0.12188783447695843,48
3182,0,4948,2541,2407,0,0,0,1.0,1,1.0,1,1.0,1,0.13848438964648907,51
3183,0,4948,2541,2407,0,0,0,1.0,1,1.0,1,1.0,1,0.1432498825177803,50
3184,1,4949,2542,2407,0,0,0,1.0,1,1.0,1,1.0,1,0.1619434444111141,50
3185,0,4949,2542,2407,0,0,0,1.0,1,1.0,1,1.0,1,0.16887453855152956,48
3186,3,4952,2544,2408,0,0,0,1.0,1,1.0,1,1.0,1,0.17440306619422577,48
3187,2,4954,2544,2410,0,0,0,1.0,1,1.0,1,1.0,1,0.15957287100061182,48
3188,1,4955,2545,2410,0,0,0,1.0,1,1.0,1,1.0,1,0.19356511132136034,48
3189,1,4956,2545,2411,0,0,0,1.0,1,1.0,1,1.0,1,0.19754076029399595,49
3190,2,4958,2545,2413,0,0,0,1.0,1,1.0,1,1.0,1,0.1880586827229977,51
3191,1,4959,2546,2413,0,0,0,1.0,1,1.0,1,1.0,1,0.16753256765350596,52
3192,2,4961,2547,2414,0,0,0,1.0,1,1.0,1,1.0,1,0.162951318307048,52
3193,0,4961,2547,2414,0,0,0,1.0,1,1.0,1,1.0,1,0.162951318307048,52
3194,1,4962,2548,2414,0,0,0,1.0,1,1.0,1,1.0,1,0.1832822320978295,54
3195,0,4962,2548,2414,0,0,0,1.0,1,1.0,1,1.0,1,0.1832822320978295,54
3196,1,4963,2549,2414,0,0,0,1.0,1,1.0,1,1.0,1,0.20404099665327285,54
3197,3,4966,2549,2417,0,0,0,1.0,1,1.0,1,1.0,1,0.18023528052599055,54
3198,1,4967,2550,2417,0,0,0,1.0,1,1.0,1,1.0,1,0.1953371630205596,54
3199,4,4971,2550,2421,0,0,0,1.0,1,1.0,1,1.0,1,0.13381933317411912,56
3200,1,4972,2551,2421,0,0,0,1.0,1,1.0,1,1.0,1,0.18605038610157443,56
3201,1,4973,2552,2421,0,0,0,1.0,1,1.0,1,1.0,1,0.20238080492296226,56
3202,0,4973,2552,2421,0,0,0,1.0,1,1.0,1,1.0,1,0.21013734093425335,57
3203,1,4974,2553,2421,0,0,0,1.0,1,1.0,1,1.0,1,0.2152026174113728,56
3204,1,4975,2554,2421,0,0,0,1.0,1,1.0,1,1.0,1,0.2208504398624872,55
3205,0,4975,2554,2421,0,0,0,1.0,1,1.0,1,1.0,1,0.23273701219284726,54
3206,5,4980,2558,2422,0,0,0,1.0,1,1.0,1,1.0,1,0.22345035197791796,56
3207,1,4981,2558,2423,0,0,0,1.0,1,1.0,1,1.0,1,0.22727767961042672,54
3208,0,4981,2558,2423,0,0,0,1.0,1,1.0,1,1.0,1,0.22734739018677483,53
3209,0,4981,2558,2423,0,0,0,1.0,1,1.0,1,1.0,1,0.22725459373830312,54
3210,3,4984,2560,2424,0,0,0,1.0,1,1.0,1,1.0,1,0.23723912471231565,53
3211,2,4986,2561,2425,0,0,0,1.0,1,1.0,1,1.0,1,0.22996266886838798,53
3212,1,4987,2561,2426,0,0,0,1.0,1,1.0,1,1.0,1,0.23449251898275317,54
3213,1,4988,2561,2427,0,0,0,1.0,1,1.0,1,1.0,1,0.20249065551426504,54
3214,0,4988,2561,2427,0,0,0,1.0,1,1.0,1,1.0,1,0.21894306205803346,55
3215,0,4988,2561,2427,0,0,0,1.0,1,1.0,1,1.0,1,0.21894306205803346,55
3216,1,4989,2562,2427,0,0,0,1.0,1,1.0,1,1.0,1,0.2251961744738552,55
3217,2,4991,2564,2427,0,0,0,1.0,1,1.0,1,1.0,1,0.25791523530931804,54
3218,0,4991,2564,2427,0,0,0,1.0,1,1.0,1,1.0,1,0.25791523530931804,54
3219,1,4992,2565,2427,0,0,0,1.0,1,1.0,1,1.0,1,0.28575399313710564,55
3220,0,4992,2565,2427,0,0,0,1.0,1,1.0,1,1.0,1,0.2642943408066853,56
3221,1,4993,2566,2427,0,0,0,1.0,1,1.0,1,1.0,1,0.27890111600576406,57
3222,2,4995,2567,2428,0,0,0,1.0,1,1.0,1,1.0,1,0.27764497116880904,57
3223,6,5001,2570,2431,0,0,0,1.0,1,1.0,1,1.0,1,0.29660229087924783,56
3224,5,5006,2575,2431,0,0,0,1.0,1,1.0,1,1.0,1,0.31749393113945096,58
3225,4,5010,2575,2435,0,0,0,1.0,1,1.0,1,1.0,1,0.25846925933898396,55
3226,3,5013,2577,2436,0,0,0,1.0,1,1.0,1,1.0,1,0.2889487590570349,54
3227,0,5013,2577,2436,0,0,0,1.0,1,1.0,1,1.0,1,0.25432514006499235,53
3228,1,5014,2578,2436,0,0,0,1.0,1,1.0,1,1.0,1,0.2923685449444828,52
3229,6,5020,2581,2439,0,0,0,1.0,1,1.0,1,1.0,1,0.30339891222220167,52
3230,2,5022,2582,2440,0,0,0,1.0,1,1.0,1,1.0,1,0.25364605349716735,50
3231,0,5022,2582,2440,0,0,0,1.0,1,1.0,1,1.0,1,0.25364605349716735,50
3232,2,5024,2584,2440,0,0,0,1.0,1,1.0,1,1.0,1,0.26195170532787493,50
3233,4,5028,2586,2442,0,0,0,1.0,1,1.0,1,1.0,1,0.29250284102335655,50
3234,2,5030,2587,2443,0,0,0,1.0,1,1.0,1,1.0,1,0.26144573266973203,49
3235,2,5032,2588,2444,0,0,0,1.0,1,1.0,1,1.0,1,0.2466740173044353,49
3236,2,5034,2589,2445,0,0,0,1.0,1,1.0,1,1.0,1,0.2609080305335569,51
3237,2,5036,2590,2446,0,0,0,1.0,1,1.0,1,1.0,1,0.2756064362861534,53
3238,1,5037,2591,2446,0,0,0,1.0,1,1.0,1,1.0,1,0.28081760045923027,53
3239,0,5037,2591,2446,0,0,0,1.0,1,1.0,1,1.0,1,0.28081760045923027,53
3240,0,5037,2591,2446,0,0,0,1.0,1,1.0,1,1.0,1,0.28281277927595744,53
3241,1,5038,2591,2447,0,0,0,1.0,1,1.0,1,1.0,1,0.2825242997246066,53
3242,1,5039,2591,2448,0,0,0,1.0,1,1.0,1,1.0,1,0.27138552010587647,53
3243,0,5039,2591,2448,0,0,0,1.0,1,1.0,1,1.0,1,0.2709884064837886,56
3244,0,5039,2591,2448,0,0,0,1.0,1,1.0,1,1.0,1,0.2807444326135291,57
3245,0,5039,2591,2448,0,0,0,1.0,1,1.0,1,1.0,1,0.28443158157304826,59
3246,1,5040,2591,2449,0,0,0,1.0,1,1.0,1,1.0,1,0.2679924092104155,59
3247,3,5043,2593,2450,0,0,0,1.0,1,1.0,1,1.0,1,0.2717070914692177,59
3248,2,5045,2594,2451,0,0,0,1.0,1,1.0,1,1.0,1,0.26349156909827737,59
3249,3,5048,2594,2454,0,0,0,1.0,1,1.0,1,1.0,1,0.25115819832149533,58
3250,1,5049,2595,2454,0,0,0,1.0,1,1.0,1,1.0,1,0.24544890079840537,58
3251,1,5050,2595,2455,0,0,0,1.0,1,1.0,1,1.0,1,0.2397735702728848,57
3252,1,5051,2596,2455,0,0,0,1.0,1,1.0,1,1.0,1,0.24713184526070292,57
3253,0,5051,2596,2455,0,0,0,1.0,1,1.0,1,1.0,1,0.2608586813147127,56
3254,2,5053,2597,2456,0,0,0,1.0,1,1.0,1,1.0,1,0.25195559962495034,57
3255,2,5055,2597,2458,0,0,0,1.0,1,1.0,1,1.0,1,0.2342189604574772,57
3256,1,5056,2598,2458,0,0,0,1.0,1,1.0,1,1.0,1,0.24443876570256015,57
3257,3,5059,2598,2461,0,0,0,1.0,1,1.0,1,1.0,1,0.21844576741011862,57
3258,1,5060,2598,2462,0,0,0,1.0,1,1.0,1,1.0,1,0.2204067362203971,58
3259,2,5062,2599,2463,0,0,0,1.0,1,1.0,1,1.0,1,0.22343408961964775,59
3260,1,5063,2600,2463,0,0,0,1.0,1,1.0,1,1.0,1,0.24819240880910926,60
3261,7,5070,2602,2468,0,0,0,1.0,1,1.0,1,1.0,1,0.1922113384919183,60
3262,2,5072,2603,2469,0,0,0,1.0,1,1.0,1,1.0,1,0.18277769345411213,61
3263,5,5077,2608,2469,0,0,0,1.0,1,1.0,1,1.0,1,0.19703150275950662,62
3264,3,5080,2609,2471,0,0,0,1.0,1,1.0,1,1.0,1,0.16157954042564812,60
3265,2,5082,2611,2471,0,0,0,1.0,1,1.0,1,1.0,1,0.1524233378759269,58
3266,6,5088,2615,2473,0,0,0,1.0,1,1.0,1,1.0,1,0.20365324622480896,59
3267,1,5089,2616,2473,0,0,0,1.0,1,1.0,1,1.0,1,0.20285251119264044,60
3268,3,5092,2619,2473,0,0,0,1.0,1,1.0,1,1.0,1,0.20141546522769638,58
3269,1,5093,2619,2474,0,0,0,1.0,1,1.0,1,1.0,1,0.18881245686876263,57
3270,4,5097,2621,2476,0,0,0,1.0,1,1.0,1,1.0,1,0.15452582452504074,56
3271,2,5099,2623,2476,0,0,0,1.0,1,1.0,1,1.0,1,0.14019348769886744,55
3272,1,5100,2624,2476,0,0,0,1.0,1,1.0,1,1.0,1,0.13976596661707646,55
3273,5,5105,2626,2479,0,0,0,1.0,1,1.0,1,1.0,1,0.1825968288704918,55
3274,0,5105,2626,2479,0,0,0,1.0,1,1.0,1,1.0,1,0.14756843598486966,55
3275,1,5106,2626,2480,0,0,0,1.0,1,1.0,1,1.0,1,0.1104440428178705,55
3276,1,5107,2627,2480,0,0,0,1.0,1,1.0,1,1.0,1,0.11166875424800635,55
3277,1,5108,2628,2480,0,0,0,1.0,1,1.0,1,1.0,1,0.13857000426920205,57
3278,0,5108,2628,2480,0,0,0,1.0,1,1.0,1,1.0,1,0.14022222593828884,56
3279,2,5110,2629,2481,0,0,0,1.0,1,1.0,1,1.0,1,0.11059181351731112,54
3280,1,5111,2630,2481,0,0,0,1.0,1,1.0,1,1.0,1,0.16436885332912707,53
3281,4,5115,2632,2483,0,0,0,1.0,1,1.0,1,1.0,1,0.19836748780317642,52
3282,0,5115,2632,2483,0,0,0,1.0,1,1.0,1,1.0,1,0.1890711953278054,50
3283,0,5115,2632,2483,0,0,0,1.0,1,1.0,1,1.0,1,0.1880792108727927,50
3284,3,5118,2635,2483,0,0,0,1.0,1,1.0,1,1.0,1,0.2740386691759334,47
3285,3,5121,2635,2486,0,0,0,1.0,1,1.0,1,1.0,1,0.21342502433526875,48
3286,2,5123,2636,2487,0,0,0,1.0,1,1.0,1,1.0,1,0.2255960860086846,46
3287,7,5130,2638,2492,0,0,0,1.0,1,1.0,1,1.0,1,0.21608169945897732,46
3288,6,5136,2642,2494,0,0,0,1.0,1,1.0,1,1.0,1,0.19680256619389994,46
3289,5,5141,2645,2496,0,0,0,1.0,1,1.0,1,1.0,1,0.18519405376130157,48
3290,3,5144,2647,2497,0,0,0,1.0,1,1.0,1,1.0,1,0.20624176358497728,48
3291,2,5146,2648,2498,0,0,0,1.0,1,1.0,1,1.0,1,0.19341506253083782,50
3292,1,5147,2649,2498,0,0,0,1.0,1,1.0,1,1.0,1,0.2081422366966877,50
3293,3,5150,2649,2501,0,0,0,1.0,1,1.0,1,1.0,1,0.13886704040908854,51
3294,2,5152,2650,2502,0,0,0,1.0,1,1.0,1,1.0,1,0.12015318116613019,50
3295,2,5154,2651,2503,0,0,0,1.0,1,1.0,1,1.0,1,0.11819070597871806,50
3296,0,5154,2651,2503,0,0,0,1.0,1,1.0,1,1.0,1,0.11819070597871806,50
3297,0,5154,2651,2503,0,0,0,1.0,1,1.0,1,1.0,1,0.11978884248976782,51
3298,0,5154,2651,2503,0,0,0,1.0,1,1.0,1,1.0,1,0.10952635493316691,52
3299,2,5156,2652,2504,0,0,0,1.0,1,1.0,1,1.0,1,0.0966051430577187,53
3300,0,5156,2652,2504,0,0,0,1.0,1,1.0,1,1.0,1,0.0966051430577187,53
3301,1,5157,2653,2504,0,0,0,1.0,1,1.0,1,1.0,1,0.11696814546044859,53
3302,2,5159,2655,2504,0,0,0,1.0,1,1.0,1,1.0,1,0.10139923045130354,53
3303,3,5162,2657,2505,0,0,0,1.0,1,1.0,1,1.0,1,0.1077605267687465,52
3304,4,5166,2659,2507,0,0,0,1.0,1,1.0,1,1.0,1,0.10938007811521548,52
3305,2,5168,2661,2507,0,0,0,1.0,1,1.0,1,1.0,1,0.18036062426029598,51
3306,7,5175,2664,2511,0,0,0,1.0,1,1.0,1,1.0,1,0.16067302334296124,51
3307,1,5176,2664,2512,0,0,0,1.0,1,1.0,1,1.0,1,0.11857201001439813,48
3308,0,5176,2664,2512,0,0,0,1.0,1,1.0,1,1.0,1,0.11857201001439813,48
3309,0,5176,2664,2512,0,0,0,1.0,1,1.0,1,1.0,1,0.14304075323195206,48
3310,0,5176,2664,2512,0,0,0,1.0,1,1.0,1,1.0,1,0.20480738504240115,47
3311,2,5178,2665,2513,0,0,0,1.0,1,1.0,1,1.0,1,0.19461169535645104,49
3312,2,5180,2666,2514,0,0,0,1.0,1,1.0,1,1.0,1,0.20454737972554993,48
3313,3,5183,2669,2514,0,0,0,1.0,1,1.0,1,1.0,1,0.2584232344878279,49
3314,2,5185,2671,2514,0,0,0,1.0,1,1.0,1,1.0,1,0.28452076158746936,47
3315,5,5190,2673,2517,0,0,0,1.0,1,1.0,1,1.0,1,0.25226737277106936,47
3316,1,5191,2673,2518,0,0,0,1.0,1,1.0,1,1.0,1,0.23890362453880654,47
3317,2,5193,2674,2519,0,0,0,1.0,1,1.0,1,1.0,1,0.2306531571777244,46
3318,4,5197,2676,2521,0,0,0,1.0,1,1.0,1,1.0,1,0.22635467452040564,45
3319,0,5197,2676,2521,0,0,0,1.0,1,1.0,1,1.0,1,0.21194808287671008,44
3320,1,5198,2677,2521,0,0,0,1.0,1,1.0,1,1.0,1,0.259935330286337,43
3321,8,5206,2680,2526,0,0,0,1.0,1,1.0,1,1.0,1,0.21929521692513698,43
3322,1,5207,2680,2527,0,0,0,1.0,1,1.0,1,1.0,1,0.17425867669511635,40
3323,3,5210,2682,2528,0,0,0,1.0,1,1.0,1,1.0,1,0.1528677398197733,40
3324,2,5212,2684,2528,0,0,0,1.0,1,1.0,1,1.0,1,0.17531019891903815,40
3325,3,5215,2685,2530,0,0,0,1.0,1,1.0,1,1.0,1,0.14731077870018972,40
3326,1,5216,2686,2530,0,0,0,1.0,1,1.0,1,1.0,1,0.11488242928527638,41
3327,0,5216,2686,2530,0,0,0,1.0,1,1.0,1,1.0,1,0.11800513977607863,39
3328,3,5219,2689,2530,0,0,0,1.0,1,1.0,1,1.0,1,0.21781799663751347,41
3329,3,5222,2690,2532,0,0,0,1.0,1,1.0,1,1.0,1,0.17503615706734854,39
3330,2,5224,2692,2532,0,0,0,1.0,1,1.0,1,1.0,1,0.23482418905166427,40
3331,2,5226,2692,2534,0,0,0,1.0,1,1.0,1,1.0,1,0.18530899360115322,38
3332,0,5226,2692,2534,0,0,0,1.0,1,1.0,1,1.0,1,0.22849178852021634,38
3333,0,5226,2692,2534,0,0,0,1.0,1,1.0,1,1.0,1,0.22849178852021634,38
3334,1,5227,2692,2535,0,0,0,1.0,1,1.0,1,1.0,1,0.22522887743252093,40
3335,1,5228,2692,2536,0,0,0,1.0,1,1.0,1,1.0,1,0.21367912576525724,40
3336,0,5228,2692,2536,0,0,0,1.0,1,1.0,1,1.0,1,0.23096481553520232,39
3337,0,5228,2692,2536,0,0,0,1.0,1,1.0,1,1.0,1,0.22171173309084807,40
3338,4,5232,2695,2537,0,0,0,1.0,1,1.0,1,1.0,1,0.24118612571844447,41
3339,2,5234,2696,2538,0,0,0,1.0,1,1.0,1,1.0,1,0.23768655116264842,42
3340,3,5237,2698,2539,0,0,0,1.0,1,1.0,1,1.0,1,0.2474862304301116,43
3341,0,5237,2698,2539,0,0,0,1.0,1,1.0,1,1.0,1,0.2474862304301116,43
3342,4,5241,2699,2542,0,0,0,1.0,1,1.0,1,1.0,1,0.25092305466525605,44
3343,2,5243,2701,2542,0,0,0,1.0,1,1.0,1,1.0,1,0.2405421360161627,44
3344,2,5245,2703,2542,0,0,0,1.0,1,1.0,1,1.0,1,0.2992880731953381,44
3345,0,5245,2703,2542,0,0,0,1.0,1,1.0,1,1.0,1,0.3095621283849412,43
3346,0,5245,2703,2542,0,0,0,1.0,1,1.0,1,1.0,1,0.330809098038893,42
3347,0,5245,2703,2542,0,0,0,1.0,1,1.0,1,1.0,1,0.3120871582844393,44
3348,1,5246,2703,2543,0,0,0,1.0,1,1.0,1,1.0,1,0.3053081074420922,45
3349,0,5246,2703,2543,0,0,0,1.0,1,1.0,1,1.0,1,0.3053081074420922,45
3350,0,5246,2703,2543,0,0,0,1.0,1,1.0,1,1.0,1,0.2878033241735145,46
3351,1,5247,2703,2544,0,0,0,1.0,1,1.0,1,1.0,1,0.26022940227054214,47
3352,1,5248,2703,2545,0,0,0,1.0,1,1.0,1,1.0,1,0.23998785421141897,47
3353,2,5250,2703,2547,0,0,0,1.0,1,1.0,1,1.0,1,0.22888094263518147,48
3354,2,5252,2704,2548,0,0,0,1.0,1,1.0,1,1.0,1,0.2286182632168131,48
3355,2,5254,2704,2550,0,0,0,1.0,1,1.0,1,1.0,1,0.2372603690052737,48
3356,2,5256,2705,2551,0,0,0,1.0,1,1.0,1,1.0,1,0.20652994610565992,48
3357,1,5257,2706,2551,0,0,0,1.0,1,1.0,1,1.0,1,0.19791179628745906,47
3358,2,5259,2707,2552,0,0,0,1.0,1,1.0,1,1.0,1,0.26978169082116893,46
3359,2,5261,2709,2552,0,0,0,1.0,1,1.0,1,1.0,1,0.2936527403930486,45
3360,4,5265,2711,2554,0,0,0,1.0,1,1.0,1,1.0,1,0.30352559381467603,44
3361,1,5266,2711,2555,0,0,0,1.0,1,1.0,1,1.0,1,0.2789360589697887,43
3362,3,5269,2712,2557,0,0,0,1.0,1,1.0,1,1.0,1,0.2533179303032171,42
3363,1,5270,2713,2557,0,0,0,1.0,1,1.0,1,1.0,1,0.27967160230636773,41
3364,1,5271,2713,2558,0,0,0,1.0,1,1.0,1,1.0,1,0.2465679694803694,41
3365,0,5271,2713,2558,0,0,0,1.0,1,1.0,1,1.0,1,0.27490145894019596,41
3366,1,5272,2713,2559,0,0,0,1.0,1,1.0,1,1.0,1,0.25838758523894784,40
3367,1,5273,2713,2560,0,0,0,1.0,1,1.0,1,1.0,1,0.21086324783095678,39
3368,2,5275,2714,2561,0,0,0,1.0,1,1.0,1,1.0,1,0.18555796368992875,39
3369,1,5276,2714,2562,0,0,0,1.0,1,1.0,1,1.0,1,0.1638996950190366,40
3370,4,5280,2717,2563,0,0,0,1.0,1,1.0,1,1.0,1,0.13077190994549553,41
3371,1,5281,2718,2563,0,0,0,1.0,1,1.0,1,1.0,1,0.16705725170155306,41
3372,2,5283,2720,2563,0,0,0,1.0,1,1.0,1,1.0,1,0.19611099351199773,40
3373,1,5284,2720,2564,0,0,0,1.0,1,1.0,1,1.0,1,0.19582309675166462,41
3374,1,5285,2721,2564,0,0,0,1.0,1,1.0,1,1.0,1,0.17454064227833985,42
3375,1,5286,2721,2565,0,0,0,1.0,1,1.0,1,1.0,1,0.1836297012201159,44
3376,1,5287,2721,2566,0,0,0,1.0,1,1.0,1,1.0,1,0.15999227653319353,46
3377,1,5288,2721,2567,0,0,0,1.0,1,1.0,1,1.0,1,0.16681036271461808,47
3378,2,5290,2723,2567,0,0,0,1.0,1,1.0,1,1.0,1,0.20076089233345615,48
3379,2,5292,2723,2569,0,0,0,1.0,1,1.0,1,1.0,1,0.1588612870741782,48
3380,1,5293,2724,2569,0,0,0,1.0,1,1.0,1,1.0,1,0.17524937703191856,48
3381,1,5294,2724,2570,0,0,0,1.0,1,1.0,1,1.0,1,0.16194554359618957,48
3382,2,5296,2726,2570,0,0,0,1.0,1,1.0,1,1.0,1,0.22615013657735067,49
3383,0,5296,2726,2570,0,0,0,1.0,1,1.0,1,1.0,1,0.2058421769652569,47
3384,0,5296,2726,2570,0,0,0,1.0,1,1.0,1,1.0,1,0.2176258311626126,48
3385,0,5296,2726,2570,0,0,0,1.0,1,1.0,1,1.0,1,0.18805479917332407,47
3386,2,5298,2727,2571,0,0,0,1.0,1,1.0,1,1.0,1,0.22657679567379554,49
3387,2,5300,2727,2573,0,0,0,1.0,1,1.0,1,1.0,1,0.1857228517699742,48
3388,1,5301,2728,2573,0,0,0,1.0,1,1.0,1,1.0,1,0.21470792759474366,48
3389,2,5303,2728,2575,0,0,0,1.0,1,1.0,1,1.0,1,0.22017876769893904,50
3390,1,5304,2729,2575,0,0,0,1.0,1,1.0,1,1.0,1,0.19837230369266973,51
3391,1,5305,2729,2576,0,0,0,1.0,1,1.0,1,1.0,1,0.18523031524434147,51
3392,1,5306,2729,2577,0,0,0,1.0,1,1.0,1,1.0,1,0.20337296056843743,52
3393,2,5308,2730,2578,0,0,0,1.0,1,1.0,1,1.0,1,0.22405663561625316,52
3394,1,5309,2730,2579,0,0,0,1.0,1,1.0,1,1.0,1,0.20155417051460084,52
3395,1,5310,2730,2580,0,0,0,1.0,1,1.0,1,1.0,1,0.20269857448570858,50
3396,2,5312,2731,2581,0,0,0,1.0,1,1.0,1,1.0,1,0.16789468327870546,49
3397,1,5313,2732,2581,0,0,0,1.0,1,1.0,1,1.0,1,0.17688925466738276,49
3398,0,5313,2732,2581,0,0,0,1.0,1,1.0,1,1.0,1,0.1728985902782293,48
3399,1,5314,2733,2581,0,0,0,1.0,1,1.0,1,1.0,1,0.198731229237545,49
3400,1,5315,2734,2581,0,0,0,1.0,1,1.0,1,1.0,1,0.19759155224849273,50
3401,2,5317,2734,2583,0,0,0,1.0,1,1.0,1,1.0,1,0.17338750781395937,51
3402,1,5318,2735,2583,0,0,0,1.0,1,1.0,1,1.0,1,0.20079335827282807,51
3403,4,5322,2737,2585,0,0,0,1.0,1,1.0,1,1.0,1,0.1794521173991324,51
3404,2,5324,2738,2586,0,0,0,1.0,1,1.0,1,1.0,1,0.17179936314009867,51
3405,2,5326,2739,2587,0,0,0,1.0,1,1.0,1,1.0,1,0.18522889068007994,51
3406,1,5327,2739,2588,0,0,0,1.0,1,1.0,1,1.0,1,0.19457069269667732,51
3407,0,5327,2739,2588,0,0,0,1.0,1,1.0,1,1.0,1,0.2037039419168271,52
3408,2,5329,2739,2590,0,0,0,1.0,1,1.0,1,1.0,1,0.2044924219061108,53
3409,1,5330,2739,2591,0,0,0,1.0,1,1.0,1,1.0,1,0.1841022483893654,54
3410,2,5332,2741,2591,0,0,0,1.0,1,1.0,1,1.0,1,0.1718811007580034,54
3411,2,5334,2742,2592,0,0,0,1.0,1,1.0,1,1.0,1,0.17225037706359186,54
3412,1,5335,2742,2593,0,0,0,1.0,1,1.0,1,1.0,1,0.1697237412001245,55
3413,0,5335,2742,2593,0,0,0,1.0,1,1.0,1,1.0,1,0.1697237412001245,55
3414,2,5337,2742,2595,0,0,0,1.0,1,1.0,1,1.0,1,0.1561824922422776,55
3415,2,5339,2743,2596,0,0,0,1.0,1,1.0,1,1.0,1,0.1799135671698754,56
3416,2,5341,2743,2598,0,0,0,1.0,1,1.0,1,1.0,1,0.16929972489266576,55
3417,1,5342,2743,2599,0,0,0,1.0,1,1.0,1,1.0,1,0.17706457519188395,56
3418,2,5344,2745,2599,0,0,0,1.0,1,1.0,1,1.0,1,0.1886343374743688,55
3419,1,5345,2745,2600,0,0,0,1.0,1,1.0,1,1.0,1,0.1977855960924901,56
3420,1,5346,2745,2601,0,0,0,1.0,1,1.0,1,1.0,1,0.19920839641001126,55
3421,3,5349,2745,2604,0,0,0,1.0,1,1.0,1,1.0,1,0.17455439126277783,57
3422,0,5349,2745,2604,0,0,0,1.0,1,1.0,1,1.0,1,0.1848631467795576,56
3423,2,5351,2747,2604,0,0,0,1.0,1,1.0,1,1.0,1,0.19008448414479742,56
3424,1,5352,2748,2604,0,0,0,1.0,1,1.0,1,1.0,1,0.22917564443882452,56
3425,3,5355,2750,2605,0,0,0,1.0,1,1.0,1,1.0,1,0.20921498442429623,56
3426,2,5357,2750,2607,0,0,0,1.0,1,1.0,1,1.0,1,0.2160138874857506,55
3427,5,5362,2751,2611,0,0,0,1.0,1,1.0,1,1.0,1,0.18775678191814935,55
3428,1,5363,2752,2611,0,0,0,1.0,1,1.0,1,1.0,1,0.1967208742672571,55
3429,3,5366,2752,2614,0,0,0,1.0,1,1.0,1,1.0,1,0.17666724277250534,54
3430,0,5366,2752,2614,0,0,0,1.0,1,1.0,1,1.0,1,0.17955750467679685,56
3431,0,5366,2752,2614,0,0,0,1.0,1,1.0,1,1.0,1,0.1567315168616346,54
3432,4,5370,2755,2615,0,0,0,1.0,1,1.0,1,1.0,1,0.20718087983271585,56
3433,3,5373,2757,2616,0,0,0,1.0,1,1.0,1,1.0,1,0.1970664686527993,53
3434,1,5374,2758,2616,0,0,0,1.0,1,1.0,1,1.0,1,0.22816118261733015,51
3435,6,5380,2759,2621,0,0,0,1.0,1,1.0,1,1.0,1,0.13860513380959374,51
3436,3,5383,2761,2622,0,0,0,1.0,1,1.0,1,1.0,1,0.12084694016717823,51
3437,1,5384,2762,2622,0,0,0,1.0,1,1.0,1,1.0,1,0.120661713913997,53
3438,2,5386,2763,2623,0,0,0,1.0,1,1.0,1,1.0,1,0.12517260512780173,52
3439,2,5388,2764,2624,0,0,0,1.0,1,1.0,1,1.0,1,0.14662503276219033,54
3440,2,5390,2765,2625,0,0,0,1.0,1,1.0,1,1.0,1,0.15401333998086866,52
3441,2,5392,2765,2627,0,0,0,1.0,1,1.0,1,1.0,1,0.1060210823551756,53
3442,2,5394,2766,2628,0,0,0,1.0,1,1.0,1,1.0,1,0.12998555625950034,53
3443,1,5395,2766,2629,0,0,0,1.0,1,1.0,1,1.0,1,0.11642876991201881,53
3444,0,5395,2766,2629,0,0,0,1.0,1,1.0,1,1.0,1,0.1290125144845724,52
3445,2,5397,2767,2630,0,0,0,1.0,1,1.0,1,1.0,1,0.1444159411795493,53
3446,3,5400,2768,2632,0,0,0,1.0,1,1.0,1,1.0,1,0.16184820539970352,53
3447,1,5401,2768,2633,0,0,0,1.0,1,1.0,1,1.0,1,0.14939049288007278,53
3448,2,5403,2769,2634,0,0,0,1.0,1,1.0,1,1.0,1,0.16267747511797115,52
3449,4,5407,2771,2636,0,0,0,1.0,1,1.0,1,1.0,1,0.11542479961834093,52
3450,1,5408,2772,2636,0,0,0,1.0,1,1.0,1,1.0,1,0.12112237513814775,52
3451,3,5411,2775,2636,0,0,0,1.0,1,1.0,1,1.0,1,0.15499427900826687,54
3452,1,5412,2776,2636,0,0,0,1.0,1,1.0,1,1.0,1,0.16716366832320662,54
3453,4,5416,2777,2639,0,0,0,1.0,1,1.0,1,1.0,1,0.13884521523592164,54
3454,1,5417,2777,2640,0,0,0,1.0,1,1.0,1,1.0,1,0.13880938004286228,57
3455,1,5418,2777,2641,0,0,0,1.0,1,1.0,1,1.0,1,0.12464181192433174,57
3456,0,5418,2777,2641,0,0,0,1.0,1,1.0,1,1.0,1,0.13658143172805015,58
3457,0,5418,2777,2641,0,0,0,1.0,1,1.0,1,1.0,1,0.15742574101834156,57
3458,0,5418,2777,2641,0,0,0,1.0,1,1.0,1,1.0,1,0.1574879326020302,57
3459,0,5418,2777,2641,0,0,0,1.0,1,1.0,1,1.0,1,0.1574879326020302,57
3460,0,5418,2777,2641,0,0,0,1.0,1,1.0,1,1.0,1,0.15840005134996976,58
3461,4,5422,2778,2644,0,0,0,1.0,1,1.0,1,1.0,1,0.1436787416437498,59
3462,1,5423,2779,2644,0,0,0,1.0,1,1.0,1,1.0,1,0.15907560903739548,59
3463,1,5424,2780,2644,0,0,0,1.0,1,1.0,1,1.0,1,0.1774384169402752,59
3464,6,5430,2782,2648,0,0,0,1.0,1,1.0,1,1.0,1,0.18886075696401874,59
3465,2,5432,2783,2649,0,0,0,1.0,1,1.0,1,1.0,1,0.16586695854548997,57
3466,0,5432,2783,2649,0,0,0,1.0,1,1.0,1,1.0,1,0.16586695854548997,57
3467,2,5434,2783,2651,0,0,0,1.0,1,1.0,1,1.0,1,0.1440058968597469,57
3468,2,5436,2785,2651,0,0,0,1.0,1,1.0,1,1.0,1,0.19359733747103952,57
3469,4,5440,2788,2652,0,0,0,1.0,1,1.0,1,1.0,1,0.1987307681361182,53
3470,4,5444,2792,2652,0,0,0,1.0,1,1.0,1,1.0,1,0.25383132397726493,50
3471,5,5449,2794,2655,0,0,0,1.0,1,1.0,1,1.0,1,0.2147642337138164,49
3472,3,5452,2794,2658,0,0,0,1.0,1,1.0,1,1.0,1,0.21636402772389457,47
3473,4,5456,2798,2658,0,0,0,1.0,1,1.0,1,1.0,1,0.28768405572056055,45
3474,0,5456,2798,2658,0,0,0,1.0,1,1.0,1,1.0,1,0.28508660468135694,42
3475,9,5465,2801,2664,0,0,0,1.0,1,1.0,1,1.0,1,0.2461496782423728,43
3476,2,5467,2803,2664,0,0,0,1.0,1,1.0,1,1.0,1,0.24664307155352097,41
3477,5,5472,2808,2664,0,0,0,1.0,1,1.0,1,1.0,1,0.2775602696597167,42
3478,3,5475,2810,2665,0,0,0,1.0,1,1.0,1,1.0,1,0.2104398458925567,40
3479,2,5477,2811,2666,0,0,0,1.0,1,1.0,1,1.0,1,0.16900382515734177,40
3480,1,5478,2812,2666,0,0,0,1.0,1,1.0,1,1.0,1,0.18369868082110716,40
3481,1,5479,2813,2666,0,0,0,1.0,1,1.0,1,1.0,1,0.22057662857242638,40
3482,1,5480,2813,2667,0,0,0,1.0,1,1.0,1,1.0,1,0.19892234066483483,40
3483,1,5481,2813,2668,0,0,0,1.0,1,1.0,1,1.0,1,0.1705594129417487,39
3484,0,5481,2813,2668,0,0,0,1.0,1,1.0,1,1.0,1,0.1705594129417487,39
3485,1,5482,2814,2668,0,0,0,1.0,1,1.0,1,1.0,1,0.2071549894106612,40
3486,0,5482,2814,2668,0,0,0,1.0,1,1.0,1,1.0,1,0.20778592053915906,41
3487,1,5483,2814,2669,0,0,0,1.0,1,1.0,1,1.0,1,0.21873547262458204,41
3488,1,5484,2815,2669,0,0,0,1.0,1,1.0,1,1.0,1,0.2147483138227559,42
3489,2,5486,2816,2670,0,0,0,1.0,1,1.0,1,1.0,1,0.18809759591664682,44
3490,0,5486,2816,2670,0,0,0,1.0,1,1.0,1,1.0,1,0.18809759591664682,44
3491,1,5487,2817,2670,0,0,0,1.0,1,1.0,1,1.0,1,0.2153001830233487,45
3492,1,5488,2818,2670,0,0,0,1.0,1,1.0,1,1.0,1,0.23982092232225802,45
3493,1,5489,2819,2670,0,0,0,1.0,1,1.0,1,1.0,1,0.25170741877594677,45
3494,1,5490,2819,2671,0,0,0,1.0,1,1.0,1,1.0,1,0.24341523423645356,45
3495,1,5491,2819,2672,0,0,0,1.0,1,1.0,1,1.0,1,0.22243673079263926,45
3496,3,5494,2820,2674,0,0,0,1.0,1,1.0,1,1.0,1,0.23747856448504892,46
3497,3,5497,2821,2676,0,0,0,1.0,1,1.0,1,1.0,1,0.2361686676237896,47
3498,1,5498,2822,2676,0,0,0,1.0,1,1.0,1,1.0,1,0.2728952214093757,48
3499,1,5499,2823,2676,0,0,0,1.0,1,1.0,1,1.0,1,0.2989835793872988,47
3500,4,5503,2823,2680,0,0,0,1.0,1,1.0,1,1.0,1,0.2597891271950329,50
3501,2,5505,2824,2681,0,0,0,1.0,1,1.0,1,1.0,1,0.2585634763031501,50
3502,0,5505,2824,2681,0,0,0,1.0,1,1.0,1,1.0,1,0.2585634763031501,50
3503,1,5506,2825,2681,0,0,0,1.0,1,1.0,1,1.0,1,0.2747535706669347,50
3504,4,5510,2828,2682,0,0,0,1.0,1,1.0,1,1.0,1,0.3079464156071619,47
3505,3,5513,2829,2684,0,0,0,1.0,1,1.0,1,1.0,1,0.3110743719350817,48
3506,3,5516,2830,2686,0,0,0,1.0,1,1.0,1,1.0,1,0.3207102362119169,49
3507,0,5516,2830,2686,0,0,0,1.0,1,1.0,1,1.0,1,0.32376482172629706,46
3508,1,5517,2831,2686,0,0,0,1.0,1,1.0,1,1.0,1,0.34511159824717336,47
3509,0,5517,2831,2686,0,0,0,1.0,1,1.0,1,1.0,1,0.3196426501307391,44
3510,0,5517,2831,2686,0,0,0,1.0,1,1.0,1,1.0,1,0.35094663810926413,45
3511,1,5518,2832,2686,0,0,0,1.0,1,1.0,1,1.0,1,0.35717112708543103,44
3512,1,5519,2832,2687,0,0,0,1.0,1,1.0,1,1.0,1,0.34097246821614857,42
3513,1,5520,2832,2688,0,0,0,1.0,1,1.0,1,1.0,1,0.32398549521603864,42
3514,0,5520,2832,2688,0,0,0,1.0,1,1.0,1,1.0,1,0.3499094598961516,42
3515,5,5525,2834,2691,0,0,0,1.0,1,1.0,1,1.0,1,0.3643471694045614,42
3516,1,5526,2834,2692,0,0,0,1.0,1,1.0,1,1.0,1,0.31918961530735507,41
3517,1,5527,2834,2693,0,0,0,1.0,1,1.0,1,1.0,1,0.30694934468031854,44
3518,2,5529,2835,2694,0,0,0,1.0,1,1.0,1,1.0,1,0.31952336349189814,43
3519,1,5530,2835,2695,0,0,0,1.0,1,1.0,1,1.0,1,0.3223081738750683,44
3520,2,5532,2835,2697,0,0,0,1.0,1,1.0,1,1.0,1,0.2997033441380958,45
3521,2,5534,2835,2699,0,0,0,1.0,1,1.0,1,1.0,1,0.2827324465158278,45
3522,0,5534,2835,2699,0,0,0,1.0,1,1.0,1,1.0,1,0.27731072456772843,46
3523,1,5535,2835,2700,0,0,0,1.0,1,1.0,1,1.0,1,0.2626629320896317,46
3524,1,5536,2835,2701,0,0,0,1.0,1,1.0,1,1.0,1,0.2357516149253422,47
3525,1,5537,2835,2702,0,0,0,1.0,1,1.0,1,1.0,1,0.274458339073218,48
3526,0,5537,2835,2702,0,0,0,1.0,1,1.0,1,1.0,1,0.2606020140598128,49
3527,2,5539,2837,2702,0,0,0,1.0,1,1.0,1,1.0,1,0.3138032416198773,49
3528,3,5542,2837,2705,0,0,0,1.0,1,1.0,1,1.0,1,0.3034702110628781,51
3529,1,5543,2837,2706,0,0,0,1.0,1,1.0,1,1.0,1,0.2939616702990626,51
3530,1,5544,2838,2706,0,0,0,1.0,1,1.0,1,1.0,1,0.29959817359966073,52
3531,4,5548,2839,2709,0,0,0,1.0,1,1.0,1,1.0,1,0.28556266159372606,52
3532,1,5549,2839,2710,0,0,0,1.0,1,1.0,1,1.0,1,0.2752062274322981,52
3533,1,5550,2839,2711,0,0,0,1.0,1,1.0,1,1.0,1,0.2620207071422059,52
3534,0,5550,2839,2711,0,0,0,1.0,1,1.0,1,1.0,1,0.2620207071422059,52
3535,0,5550,2839,2711,0,0,0,1.0,1,1.0,1,1.0,1,0.2620207071422059,52
3536,0,5550,2839,2711,0,0,0,1.0,1,1.0,1,1.0,1,0.2812985857055654,54
3537,1,5551,2839,2712,0,0,0,1.0,1,1.0,1,1.0,1,0.2728056320830712,55
3538,0,5551,2839,2712,0,0,0,1.0,1,1.0,1,1.0,1,0.2728056320830712,55
3539,0,5551,2839,2712,0,0,0,1.0,1,1.0,1,1.0,1,0.264859443570127,58
3540,2,5553,2840,2713,0,0,0,1.0,1,1.0,1,1.0,1,0.2640007321703873,59
3541,1,5554,2840,2714,0,0,0,1.0,1,1.0,1,1.0,1,0.25183312588796836,59
3542,0,5554,2840,2714,0,0,0,1.0,1,1.0,1,1.0,1,0.26921051771507487,61
3543,5,5559,2842,2717,0,0,0,1.0,1,1.0,1,1.0,1,0.2650701578678746,62
3544,4,5563,2845,2718,0,0,0,1.0,1,1.0,1,1.0,1,0.2413595701926631,59
3545,6,5569,2848,2721,0,0,0,1.0,1,1.0,1,1.0,1,0.24391369305870456,59
3546,3,5572,2850,2722,0,0,0,1.0,1,1.0,1,1.0,1,0.2849724323552803,57
3547,3,5575,2852,2723,0,0,0,1.0,1,1.0,1,1.0,1,0.2678552054885694,53
3548,2,5577,2853,2724,0,0,0,1.0,1,1.0,1,1.0,1,0.2719881881628371,53
3549,3,5580,2854,2726,0,0,0,1.0,1,1.0,1,1.0,1,0.24657431489843373,52
3550,1,5581,2855,2726,0,0,0,1.0,1,1.0,1,1.0,1,0.27649543896987233,51
3551,2,5583,2856,2727,0,0,0,1.0,1,1.0,1,1.0,1,0.2757593255013558,51
3552,2,5585,2857,2728,0,0,0,1.0,1,1.0,1,1.0,1,0.3129602602417682,51
3553,0,5585,2857,2728,0,0,0,1.0,1,1.0,1,1.0,1,0.3067349446321199,49
3554,0,5585,2857,2728,0,0,0,1.0,1,1.0,1,1.0,1,0.3067349446321199,49
3555,3,5588,2857,2731,0,0,0,1.0,1,1.0,1,1.0,1,0.28060413058171346,51
3556,1,5589,2857,2732,0,0,0,1.0,1,1.0,1,1.0,1,0.2609544384174877,51
3557,3,5592,2858,2734,0,0,0,1.0,1,1.0,1,1.0,1,0.2466853793654124,52
3558,2,5594,2859,2735,0,0,0,1.0,1,1.0,1,1.0,1,0.2502387780163616,52
3559,4,5598,2860,2738,0,0,0,1.0,1,1.0,1,1.0,1,0.21753741587762654,52
3560,1,5599,2860,2739,0,0,0,1.0,1,1.0,1,1.0,1,0.2032645273268727,53
3561,2,5601,2860,2741,0,0,0,1.0,1,1.0,1,1.0,1,0.1921466311544388,54
3562,1,5602,2861,2741,0,0,0,1.0,1,1.0,1,1.0,1,0.19267756044090675,54
3563,3,5605,2862,2743,0,0,0,1.0,1,1.0,1,1.0,1,0.19456939855169914,55
3564,2,5607,2862,2745,0,0,0,1.0,1,1.0,1,1.0,1,0.15371017059256376,57
3565,0,5607,2862,2745,0,0,0,1.0,1,1.0,1,1.0,1,0.16465387450786811,56
3566,0,5607,2862,2745,0,0,0,1.0,1,1.0,1,1.0,1,0.17619659361789433,57
3567,0,5607,2862,2745,0,0,0,1.0,1,1.0,1,1.0,1,0.17619659361789433,57
3568,1,5608,2863,2745,0,0,0,1.0,1,1.0,1,1.0,1,0.1977858691260437,57
3569,1,5609,2863,2746,0,0,0,1.0,1,1.0,1,1.0,1,0.1775989077942614,57
3570,4,5613,2865,2748,0,0,0,1.0,1,1.0,1,1.0,1,0.20894500656106635,59
3571,2,5615,2865,2750,0,0,0,1.0,1,1.0,1,1.0,1,0.18175989701347453,60
3572,0,5615,2865,2750,0,0,0,1.0,1,1.0,1,1.0,1,0.18369082397503714,61
3573,1,5616,2865,2751,0,0,0,1.0,1,1.0,1,1.0,1,0.18279063250752578,62
3574,0,5616,2865,2751,0,0,0,1.0,1,1.0,1,1.0,1,0.18679484799773038,63
3575,2,5618,2866,2752,0,0,0,1.0,1,1.0,1,1.0,1,0.20380508414953594,63
3576,1,5619,2866,2753,0,0,0,1.0,1,1.0,1,1.0,1,0.18871218891646582,63
3577,1,5620,2866,2754,0,0,0,1.0,1,1.0,1,1.0,1,0.19622047853231112,64
3578,0,5620,2866,2754,0,0,0,1.0,1,1.0,1,1.0,1,0.20865731315620908,64
3579,1,5621,2866,2755,0,0,0,1.0,1,1.0,1,1.0,1,0.20192596427757448,64
3580,1,5622,2866,2756,0,0,0,1.0,1,1.0,1,1.0,1,0.19900214180270087,65
3581,1,5623,2866,2757,0,0,0,1.0,1,1.0,1,1.0,1,0.20749527912348645,68
3582,8,5631,2868,2763,0,0,0,1.0,1,1.0,1,1.0,1,0.1618177713629613,68
3583,3,5634,2870,2764,0,0,0,1.0,1,1.0,1,1.0,1,0.16202206061420624,65
3584,2,5636,2872,2764,0,0,0,1.0,1,1.0,1,1.0,1,0.18622361372439136,64
3585,5,5641,2874,2767,0,0,0,1.0,1,1.0,1,1.0,1,0.1488029043718543,64
3586,4,5645,2877,2768,0,0,0,1.0,1,1.0,1,1.0,1,0.15864466733375215,65
3587,0,5645,2877,2768,0,0,0,1.0,1,1.0,1,1.0,1,0.1493486455401056,64
3588,2,5647,2879,2768,0,0,0,1.0,1,1.0,1,1.0,1,0.16839513132368522,62
3589,5,5652,2883,2769,0,0,0,1.0,1,1.0,1,1.0,1,0.21356666441823777,63
3590,2,5654,2884,2770,0,0,0,1.0,1,1.0,1,1.0,1,0.20956785194243405,63
3591,2,5656,2885,2771,0,0,0,1.0,1,1.0,1,1.0,1,0.20594094989605718,62
3592,3,5659,2887,2772,0,0,0,1.0,1,1.0,1,1.0,1,0.17670221822970483,59
3593,2,5661,2889,2772,0,0,0,1.0,1,1.0,1,1.0,1,0.1524451474231116,58
3594,1,5662,2889,2773,0,0,0,1.0,1,1.0,1,1.0,1,0.14807496110584714,57
3595,1,5663,2890,2773,0,0,0,1.0,1,1.0,1,1.0,1,0.13645904306856785,59
3596,1,5664,2891,2773,0,0,0,1.0,1,1.0,1,1.0,1,0.09969639887513647,57
3597,3,5667,2894,2773,0,0,0,1.0,1,1.0,1,1.0,1,0.1633014040410187,57
3598,1,5668,2895,2773,0,0,0,1.0,1,1.0,1,1.0,1,0.155720760263843,57
3599,5,5673,2898,2775,0,0,0,1.0,1,1.0,1,1.0,1,0.15896240069914683,58
3600,0,5673,2898,2775,0,0,0,1.0,1,1.0,1,1.0,1,0.15874013262914646,58
3601,0,5673,2898,2775,0,0,0,1.0,1,1.0,1,1.0,1,0.15874013262914646,58
3602,0,5673,2898,2775,0,0,0,1.0,1,1.0,1,1.0,1,0.15613849520463402,60
3603,0,5673,2898,2775,0,0,0,1.0,1,1.0,1,1.0,1,0.15613849520463402,60
3604,0,5673,2898,2775,0,0,0,1.0,1,1.0,1,1.0,1,0.15613849520463402,60
3605,2,5675,2899,2776,0,0,0,1.0,1,1.0,1,1.0,1,0.16725555367585515,61
3606,4,5679,2901,2778,0,0,0,1.0,1,1.0,1,1.0,1,0.15940238075792457,63
3607,3,5682,2902,2780,0,0,0,1.0,1,1.0,1,1.0,1,0.16322057480855012,63
3608,2,5684,2902,2782,0,0,0,1.0,1,1.0,1,1.0,1,0.14242514636149878,64
3609,5,5689,2903,2786,0,0,0,1.0,1,1.0,1,1.0,1,0.10122923658946138,66
3610,2,5691,2905,2786,0,0,0,1.0,1,1.0,1,1.0,1,0.11591321880536089,67
3611,2,5693,2907,2786,0,0,0,1.0,1,1.0,1,1.0,1,0.1565406734359072,67
3612,1,5694,2908,2786,0,0,0,1.0,1,1.0,1,1.0,1,0.20755787468567735,66
3613,5,5699,2908,2791,0,0,0,1.0,1,1.0,1,1.0,1,0.1709341272999518,66
3614,1,5700,2909,2791,0,0,0,1.0,1,1.0,1,1.0,1,0.16586010085475025,65
3615,0,5700,2909,2791,0,0,0,1.0,1,1.0,1,1.0,1,0.17992874986271043,65
3616,1,5701,2910,2791,0,0,0,1.0,1,1.0,1,1.0,1,0.17901484251535882,65
3617,2,5703,2911,2792,0,0,0,1.0,1,1.0,1,1.0,1,0.17994148748077476,66
3618,1,5704,2911,2793,0,0,0,1.0,1,1.0,1,1.0,1,0.16863926664477255,66
3619,1,5705,2911,2794,0,0,0,1.0,1,1.0,1,1.0,1,0.14599605403837176,65
3620,2,5707,2912,2795,0,0,0,1.0,1,1.0,1,1.0,1,0.14123955058079615,66
3621,1,5708,2913,2795,0,0,0,1.0,1,1.0,1,1.0,1,0.1406662067668007,65
3622,3,5711,2914,2797,0,0,0,1.0,1,1.0,1,1.0,1,0.13473292761171243,65
3623,4,5715,2916,2799,0,0,0,1.0,1,1.0,1,1.0,1,0.1491011640685604,62
3624,2,5717,2918,2799,0,0,0,1.0,1,1.0,1,1.0,1,0.18467949420729343,62
3625,3,5720,2919,2801,0,0,0,1.0,1,1.0,1,1.0,1,0.19769135531723123,61
3626,4,5724,2922,2802,0,0,0,1.0,1,1.0,1,1.0,1,0.1738347763342206,58
3627,6,5730,2925,2805,0,0,0,1.0,1,1.0,1,1.0,1,0.16931426056683788,58
3628,0,5730,2925,2805,0,0,0,1.0,1,1.0,1,1.0,1,0.14744370634044612,57
3629,0,5730,2925,2805,0,0,0,1.0,1,1.0,1,1.0,1,0.15468346856625173,57
3630,2,5732,2927,2805,0,0,0,1.0,1,1.0,1,1.0,1,0.17521949711687415,56
3631,4,5736,2931,2805,0,0,0,1.0,1,1.0,1,1.0,1,0.1821825284404678,54
3632,1,5737,2931,2806,0,0,0,1.0,1,1.0,1,1.0,1,0.1682784441463893,52
3633,5,5742,2935,2807,0,0,0,1.0,1,1.0,1,1.0,1,0.2425411805848427,52
3634,3,5745,2937,2808,0,0,0,1.0,1,1.0,1,1.0,1,0.23492919740139412,49
3635,4,5749,2937,2812,0,0,0,1.0,1,1.0,1,1.0,1,0.17963080154613775,47
3636,1,5750,2938,2812,0,0,0,1.0,1,1.0,1,1.0,1,0.19222039237568891,48
3637,5,5755,2940,2815,0,0,0,1.0,1,1.0,1,1.0,1,0.1767080709699474,49
3638,1,5756,2940,2816,0,0,0,1.0,1,1.0,1,1.0,1,0.16193192396555772,50
3639,3,5759,2942,2817,0,0,0,1.0,1,1.0,1,1.0,1,0.207742415240861,52
3640,1,5760,2943,2817,0,0,0,1.0,1,1.0,1,1.0,1,0.21859643186694494,52
3641,2,5762,2943,2819,0,0,0,1.0,1,1.0,1,1.0,1,0.19468206002825417,52
3642,0,5762,2943,2819,0,0,0,1.0,1,1.0,1,1.0,1,0.19468206002825417,52
3643,0,5762,2943,2819,0,0,0,1.0,1,1.0,1,1.0,1,0.19468206002825417,52
3644,0,5762,2943,2819,0,0,0,1.0,1,1.0,1,1.0,1,0.19468206002825417,52
3645,0,5762,2943,2819,0,0,0,1.0,1,1.0,1,1.0,1,0.17647833351450368,53
3646,1,5763,2943,2820,0,0,0,1.0,1,1.0,1,1.0,1,0.16935077486582872,53
3647,0,5763,2943,2820,0,0,0,1.0,1,1.0,1,1.0,1,0.18542519566368115,55
3648,3,5766,2943,2823,0,0,0,1.0,1,1.0,1,1.0,1,0.16380342024671576,57
3649,3,5769,2944,2825,0,0,0,1.0,1,1.0,1,1.0,1,0.14704005429140593,57
3650,1,5770,2944,2826,0,0,0,1.0,1,1.0,1,1.0,1,0.14517448806060157,59
3651,1,5771,2945,2826,0,0,0,1.0,1,1.0,1,1.0,1,0.13538700548103239,59
3652,0,5771,2945,2826,0,0,0,1.0,1,1.0,1,1.0,1,0.13538700548103239,59
3653,0,5771,2945,2826,0,0,0,1.0,1,1.0,1,1.0,1,0.13538700548103239,59
3654,0,5771,2945,2826,0,0,0,1.0,1,1.0,1,1.0,1,0.13538700548103239,59
3655,1,5772,2945,2827,0,0,0,1.0,1,1.0,1,1.0,1,0.1296851358034263,62
3656,0,5772,2945,2827,0,0,0,1.0,1,1.0,1,1.0,1,0.1296851358034263,62
3657,0,5772,2945,2827,0,0,0,1.0,1,1.0,1,1.0,1,0.14149186079484688,63
3658,1,5773,2946,2827,0,0,0,1.0,1,1.0,1,1.0,1,0.15783042184804483,63
3659,1,5774,2946,2828,0,0,0,1.0,1,1.0,1,1.0,1,0.15181232882792106,62
3660,3,5777,2949,2828,0,0,0,1.0,1,1.0,1,1.0,1,0.19604423214536382,62
3661,2,5779,2950,2829,0,0,0,1.0,1,1.0,1,1.0,1,0.17690676428048355,61
3662,4,5783,2953,2830,0,0,0,1.0,1,1.0,1,1.0,1,0.24184170698867158,60
3663,8,5791,2956,2835,0,0,0,1.0,1,1.0,1,1.0,1,0.18893373033652908,61
3664,1,5792,2956,2836,0,0,0,1.0,1,1.0,1,1.0,1,0.1857821958006437,58
3665,3,5795,2958,2837,0,0,0,1.0,1,1.0,1,1.0,1,0.18759631521627385,58
3666,1,5796,2959,2837,0,0,0,1.0,1,1.0,1,1.0,1,0.16349703040302097,58
3667,2,5798,2961,2837,0,0,0,1.0,1,1.0,1,1.0,1,0.1629559650910278,58
3668,1,5799,2961,2838,0,0,0,1.0,1,1.0,1,1.0,1,0.15947274088015595,58
3669,2,5801,2962,2839,0,0,0,1.0,1,1.0,1,1.0,1,0.17565464534744285,57
3670,0,5801,2962,2839,0,0,0,1.0,1,1.0,1,1.0,1,0.16200983379602527,56
3671,1,5802,2963,2839,0,0,0,1.0,1,1.0,1,1.0,1,0.19806084456173512,57
3672,2,5804,2964,2840,0,0,0,1.0,1,1.0,1,1.0,1,0.22153488755522796,57
3673,0,5804,2964,2840,0,0,0,1.0,1,1.0,1,1.0,1,0.20830790779300182,58
3674,0,5804,2964,2840,0,0,0,1.0,1,1.0,1,1.0,1,0.22085788276792082,57
3675,0,5804,2964,2840,0,0,0,1.0,1,1.0,1,1.0,1,0.23038611346581306,58
3676,1,5805,2965,2840,0,0,0,1.0,1,1.0,1,1.0,1,0.2516092571535375,59
3677,5,5810,2966,2844,0,0,0,1.0,1,1.0,1,1.0,1,0.22294973309608762,60
3678,1,5811,2966,2845,0,0,0,1.0,1,1.0,1,1.0,1,0.24123180711745615,62
3679,2,5813,2966,2847,0,0,0,1.0,1,1.0,1,1.0,1,0.21183908044280975,62
3680,0,5813,2966,2847,0,0,0,1.0,1,1.0,1,1.0,1,0.1937404530288045,63
3681,0,5813,2966,2847,0,0,0,1.0,1,1.0,1,1.0,1,0.20043858462010644,64
3682,0,5813,2966,2847,0,0,0,1.0,1,1.0,1,1.0,1,0.20043858462010644,64
3683,0,5813,2966,2847,0,0,0,1.0,1,1.0,1,1.0,1,0.20043858462010644,64
3684,1,5814,2967,2847,0,0,0,1.0,1,1.0,1,1.0,1,0.22020278286529227,64
3685,0,5814,2967,2847,0,0,0,1.0,1,1.0,1,1.0,1,0.22020278286529227,64
3686,0,5814,2967,2847,0,0,0,1.0,1,1.0,1,1.0,1,0.21353007768027812,65
3687,0,5814,2967,2847,0,0,0,1.0,1,1.0,1,1.0,1,0.21353007768027812,65
3688,4,5818,2967,2851,0,0,0,1.0,1,1.0,1,1.0,1,0.1822814888065382,66
3689,0,5818,2967,2851,0,0,0,1.0,1,1.0,1,1.0,1,0.1822814888065382,66
3690,0,5818,2967,2851,0,0,0,1.0,1,1.0,1,1.0,1,0.18712167259764165,67
3691,1,5819,2967,2852,0,0,0,1.0,1,1.0,1,1.0,1,0.17354512831346514,68
3692,0,5819,2967,2852,0,0,0,1.0,1,1.0,1,1.0,1,0.17069133097140388,69
3693,0,5819,2967,2852,0,0,0,1.0,1,1.0,1,1.0,1,0.1812578641391323,69
3694,1,5820,2968,2852,0,0,0,1.0,1,1.0,1,1.0,1,0.1779612137400507,70
3695,1,5821,2968,2853,0,0,0,1.0,1,1.0,1,1.0,1,0.17044722613881055,70
3696,1,5822,2969,2853,0,0,0,1.0,1,1.0,1,1.0,1,0.1747477704861975,71
3697,3,5825,2971,2854,0,0,0,1.0,1,1.0,1,1.0,1,0.18117558754120575,70
3698,0,5825,2971,2854,0,0,0,1.0,1,1.0,1,1.0,1,0.17986238247709893,70
3699,1,5826,2972,2854,0,0,0,1.0,1,1.0,1,1.0,1,0.18569092296452708,70
3700,4,5830,2976,2854,0,0,0,1.0,1,1.0,1,1.0,1,0.22692487552064095,68
3701,4,5834,2977,2857,0,0,0,1.0,1,1.0,1,1.0,1,0.21138460806277667,69
3702,1,5835,2978,2857,0,0,0,1.0,1,1.0,1,1.0,1,0.2109224950137414,69
3703,3,5838,2978,2860,0,0,0,1.0,1,1.0,1,1.0,1,0.190461485944417,70
3704,2,5840,2980,2860,0,0,0,1.0,1,1.0,1,1.0,1,0.21121160351592458,69
3705,1,5841,2980,2861,0,0,0,1.0,1,1.0,1,1.0,1,0.18355969002771982,69
3706,3,5844,2981,2863,0,0,0,1.0,1,1.0,1,1.0,1,0.15735895214650475,69
3707,1,5845,2981,2864,0,0,0,1.0,1,1.0,1,1.0,1,0.13493367728275976,67
3708,0,5845,2981,2864,0,0,0,1.0,1,1.0,1,1.0,1,0.1236043479801282,67
3709,0,5845,2981,2864,0,0,0,1.0,1,1.0,1,1.0,1,0.1236043479801282,67
3710,0,5845,2981,2864,0,0,0,1.0,1,1.0,1,1.0,1,0.12496037766224212,67
3711,0,5845,2981,2864,0,0,0,1.0,1,1.0,1,1.0,1,0.12658867890388512,68
3712,1,5846,2982,2864,0,0,0,1.0,1,1.0,1,1.0,1,0.12035600119594672,68
3713,2,5848,2984,2864,0,0,0,1.0,1,1.0,1,1.0,1,0.1407454633374215,68
3714,0,5848,2984,2864,0,0,0,1.0,1,1.0,1,1.0,1,0.1526319417454046,67
3715,3,5851,2985,2866,0,0,0,1.0,1,1.0,1,1.0,1,0.13907831417903635,68
3716,1,5852,2986,2866,0,0,0,1.0,1,1.0,1,1.0,1,0.14143076240749183,67
3717,3,5855,2987,2868,0,0,0,1.0,1,1.0,1,1.0,1,0.1496560794537286,68
3718,0,5855,2987,2868,0,0,0,1.0,1,1.0,1,1.0,1,0.15977612396489937,68
3719,3,5858,2989,2869,0,0,0,1.0,1,1.0,1,1.0,1,0.22241831982251023,68
3720,0,5858,2989,2869,0,0,0,1.0,1,1.0,1,1.0,1,0.22241831982251023,68
3721,5,5863,2993,2870,0,0,0,1.0,1,1.0,1,1.0,1,0.17863413767912575,70
3722,0,5863,2993,2870,0,0,0,1.0,1,1.0,1,1.0,1,0.18702662921279856,71
3723,2,5865,2995,2870,0,0,0,1.0,1,1.0,1,1.0,1,0.20159172601975886,71
3724,0,5865,2995,2870,0,0,0,1.0,1,1.0,1,1.0,1,0.19112459573535573,72
3725,3,5868,2997,2871,0,0,0,1.0,1,1.0,1,1.0,1,0.19421636645069118,72
3726,0,5868,2997,2871,0,0,0,1.0,1,1.0,1,1.0,1,0.19476711686045614,71
3727,0,5868,2997,2871,0,0,0,1.0,1,1.0,1,1.0,1,0.19476711686045614,71
3728,0,5868,2997,2871,0,0,0,1.0,1,1.0,1,1.0,1,0.1992026261495082,70
3729,0,5868,2997,2871,0,0,0,1.0,1,1.0,1,1.0,1,0.1992026261495082,70
3730,3,5871,2998,2873,0,0,0,1.0,1,1.0,1,1.0,1,0.21626120096399148,71
3731,4,5875,2998,2877,0,0,0,1.0,1,1.0,1,1.0,1,0.1727988791786907,71
3732,0,5875,2998,2877,0,0,0,1.0,1,1.0,1,1.0,1,0.17498479799776592,72
3733,3,5878,2999,2879,0,0,0,1.0,1,1.0,1,1.0,1,0.1843241940322993,73
3734,5,5883,3001,2882,0,0,0,1.0,1,1.0,1,1.0,1,0.1999519892697185,74
3735,2,5885,3002,2883,0,0,0,1.0,1,1.0,1,1.0,1,0.19006206270029283,72
3736,0,5885,3002,2883,0,0,0,1.0,1,1.0,1,1.0,1,0.17091381409262416,72
3737,2,5887,3002,2885,0,0,0,1.0,1,1.0,1,1.0,1,0.1514312774110568,73
3738,0,5887,3002,2885,0,0,0,1.0,1,1.0,1,1.0,1,0.15541221246853493,72
3739,1,5888,3002,2886,0,0,0,1.0,1,1.0,1,1.0,1,0.14623835868132434,73
3740,0,5888,3002,2886,0,0,0,1.0,1,1.0,1,1.0,1,0.1626202027604819,70
3741,1,5889,3002,2887,0,0,0,1.0,1,1.0,1,1.0,1,0.15075235834501005,70
3742,3,5892,3004,2888,0,0,0,1.0,1,1.0,1,1.0,1,0.1510288691116082,70
3743,1,5893,3004,2889,0,0,0,1.0,1,1.0,1,1.0,1,0.15477244271176993,69
3744,5,5898,3009,2889,0,0,0,1.0,1,1.0,1,1.0,1,0.22433894632302948,69
3745,5,5903,3009,2894,0,0,0,1.0,1,1.0,1,1.0,1,0.1308537115220562,68
3746,2,5905,3010,2895,0,0,0,1.0,1,1.0,1,1.0,1,0.15125121564687355,66
3747,1,5906,3010,2896,0,0,0,1.0,1,1.0,1,1.0,1,0.1455928199580167,66
3748,0,5906,3010,2896,0,0,0,1.0,1,1.0,1,1.0,1,0.12608776309004913,65
3749,1,5907,3011,2896,0,0,0,1.0,1,1.0,1,1.0,1,0.12935798102997165,64
3750,2,5909,3013,2896,0,0,0,1.0,1,1.0,1,1.0,1,0.1440467361125778,63
3751,0,5909,3013,2896,0,0,0,1.0,1,1.0,1,1.0,1,0.13062776997536266,64
3752,3,5912,3016,2896,0,0,0,1.0,1,1.0,1,1.0,1,0.17008733759868344,64
3753,4,5916,3017,2899,0,0,0,1.0,1,1.0,1,1.0,1,0.1651627723717102,65
3754,3,5919,3019,2900,0,0,0,1.0,1,1.0,1,1.0,1,0.17285414005129177,65
3755,6,5925,3021,2904,0,0,0,1.0,1,1.0,1,1.0,1,0.16539474191528833,65
3756,2,5927,3022,2905,0,0,0,1.0,1,1.0,1,1.0,1,0.17232129814006042,65
3757,2,5929,3024,2905,0,0,0,1.0,1,1.0,1,1.0,1,0.1842230009877399,65
3758,0,5929,3024,2905,0,0,0,1.0,1,1.0,1,1.0,1,0.192239622858593,64
3759,2,5931,3025,2906,0,0,0,1.0,1,1.0,1,1.0,1,0.20197925647577936,64
3760,1,5932,3025,2907,0,0,0,1.0,1,1.0,1,1.0,1,0.22238180917430725,63
3761,1,5933,3025,2908,0,0,0,1.0,1,1.0,1,1.0,1,0.20484378067024242,63
3762,2,5935,3025,2910,0,0,0,1.0,1,1.0,1,1.0,1,0.1856510071817071,65
3763,1,5936,3026,2910,0,0,0,1.0,1,1.0,1,1.0,1,0.1968835837242495,65
3764,2,5938,3026,2912,0,0,0,1.0,1,1.0,1,1.0,1,0.18412179621529123,66
3765,1,5939,3026,2913,0,0,0,1.0,1,1.0,1,1.0,1,0.19015102879725762,67
3766,2,5941,3027,2914,0,0,0,1.0,1,1.0,1,1.0,1,0.20659848032844924,67
3767,4,5945,3028,2917,0,0,0,1.0,1,1.0,1,1.0,1,0.18533568073012877,68
3768,2,5947,3030,2917,0,0,0,1.0,1,1.0,1,1.0,1,0.2033308655674914,67
3769,1,5948,3030,2918,0,0,0,1.0,1,1.0,1,1.0,1,0.1852692570913404,69
3770,0,5948,3030,2918,0,0,0,1.0,1,1.0,1,1.0,1,0.1852692570913404,69
3771,1,5949,3030,2919,0,0,0,1.0,1,1.0,1,1.0,1,0.19605930046639583,69
3772,3,5952,3030,2922,0,0,0,1.0,1,1.0,1,1.0,1,0.17592872634219076,70
3773,2,5954,3030,2924,0,0,0,1.0,1,1.0,1,1.0,1,0.14778471303756271,68
3774,2,5956,3031,2925,0,0,0,1.0,1,1.0,1,1.0,1,0.1478793011943974,68
3775,3,5959,3032,2927,0,0,0,1.0,1,1.0,1,1.0,1,0.15963815076347662,68
3776,0,5959,3032,2927,0,0,0,1.0,1,1.0,1,1.0,1,0.16051379094692697,66
3777,2,5961,3034,2927,0,0,0,1.0,1,1.0,1,1.0,1,0.15020953818210067,65
3778,1,5962,3035,2927,0,0,0,1.0,1,1.0,1,1.0,1,0.14203587174238652,65
3779,3,5965,3036,2929,0,0,0,1.0,1,1.0,1,1.0,1,0.13219368567217674,65
3780,2,5967,3038,2929,0,0,0,1.0,1,1.0,1,1.0,1,0.13476397194744952,64
3781,0,5967,3038,2929,0,0,0,1.0,1,1.0,1,1.0,1,0.13476397194744952,64
3782,2,5969,3040,2929,0,0,0,1.0,1,1.0,1,1.0,1,0.15282325509851352,67
3783,2,5971,3041,2930,0,0,0,1.0,1,1.0,1,1.0,1,0.14073200490767848,65
3784,1,5972,3042,2930,0,0,0,1.0,1,1.0,1,1.0,1,0.15272115538422745,65
3785,5,5977,3044,2933,0,0,0,1.0,1,1.0,1,1.0,1,0.14236864009586023,63
3786,0,5977,3044,2933,0,0,0,1.0,1,1.0,1,1.0,1,0.14956449363610475,66
3787,2,5979,3046,2933,0,0,0,1.0,1,1.0,1,1.0,1,0.18024213449412274,65
3788,2,5981,3046,2935,0,0,0,1.0,1,1.0,1,1.0,1,0.15091572032524234,65
3789,2,5983,3048,2935,0,0,0,1.0,1,1.0,1,1.0,1,0.18383330476403048,65
3790,0,5983,3048,2935,0,0,0,1.0,1,1.0,1,1.0,1,0.18867980728464842,64
3791,5,5988,3050,2938,0,0,0,1.0,1,1.0,1,1.0,1,0.18067028473857588,64
3792,4,5992,3052,2940,0,0,0,1.0,1,1.0,1,1.0,1,0.179164333160142,65
3793,3,5995,3053,2942,0,0,0,1.0,1,1.0,1,1.0,1,0.18568620937013283,68
3794,2,5997,3055,2942,0,0,0,1.0,1,1.0,1,1.0,1,0.19559312501652126,68
3795,4,6001,3056,2945,0,0,0,1.0,1,1.0,1,1.0,1,0.2050688324568943,69
3796,3,6004,3056,2948,0,0,0,1.0,1,1.0,1,1.0,1,0.18208865875557573,69
3797,0,6004,3056,2948,0,0,0,1.0,1,1.0,1,1.0,1,0.19855395307752943,70
3798,0,6004,3056,2948,0,0,0,1.0,1,1.0,1,1.0,1,0.19855395307752943,70
3799,2,6006,3057,2949,0,0,0,1.0,1,1.0,1,1.0,1,0.2070024841111471,69
3800,1,6007,3057,2950,0,0,0,1.0,1,1.0,1,1.0,1,0.19224244680813313,69
3801,1,6008,3057,2951,0,0,0,1.0,1,1.0,1,1.0,1,0.19931022013277963,67
3802,0,6008,3057,2951,0,0,0,1.0,1,1.0,1,1.0,1,0.19931022013277963,67
3803,4,6012,3059,2953,0,0,0,1.0,1,1.0,1,1.0,1,0.19200216747654036,69
3804,3,6015,3060,2955,0,0,0,1.0,1,1.0,1,1.0,1,0.1900550744921093,70
3805,4,6019,3061,2958,0,0,0,1.0,1,1.0,1,1.0,1,0.17313541300722318,71
3806,2,6021,3062,2959,0,0,0,1.0,1,1.0,1,1.0,1,0.17109019761404046,71
3807,2,6023,3063,2960,0,0,0,1.0,1,1.0,1,1.0,1,0.1800883117434963,72
3808,0,6023,3063,2960,0,0,0,1.0,1,1.0,1,1.0,1,0.1800883117434963,72
3809,2,6025,3064,2961,0,0,0,1.0,1,1.0,1,1.0,1,0.18001049267402994,72
3810,1,6026,3065,2961,0,0,0,1.0,1,1.0,1,1.0,1,0.20386012015021784,72
3811,2,6028,3065,2963,0,0,0,1.0,1,1.0,1,1.0,1,0.17637266838999732,71
3812,0,6028,3065,2963,0,0,0,1.0,1,1.0,1,1.0,1,0.17358613904707348,72
3813,2,6030,3066,2964,0,0,0,1.0,1,1.0,1,1.0,1,0.21691292530019657,71
3814,0,6030,3066,2964,0,0,0,1.0,1,1.0,1,1.0,1,0.21596329288001165,72
3815,2,6032,3067,2965,0,0,0,1.0,1,1.0,1,1.0,1,0.20641146569468924,71
3816,0,6032,3067,2965,0,0,0,1.0,1,1.0,1,1.0,1,0.21369999809888263,69
3817,1,6033,3068,2965,0,0,0,1.0,1,1.0,1,1.0,1,0.23737578559354594,72
3818,0,6033,3068,2965,0,0,0,1.0,1,1.0,1,1.0,1,0.22496680572371744,72
3819,0,6033,3068,2965,0,0,0,1.0,1,1.0,1,1.0,1,0.22496680572371744,72
3820,3,6036,3069,2967,0,0,0,1.0,1,1.0,1,1.0,1,0.22533759338287632,72
3821,1,6037,3070,2967,0,0,0,1.0,1,1.0,1,1.0,1,0.24116140722814688,72
3822,2,6039,3071,2968,0,0,0,1.0,1,1.0,1,1.0,1,0.23902950850483684,69
3823,6,6045,3075,2970,0,0,0,1.0,1,1.0,1,1.0,1,0.23516597751306684,69
3824,1,6046,3076,2970,0,0,0,1.0,1,1.0,1,1.0,1,0.2597695027760566,65
3825,3,6049,3077,2972,0,0,0,1.0,1,1.0,1,1.0,1,0.24224571604020928,64
3826,1,6050,3077,2973,0,0,0,1.0,1,1.0,1,1.0,1,0.24106638705517616,65
3827,3,6053,3078,2975,0,0,0,1.0,1,1.0,1,1.0,1,0.22730809049261583,64
3828,2,6055,3079,2976,0,0,0,1.0,1,1.0,1,1.0,1,0.20950471305312401,65
3829,4,6059,3082,2977,0,0,0,1.0,1,1.0,1,1.0,1,0.21866371298220427,65
3830,1,6060,3082,2978,0,0,0,1.0,1,1.0,1,1.0,1,0.2029923326780707,64
3831,1,6061,3083,2978,0,0,0,1.0,1,1.0,1,1.0,1,0.20491898929796912,63
3832,2,6063,3084,2979,0,0,0,1.0,1,1.0,1,1.0,1,0.22507469461839144,64
3833,2,6065,3086,2979,0,0,0,1.0,1,1.0,1,1.0,1,0.23523811168665823,64
3834,0,6065,3086,2979,0,0,0,1.0,1,1.0,1,1.0,1,0.2403156877324645,63
3835,2,6067,3087,2980,0,0,0,1.0,1,1.0,1,1.0,1,0.25706210482149733,63
3836,2,6069,3088,2981,0,0,0,1.0,1,1.0,1,1.0,1,0.24753648363867703,63
3837,4,6073,3090,2983,0,0,0,1.0,1,1.0,1,1.0,1,0.24609794307068708,62
3838,4,6077,3091,2986,0,0,0,1.0,1,1.0,1,1.0,1,0.2234688247862267,62
3839,1,6078,3092,2986,0,0,0,1.0,1,1.0,1,1.0,1,0.26404721655707925,60
3840,1,6079,3092,2987,0,0,0,1.0,1,1.0,1,1.0,1,0.2514465116959712,62
3841,1,6080,3093,2987,0,0,0,1.0,1,1.0,1,1.0,1,0.2868747516869477,62
3842,2,6082,3093,2989,0,0,0,1.0,1,1.0,1,1.0,1,0.24320742003195198,63
3843,1,6083,3093,2990,0,0,0,1.0,1,1.0,1,1.0,1,0.23026156994811728,64
3844,3,6086,3093,2993,0,0,0,1.0,1,1.0,1,1.0,1,0.20929640395884802,65
3845,2,6088,3093,2995,0,0,0,1.0,1,1.0,1,1.0,1,0.18744362587820865,66
3846,2,6090,3094,2996,0,0,0,1.0,1,1.0,1,1.0,1,0.19029737052373982,67
3847,2,6092,3095,2997,0,0,0,1.0,1,1.0,1,1.0,1,0.18450123464253892,67
3848,2,6094,3096,2998,0,0,0,1.0,1,1.0,1,1.0,1,0.1834597907053916,67
3849,6,6100,3098,3002,0,0,0,1.0,1,1.0,1,1.0,1,0.16716600164743092,67
3850,5,6105,3100,3005,0,0,0,1.0,1,1.0,1,1.0,1,0.13909483834015204,68
3851,1,6106,3101,3005,0,0,0,1.0,1,1.0,1,1.0,1,0.15186834172293456,68
3852,1,6107,3101,3006,0,0,0,1.0,1,1.0,1,1.0,1,0.161930451156574,70
3853,0,6107,3101,3006,0,0,0,1.0,1,1.0,1,1.0,1,0.161930451156574,70
3854,2,6109,3102,3007,0,0,0,1.0,1,1.0,1,1.0,1,0.16685548171116385,70
3855,1,6110,3103,3007,0,0,0,1.0,1,1.0,1,1.0,1,0.17958579404296948,69
3856,1,6111,3104,3007,0,0,0,1.0,1,1.0,1,1.0,1,0.18525934104756692,70
3857,5,6116,3106,3010,0,0,0,1.0,1,1.0,1,1.0,1,0.20536635485252136,68
3858,2,6118,3107,3011,0,0,0,1.0,1,1.0,1,1.0,1,0.20599819085155963,67
3859,2,6120,3107,3013,0,0,0,1.0,1,1.0,1,1.0,1,0.18649823542597366,66
3860,1,6121,3108,3013,0,0,0,1.0,1,1.0,1,1.0,1,0.22443749809312352,66
3861,2,6123,3109,3014,0,0,0,1.0,1,1.0,1,1.0,1,0.2278555458916607,66
3862,7,6130,3112,3018,0,0,0,1.0,1,1.0,1,1.0,1,0.23484484573165762,66
3863,0,6130,3112,3018,0,0,0,1.0,1,1.0,1,1.0,1,0.23176282627822178,63
3864,1,6131,3113,3018,0,0,0,1.0,1,1.0,1,1.0,1,0.23632083563861467,63
3865,1,6132,3113,3019,0,0,0,1.0,1,1.0,1,1.0,1,0.22708005570995718,61
3866,2,6134,3114,3020,0,0,0,1.0,1,1.0,1,1.0,1,0.21723390198259826,61
3867,2,6136,3116,3020,0,0,0,1.0,1,1.0,1,1.0,1,0.22586484019045336,60
3868,0,6136,3116,3020,0,0,0,1.0,1,1.0,1,1.0,1,0.2195454198893102,59
3869,2,6138,3117,3021,0,0,0,1.0,1,1.0,1,1.0,1,0.2078252361571299,61
3870,0,6138,3117,3021,0,0,0,1.0,1,1.0,1,1.0,1,0.2197273623333028,61
3871,2,6140,3118,3022,0,0,0,1.0,1,1.0,1,1.0,1,0.2208207348693051,64
3872,1,6141,3118,3023,0,0,0,1.0,1,1.0,1,1.0,1,0.2138067658939288,63
3873,1,6142,3118,3024,0,0,0,1.0,1,1.0,1,1.0,1,0.21541754457074197,62
3874,2,6144,3119,3025,0,0,0,1.0,1,1.0,1,1.0,1,0.21806312530099123,63
3875,2,6146,3120,3026,0,0,0,1.0,1,1.0,1,1.0,1,0.2095145801121152,61
3876,1,6147,3120,3027,0,0,0,1.0,1,1.0,1,1.0,1,0.19529153647121908,62
3877,4,6151,3121,3030,0,0,0,1.0,1,1.0,1,1.0,1,0.2007579381023411,63
3878,1,6152,3121,3031,0,0,0,1.0,1,1.0,1,1.0,1,0.1923913667379424,63
3879,1,6153,3122,3031,0,0,0,1.0,1,1.0,1,1.0,1,0.19927214140307772,63
3880,0,6153,3122,3031,0,0,0,1.0,1,1.0,1,1.0,1,0.1999097680059666,65
3881,1,6154,3123,3031,0,0,0,1.0,1,1.0,1,1.0,1,0.2132768646798608,65
3882,3,6157,3124,3033,0,0,0,1.0,1,1.0,1,1.0,1,0.19190783764889752,66
3883,0,6157,3124,3033,0,0,0,1.0,1,1.0,1,1.0,1,0.19190783764889752,66
3884,2,6159,3125,3034,0,0,0,1.0,1,1.0,1,1.0,1,0.2037241651877458,66
3885,1,6160,3125,3035,0,0,0,1.0,1,1.0,1,1.0,1,0.19229661234062517,66
3886,3,6163,3127,3036,0,0,0,1.0,1,1.0,1,1.0,1,0.19489702861121222,65
3887,2,6165,3127,3038,0,0,0,1.0,1,1.0,1,1.0,1,0.21892762885450742,65
3888,5,6170,3128,3042,0,0,0,1.0,1,1.0,1,1.0,1,0.2078221495394556,66
3889,1,6171,3128,3043,0,0,0,1.0,1,1.0,1,1.0,1,0.1791322690527283,64
3890,1,6172,3129,3043,0,0,0,1.0,1,1.0,1,1.0,1,0.19470187033156564,63
3891,3,6175,3130,3045,0,0,0,1.0,1,1.0,1,1.0,1,0.1693483650093292,66
3892,4,6179,3130,3049,0,0,0,1.0,1,1.0,1,1.0,1,0.12291448587405968,67
3893,0,6179,3130,3049,0,0,0,1.0,1,1.0,1,1.0,1,0.13503903930674444,66
3894,0,6179,3130,3049,0,0,0,1.0,1,1.0,1,1.0,1,0.14831442096065733,67
3895,1,6180,3131,3049,0,0,0,1.0,1,1.0,1,1.0,1,0.16882689621575908,66
3896,1,6181,3132,3049,0,0,0,1.0,1,1.0,1,1.0,1,0.17090641273494236,66
3897,0,6181,3132,3049,0,0,0,1.0,1,1.0,1,1.0,1,0.1781153521208582,65
3898,6,6187,3136,3051,0,0,0,1.0,1,1.0,1,1.0,1,0.21992575265526756,65
3899,3,6190,3138,3052,0,0,0,1.0,1,1.0,1,1.0,1,0.22726387774040524,64
3900,2,6192,3139,3053,0,0,0,1.0,1,1.0,1,1.0,1,0.2339556902070625,63
3901,4,6196,3140,3056,0,0,0,1.0,1,1.0,1,1.0,1,0.19299366851330005,63
3902,1,6197,3140,3057,0,0,0,1.0,1,1.0,1,1.0,1,0.19614967090955518,64
3903,2,6199,3142,3057,0,0,0,1.0,1,1.0,1,1.0,1,0.18561875168986672,64
3904,0,6199,3142,3057,0,0,0,1.0,1,1.0,1,1.0,1,0.18796830630951045,63
3905,1,6200,3142,3058,0,0,0,1.0,1,1.0,1,1.0,1,0.1957176206673197,63
3906,2,6202,3144,3058,0,0,0,1.0,1,1.0,1,1.0,1,0.20095268289783844,64
3907,4,6206,3145,3061,0,0,0,1.0,1,1.0,1,1.0,1,0.18544153029940255,64
3908,0,6206,3145,3061,0,0,0,1.0,1,1.0,1,1.0,1,0.18772466303615992,63
3909,1,6207,3146,3061,0,0,0,1.0,1,1.0,1,1.0,1,0.19848030683724943,62
3910,0,6207,3146,3061,0,0,0,1.0,1,1.0,1,1.0,1,0.20395757082780158,62
3911,2,6209,3146,3063,0,0,0,1.0,1,1.0,1,1.0,1,0.18885115897063498,64
3912,1,6210,3146,3064,0,0,0,1.0,1,1.0,1,1.0,1,0.1695851941745557,64
3913,0,6210,3146,3064,0,0,0,1.0,1,1.0,1,1.0,1,0.17831625706293625,65
3914,1,6211,3146,3065,0,0,0,1.0,1,1.0,1,1.0,1,0.18741854656772022,65
3915,1,6212,3146,3066,0,0,0,1.0,1,1.0,1,1.0,1,0.1742336536509291,66
3916,1,6213,3147,3066,0,0,0,1.0,1,1.0,1,1.0,1,0.18562453567731793,66
3917,1,6214,3147,3067,0,0,0,1.0,1,1.0,1,1.0,1,0.17786287716796012,66
3918,1,6215,3147,3068,0,0,0,1.0,1,1.0,1,1.0,1,0.16725185890492983,67
3919,3,6218,3148,3070,0,0,0,1.0,1,1.0,1,1.0,1,0.17664350526772735,68
3920,1,6219,3149,3070,0,0,0,1.0,1,1.0,1,1.0,1,0.17143669279294754,69
3921,3,6222,3149,3073,0,0,0,1.0,1,1.0,1,1.0,1,0.15423344134443134,68
3922,3,6225,3152,3073,0,0,0,1.0,1,1.0,1,1.0,1,0.1786443453381981,68
3923,0,6225,3152,3073,0,0,0,1.0,1,1.0,1,1.0,1,0.18858909877655122,69
3924,0,6225,3152,3073,0,0,0,1.0,1,1.0,1,1.0,1,0.20419162658654946,69
3925,2,6227,3154,3073,0,0,0,1.0,1,1.0,1,1.0,1,0.2306680625763205,67
3926,1,6228,3155,3073,0,0,0,1.0,1,1.0,1,1.0,1,0.25744360912925685,67
3927,2,6230,3155,3075,0,0,0,1.0,1,1.0,1,1.0,1,0.2653576334290068,65
3928,2,6232,3155,3077,0,0,0,1.0,1,1.0,1,1.0,1,0.23824327698046213,65
3929,1,6233,3156,3077,0,0,0,1.0,1,1.0,1,1.0,1,0.23547927524692217,64
3930,1,6234,3156,3078,0,0,0,1.0,1,1.0,1,1.0,1,0.2340140356629273,64
3931,1,6235,3157,3078,0,0,0,1.0,1,1.0,1,1.0,1,0.25140987046653696,62
3932,2,6237,3158,3079,0,0,0,1.0,1,1.0,1,1.0,1,0.25178729255342264,62
3933,1,6238,3159,3079,0,0,0,1.0,1,1.0,1,1.0,1,0.24925700953829252,62
3934,1,6239,3160,3079,0,0,0,1.0,1,1.0,1,1.0,1,0.24779931957949036,61
3935,4,6243,3160,3083,0,0,0,1.0,1,1.0,1,1.0,1,0.21324540737061465,64
3936,0,6243,3160,3083,0,0,0,1.0,1,1.0,1,1.0,1,0.22158458883086068,65
3937,1,6244,3160,3084,0,0,0,1.0,1,1.0,1,1.0,1,0.2158859420859115,66
3938,1,6245,3161,3084,0,0,0,1.0,1,1.0,1,1.0,1,0.23276688989702596,66
3939,1,6246,3161,3085,0,0,0,1.0,1,1.0,1,1.0,1,0.2276355317451297,67
3940,1,6247,3162,3085,0,0,0,1.0,1,1.0,1,1.0,1,0.22553746813497494,69
3941,2,6249,3162,3087,0,0,0,1.0,1,1.0,1,1.0,1,0.18972091144018716,69
3942,1,6250,3163,3087,0,0,0,1.0,1,1.0,1,1.0,1,0.19771734848927822,69
3943,6,6256,3165,3091,0,0,0,1.0,1,1.0,1,1.0,1,0.18038962678631112,68
3944,1,6257,3166,3091,0,0,0,1.0,1,1.0,1,1.0,1,0.18674266970117448,68
3945,1,6258,3167,3091,0,0,0,1.0,1,1.0,1,1.0,1,0.19162042887672864,67
3946,1,6259,3168,3091,0,0,0,1.0,1,1.0,1,1.0,1,0.20944208252409277,67
3947,0,6259,3168,3091,0,0,0,1.0,1,1.0,1,1.0,1,0.21374662161917277,66
3948,3,6262,3169,3093,0,0,0,1.0,1,1.0,1,1.0,1,0.19651376292280479,67
3949,9,6271,3174,3097,0,0,0,1.0,1,1.0,1,1.0,1,0.22635468833167158,66
3950,2,6273,3174,3099,0,0,0,1.0,1,1.0,1,1.0,1,0.21964763165089202,65
3951,4,6277,3175,3102,0,0,0,1.0,1,1.0,1,1.0,1,0.17635767765238985,65
3952,1,6278,3176,3102,0,0,0,1.0,1,1.0,1,1.0,1,0.17957515486090206,65
3953,0,6278,3176,3102,0,0,0,1.0,1,1.0,1,1.0,1,0.19390637308805672,65
3954,0,6278,3176,3102,0,0,0,1.0,1,1.0,1,1.0,1,0.19563650149861997,64
3955,0,6278,3176,3102,0,0,0,1.0,1,1.0,1,1.0,1,0.2253348824723777,64
3956,1,6279,3177,3102,0,0,0,1.0,1,1.0,1,1.0,1,0.2112353382008621,63
3957,0,6279,3177,3102,0,0,0,1.0,1,1.0,1,1.0,1,0.2112353382008621,63
3958,1,6280,3178,3102,0,0,0,1.0,1,1.0,1,1.0,1,0.2456083544399474,63
3959,2,6282,3179,3103,0,0,0,1.0,1,1.0,1,1.0,1,0.25084864883455393,62
3960,0,6282,3179,3103,0,0,0,1.0,1,1.0,1,1.0,1,0.25084864883455393,62
3961,7,6289,3181,3108,0,0,0,1.0,1,1.0,1,1.0,1,0.2347414432957441,64
3962,2,6291,3182,3109,0,0,0,1.0,1,1.0,1,1.0,1,0.22601486477253374,64
3963,3,6294,3184,3110,0,0,0,1.0,1,1.0,1,1.0,1,0.2410131477247444,62
3964,2,6296,3184,3112,0,0,0,1.0,1,1.0,1,1.0,1,0.2204655969193499,63
3965,4,6300,3184,3116,0,0,0,1.0,1,1.0,1,1.0,1,0.2111641872916523,63
3966,1,6301,3184,3117,0,0,0,1.0,1,1.0,1,1.0,1,0.21537342291093067,62
3967,1,6302,3184,3118,0,0,0,1.0,1,1.0,1,1.0,1,0.21962683085187992,64
3968,2,6304,3184,3120,0,0,0,1.0,1,1.0,1,1.0,1,0.19377054777871325,63
3969,0,6304,3184,3120,0,0,0,1.0,1,1.0,1,1.0,1,0.1967734855205066,63
3970,0,6304,3184,3120,0,0,0,1.0,1,1.0,1,1.0,1,0.20150155403094086,65
3971,1,6305,3184,3121,0,0,0,1.0,1,1.0,1,1.0,1,0.19857468080059917,65
3972,3,6308,3185,3123,0,0,0,1.0,1,1.0,1,1.0,1,0.20350335492700272,66
3973,0,6308,3185,3123,0,0,0,1.0,1,1.0,1,1.0,1,0.20350335492700272,66
3974,2,6310,3187,3123,0,0,0,1.0,1,1.0,1,1.0,1,0.23627187515995807,66
3975,4,6314,3188,3126,0,0,0,1.0,1,1.0,1,1.0,1,0.20112672661929912,66
3976,0,6314,3188,3126,0,0,0,1.0,1,1.0,1,1.0,1,0.2203684288663124,66
3977,2,6316,3189,3127,0,0,0,1.0,1,1.0,1,1.0,1,0.21689345800106433,64
3978,2,6318,3191,3127,0,0,0,1.0,1,1.0,1,1.0,1,0.2669581380569197,63
3979,3,6321,3192,3129,0,0,0,1.0,1,1.0,1,1.0,1,0.26845616461347055,63
3980,1,6322,3193,3129,0,0,0,1.0,1,1.0,1,1.0,1,0.2736624528429828,63
3981,4,6326,3193,3133,0,0,0,1.0,1,1.0,1,1.0,1,0.22986437138533958,64
3982,1,6327,3194,3133,0,0,0,1.0,1,1.0,1,1.0,1,0.23937947063135148,65
3983,1,6328,3195,3133,0,0,0,1.0,1,1.0,1,1.0,1,0.23642668240659953,64
3984,3,6331,3196,3135,0,0,0,1.0,1,1.0,1,1.0,1,0.22815324858632732,65
3985,3,6334,3197,3137,0,0,0,1.0,1,1.0,1,1.0,1,0.21734683912196795,64
3986,1,6335,3197,3138,0,0,0,1.0,1,1.0,1,1.0,1,0.19905695967902443,63
3987,1,6336,3198,3138,0,0,0,1.0,1,1.0,1,1.0,1,0.21219773370664508,63
3988,2,6338,3198,3140,0,0,0,1.0,1,1.0,1,1.0,1,0.18318578436913094,63
3989,2,6340,3199,3141,0,0,0,1.0,1,1.0,1,1.0,1,0.20883397643260404,63
3990,3,6343,3200,3143,0,0,0,1.0,1,1.0,1,1.0,1,0.22690881843282176,62
3991,4,6347,3200,3147,0,0,0,1.0,1,1.0,1,1.0,1,0.17697201225610698,62
3992,0,6347,3200,3147,0,0,0,1.0,1,1.0,1,1.0,1,0.17951770976853623,65
3993,2,6349,3200,3149,0,0,0,1.0,1,1.0,1,1.0,1,0.15960492340476087,65
3994,0,6349,3200,3149,0,0,0,1.0,1,1.0,1,1.0,1,0.1586768282592116,64
3995,1,6350,3200,3150,0,0,0,1.0,1,1.0,1,1.0,1,0.14327473727965886,64
3996,2,6352,3200,3152,0,0,0,1.0,1,1.0,1,1.0,1,0.1268513087385071,67
3997,3,6355,3200,3155,0,0,0,1.0,1,1.0,1,1.0,1,0.10315335210816658,69
3998,1,6356,3201,3155,0,0,0,1.0,1,1.0,1,1.0,1,0.10791360050996614,69
3999,1,6357,3201,3156,0,0,0,1.0,1,1.0,1,1.0,1,0.10204138991821339,69
4000,0,6357,3201,3156,0,0,0,1.0,1,1.0,1,1.0,1,0.11560653681619582,69
4001,0,6357,3201,3156,0,0,0,1.0,1,1.0,1,1.0,1,0.12915466003081924,68
4002,2,6359,3203,3156,0,0,0,1.0,1,1.0,1,1.0,1,0.17175074122966652,68
4003,2,6361,3204,3157,0,0,0,1.0,1,1.0,1,1.0,1,0.18255038625622869,68
4004,2,6363,3206,3157,0,0,0,1.0,1,1.0,1,1.0,1,0.20704511631748143,67
4005,2,6365,3206,3159,0,0,0,1.0,1,1.0,1,1.0,1,0.17325353785597872,67
4006,1,6366,3207,3159,0,0,0,1.0,1,1.0,1,1.0,1,0.19461305489928135,67
4007,2,6368,3208,3160,0,0,0,1.0,1,1.0,1,1.0,1,0.17299721396296538,67
4008,5,6373,3212,3161,0,0,0,1.0,1,1.0,1,1.0,1,0.2050096238712201,67
4009,1,6374,3212,3162,0,0,0,1.0,1,1.0,1,1.0,1,0.19243562731409627,67
4010,2,6376,3213,3163,0,0,0,1.0,1,1.0,1,1.0,1,0.23100054933257788,66
4011,5,6381,3214,3167,0,0,0,1.0,1,1.0,1,1.0,1,0.2072943863277483,66
4012,0,6381,3214,3167,0,0,0,1.0,1,1.0,1,1.0,1,0.21360035445357992,66
4013,2,6383,3214,3169,0,0,0,1.0,1,1.0,1,1.0,1,0.20236586268889178,66
4014,2,6385,3215,3170,0,0,0,1.0,1,1.0,1,1.0,1,0.19502865447475426,66
4015,0,6385,3215,3170,0,0,0,1.0,1,1.0,1,1.0,1,0.2065414800859224,64
4016,3,6388,3217,3171,0,0,0,1.0,1,1.0,1,1.0,1,0.2665802419691237,64
4017,1,6389,3217,3172,0,0,0,1.0,1,1.0,1,1.0,1,0.25099098545583176,66
4018,0,6389,3217,3172,0,0,0,1.0,1,1.0,1,1.0,1,0.25686935304850866,67
4019,1,6390,3218,3172,0,0,0,1.0,1,1.0,1,1.0,1,0.26916359516016714,67
4020,0,6390,3218,3172,0,0,0,1.0,1,1.0,1,1.0,1,0.2865613941722329,66
4021,3,6393,3221,3172,0,0,0,1.0,1,1.0,1,1.0,1,0.29711429192329925,66
4022,1,6394,3221,3173,0,0,0,1.0,1,1.0,1,1.0,1,0.2919073658830533,66
4023,6,6400,3224,3176,0,0,0,1.0,1,1.0,1,1.0,1,0.2613599727535467,66
4024,2,6402,3226,3176,0,0,0,1.0,1,1.0,1,1.0,1,0.2753614789906094,66
4025,2,6404,3226,3178,0,0,0,1.0,1,1.0,1,1.0,1,0.23854442429754244,66
4026,0,6404,3226,3178,0,0,0,1.0,1,1.0,1,1.0,1,0.23983947101779568,66
4027,1,6405,3227,3178,0,0,0,1.0,1,1.0,1,1.0,1,0.24029164939183706,64
4028,3,6408,3229,3179,0,0,0,1.0,1,1.0,1,1.0,1,0.2631175738934444,63
4029,3,6411,3230,3181,0,0,0,1.0,1,1.0,1,1.0,1,0.2337546994959045,62
4030,1,6412,3231,3181,0,0,0,1.0,1,1.0,1,1.0,1,0.2493175540815519,63
4031,2,6414,3232,3182,0,0,0,1.0,1,1.0,1,1.0,1,0.25178120830776207,62
4032,3,6417,3235,3182,0,0,0,1.0,1,1.0,1,1.0,1,0.2868449724484067,62
4033,5,6422,3238,3184,0,0,0,1.0,1,1.0,1,1.0,1,0.2996025107534453,61
4034,1,6423,3239,3184,0,0,0,1.0,1,1.0,1,1.0,1,0.2829712941134696,60
4035,3,6426,3239,3187,0,0,0,1.0,1,1.0,1,1.0,1,0.27802589795454735,59
4036,2,6428,3240,3188,0,0,0,1.0,1,1.0,1,1.0,1,0.2800949939065117,58
4037,2,6430,3241,3189,0,0,0,1.0,1,1.0,1,1.0,1,0.2520280817373843,59
4038,0,6430,3241,3189,0,0,0,1.0,1,1.0,1,1.0,1,0.2518473378420771,58
4039,2,6432,3243,3189,0,0,0,1.0,1,1.0,1,1.0,1,0.30863376875220955,56
4040,0,6432,3243,3189,0,0,0,1.0,1,1.0,1,1.0,1,0.3320739337119427,55
4041,2,6434,3244,3190,0,0,0,1.0,1,1.0,1,1.0,1,0.35208306952159124,54
4042,3,6437,3245,3192,0,0,0,1.0,1,1.0,1,1.0,1,0.33459305199285116,56
4043,1,6438,3246,3192,0,0,0,1.0,1,1.0,1,1.0,1,0.3492828798448376,56
4044,0,6438,3246,3192,0,0,0,1.0,1,1.0,1,1.0,1,0.3643942558194935,56
4045,4,6442,3248,3194,0,0,0,1.0,1,1.0,1,1.0,1,0.35171025814821366,57
4046,3,6445,3248,3197,0,0,0,1.0,1,1.0,1,1.0,1,0.3592746482010111,59
4047,1,6446,3249,3197,0,0,0,1.0,1,1.0,1,1.0,1,0.3655401387215782,59
4048,1,6447,3250,3197,0,0,0,1.0,1,1.0,1,1.0,1,0.38027476737242616,59
4049,1,6448,3250,3198,0,0,0,1.0,1,1.0,1,1.0,1,0.36341202656579047,60
4050,0,6448,3250,3198,0,0,0,1.0,1,1.0,1,1.0,1,0.36341202656579047,60
4051,0,6448,3250,3198,0,0,0,1.0,1,1.0,1,1.0,1,0.36341202656579047,60
4052,0,6448,3250,3198,0,0,0,1.0,1,1.0,1,1.0,1,0.36341202656579047,60
4053,0,6448,3250,3198,0,0,0,1.0,1,1.0,1,1.0,1,0.36341202656579047,60
4054,2,6450,3251,3199,0,0,0,1.0,1,1.0,1,1.0,1,0.35854105089271576,61
4055,0,6450,3251,3199,0,0,0,1.0,1,1.0,1,1.0,1,0.35854105089271576,61
4056,0,6450,3251,3199,0,0,0,1.0,1,1.0,1,1.0,1,0.3678271266735427,62
4057,0,6450,3251,3199,0,0,0,1.0,1,1.0,1,1.0,1,0.37144305125161925,63
4058,0,6450,3251,3199,0,0,0,1.0,1,1.0,1,1.0,1,0.3950113184457749,64
4059,1,6451,3251,3200,0,0,0,1.0,1,1.0,1,1.0,1,0.39615595872527415,63
4060,0,6451,3251,3200,0,0,0,1.0,1,1.0,1,1.0,1,0.39615595872527415,63
4061,1,6452,3251,3201,0,0,0,1.0,1,1.0,1,1.0,1,0.39430821625319856,63
4062,5,6457,3253,3204,0,0,0,1.0,1,1.0,1,1.0,1,0.37478032426905405,65
4063,1,6458,3253,3205,0,0,0,1.0,1,1.0,1,1.0,1,0.34535387526510547,64
4064,4,6462,3255,3207,0,0,0,1.0,1,1.0,1,1.0,1,0.33967370406034003,65
4065,6,6468,3257,3211,0,0,0,1.0,1,1.0,1,1.0,1,0.3078630403232143,64
4066,3,6471,3259,3212,0,0,0,1.0,1,1.0,1,1.0,1,0.3147436885842904,64
4067,2,6473,3260,3213,0,0,0,1.0,1,1.0,1,1.0,1,0.32412225026904734,63
4068,1,6474,3261,3213,0,0,0,1.0,1,1.0,1,1.0,1,0.33646105276986416,64
4069,9,6483,3265,3218,0,0,0,1.0,1,1.0,1,1.0,1,0.2913925532350648,62
4070,2,6485,3267,3218,0,0,0,1.0,1,1.0,1,1.0,1,0.3166509885784834,61
4071,6,6491,3269,3222,0,0,0,1.0,1,1.0,1,1.0,1,0.29554707386054435,61
4072,3,6494,3272,3222,0,0,0,1.0,1,1.0,1,1.0,1,0.3047971007986277,60
4073,4,6498,3274,3224,0,0,0,1.0,1,1.0,1,1.0,1,0.2787168391937542,60
4074,8,6506,3279,3227,0,0,0,1.0,1,1.0,1,1.0,1,0.27014811798697247,60
4075,1,6507,3279,3228,0,0,0,1.0,1,1.0,1,1.0,1,0.2503705178781715,59
4076,1,6508,3280,3228,0,0,0,1.0,1,1.0,1,1.0,1,0.27491937895825985,60
4077,3,6511,3282,3229,0,0,0,1.0,1,1.0,1,1.0,1,0.27448217686805015,61
4078,0,6511,3282,3229,0,0,0,1.0,1,1.0,1,1.0,1,0.28254809224771826,60
4079,2,6513,3283,3230,0,0,0,1.0,1,1.0,1,1.0,1,0.2967760053347433,58
4080,0,6513,3283,3230,0,0,0,1.0,1,1.0,1,1.0,1,0.3089878700356997,56
4081,0,6513,3283,3230,0,0,0,1.0,1,1.0,1,1.0,1,0.30847251044949653,56
4082,0,6513,3283,3230,0,0,0,1.0,1,1.0,1,1.0,1,0.3193365152018943,55
4083,0,6513,3283,3230,0,0,0,1.0,1,1.0,1,1.0,1,0.3193365152018943,55
4084,1,6514,3284,3230,0,0,0,1.0,1,1.0,1,1.0,1,0.3312051276909006,55
4085,4,6518,3285,3233,0,0,0,1.0,1,1.0,1,1.0,1,0.3053478348730949,56
4086,1,6519,3286,3233,0,0,0,1.0,1,1.0,1,1.0,1,0.2860662253224869,57
4087,3,6522,3287,3235,0,0,0,1.0,1,1.0,1,1.0,1,0.2878365282196779,57
4088,1,6523,3287,3236,0,0,0,1.0,1,1.0,1,1.0,1,0.296236582566091,57
4089,1,6524,3287,3237,0,0,0,1.0,1,1.0,1,1.0,1,0.30822290456773427,56
4090,1,6525,3288,3237,0,0,0,1.0,1,1.0,1,1.0,1,0.30344873974421044,56
4091,2,6527,3288,3239,0,0,0,1.0,1,1.0,1,1.0,1,0.2973166126508332,56
4092,1,6528,3288,3240,0,0,0,1.0,1,1.0,1,1.0,1,0.2938487633967207,57
4093,3,6531,3289,3242,0,0,0,1.0,1,1.0,1,1.0,1,0.28623832037989927,58
4094,1,6532,3290,3242,0,0,0,1.0,1,1.0,1,1.0,1,0.2950221497435912,57
4095,3,6535,3291,3244,0,0,0,1.0,1,1.0,1,1.0,1,0.2798322000393805,57
4096,1,6536,3291,3245,0,0,0,1.0,1,1.0,1,1.0,1,0.2669317227552962,59
4097,3,6539,3292,3247,0,0,0,1.0,1,1.0,1,1.0,1,0.24021305171960744,59
4098,1,6540,3293,3247,0,0,0,1.0,1,1.0,1,1.0,1,0.23460288853486044,59
4099,4,6544,3295,3249,0,0,0,1.0,1,1.0,1,1.0,1,0.21444236678284426,60
4100,2,6546,3296,3250,0,0,0,1.0,1,1.0,1,1.0,1,0.22425810813804817,60
4101,3,6549,3296,3253,0,0,0,1.0,1,1.0,1,1.0,1,0.19424949578789213,60
4102,5,6554,3301,3253,0,0,0,1.0,1,1.0,1,1.0,1,0.21906238029509248,60
4103,4,6558,3303,3255,0,0,0,1.0,1,1.0,1,1.0,1,0.21632609497642769,58
4104,3,6561,3306,3255,0,0,0,1.0,1,1.0,1,1.0,1,0.2141914770216628,60
4105,2,6563,3307,3256,0,0,0,1.0,1,1.0,1,1.0,1,0.2070556000245574,59
4106,3,6566,3308,3258,0,0,0,1.0,1,1.0,1,1.0,1,0.19902555654764678,61
4107,0,6566,3308,3258,0,0,0,1.0,1,1.0,1,1.0,1,0.20230686493225322,59
4108,1,6567,3309,3258,0,0,0,1.0,1,1.0,1,1.0,1,0.19411283800706253,60
4109,1,6568,3309,3259,0,0,0,1.0,1,1.0,1,1.0,1,0.16502505788587632,59
4110,0,6568,3309,3259,0,0,0,1.0,1,1.0,1,1.0,1,0.16707993906992422,60
4111,2,6570,3310,3260,0,0,0,1.0,1,1.0,1,1.0,1,0.1802575386736721,61
4112,0,6570,3310,3260,0,0,0,1.0,1,1.0,1,1.0,1,0.17978118822047923,60
4113,2,6572,3311,3261,0,0,0,1.0,1,1.0,1,1.0,1,0.1790239686540964,61
4114,1,6573,3311,3262,0,0,0,1.0,1,1.0,1,1.0,1,0.16511059718087584,62
4115,4,6577,3312,3265,0,0,0,1.0,1,1.0,1,1.0,1,0.18193117809147788,60
4116,4,6581,3314,3267,0,0,0,1.0,1,1.0,1,1.0,1,0.17312408865210027,59
4117,5,6586,3316,3270,0,0,0,1.0,1,1.0,1,1.0,1,0.1626545966541242,56
4118,1,6587,3316,3271,0,0,0,1.0,1,1.0,1,1.0,1,0.16395912365072152,55
4119,3,6590,3316,3274,0,0,0,1.0,1,1.0,1,1.0,1,0.13169252570356393,53
4120,2,6592,3318,3274,0,0,0,1.0,1,1.0,1,1.0,1,0.13528706867790138,52
4121,4,6596,3322,3274,0,0,0,1.0,1,1.0,1,1.0,1,0.1504956142841066,53
4122,1,6597,3323,3274,0,0,0,1.0,1,1.0,1,1.0,1,0.13935143181868329,52
4123,5,6602,3326,3276,0,0,0,1.0,1,1.0,1,1.0,1,0.13494044608840083,51
4124,1,6603,3327,3276,0,0,0,1.0,1,1.0,1,1.0,1,0.14632233937962266,51
4125,1,6604,3328,3276,0,0,0,1.0,1,1.0,1,1.0,1,0.14927757187465832,50
4126,3,6607,3330,3277,0,0,0,1.0,1,1.0,1,1.0,1,0.197090253811519,50
4127,1,6608,3330,3278,0,0,0,1.0,1,1.0,1,1.0,1,0.17430717692713027,49
4128,0,6608,3330,3278,0,0,0,1.0,1,1.0,1,1.0,1,0.17430717692713027,49
4129,0,6608,3330,3278,0,0,0,1.0,1,1.0,1,1.0,1,0.17430717692713027,49
4130,0,6608,3330,3278,0,0,0,1.0,1,1.0,1,1.0,1,0.17532640829034837,50
4131,0,6608,3330,3278,0,0,0,1.0,1,1.0,1,1.0,1,0.17532640829034837,50
4132,0,6608,3330,3278,0,0,0,1.0,1,1.0,1,1.0,1,0.17532640829034837,50
4133,1,6609,3331,3278,0,0,0,1.0,1,1.0,1,1.0,1,0.2271592246844354,51
4134,2,6611,3332,3279,0,0,0,1.0,1,1.0,1,1.0,1,0.2085340888410322,53
4135,2,6613,3332,3281,0,0,0,1.0,1,1.0,1,1.0,1,0.17857639596143615,54
4136,0,6613,3332,3281,0,0,0,1.0,1,1.0,1,1.0,1,0.17857639596143615,54
4137,2,6615,3334,3281,0,0,0,1.0,1,1.0,1,1.0,1,0.15977922210689754,55
4138,0,6615,3334,3281,0,0,0,1.0,1,1.0,1,1.0,1,0.15380059804930887,54
4139,0,6615,3334,3281,0,0,0,1.0,1,1.0,1,1.0,1,0.15380059804930887,54
4140,1,6616,3335,3281,0,0,0,1.0,1,1.0,1,1.0,1,0.16770425968859445,55
4141,0,6616,3335,3281,0,0,0,1.0,1,1.0,1,1.0,1,0.16631233459824235,55
4142,1,6617,3336,3281,0,0,0,1.0,1,1.0,1,1.0,1,0.16157447943564074,55
4143,1,6618,3337,3281,0,0,0,1.0,1,1.0,1,1.0,1,0.1987495445030778,53
4144,2,6620,3339,3281,0,0,0,1.0,1,1.0,1,1.0,1,0.22524228378865965,52
4145,2,6622,3340,3282,0,0,0,1.0,1,1.0,1,1.0,1,0.2271901220528651,51
4146,3,6625,3341,3284,0,0,0,1.0,1,1.0,1,1.0,1,0.2045179154902521,51
4147,1,6626,3342,3284,0,0,0,1.0,1,1.0,1,1.0,1,0.19513861954841796,50
4148,4,6630,3344,3286,0,0,0,1.0,1,1.0,1,1.0,1,0.2343067608038505,52
4149,1,6631,3344,3287,0,0,0,1.0,1,1.0,1,1.0,1,0.19422125491181055,53
4150,5,6636,3346,3290,0,0,0,1.0,1,1.0,1,1.0,1,0.15637377604517833,53
4151,1,6637,3347,3290,0,0,0,1.0,1,1.0,1,1.0,1,0.16978973488007976,53
4152,3,6640,3348,3292,0,0,0,1.0,1,1.0,1,1.0,1,0.153068007245622,54
4153,1,6641,3349,3292,0,0,0,1.0,1,1.0,1,1.0,1,0.18514120614879667,51
4154,1,6642,3350,3292,0,0,0,1.0,1,1.0,1,1.0,1,0.18046325132263993,51
4155,3,6645,3353,3292,0,0,0,1.0,1,1.0,1,1.0,1,0.2677091387397516,51
4156,3,6648,3355,3293,0,0,0,1.0,1,1.0,1,1.0,1,0.26337107324970777,52
4157,3,6651,3356,3295,0,0,0,1.0,1,1.0,1,1.0,1,0.24012419713035835,52
4158,0,6651,3356,3295,0,0,0,1.0,1,1.0,1,1.0,1,0.2420055489634838,52
4159,2,6653,3357,3296,0,0,0,1.0,1,1.0,1,1.0,1,0.18882977460948194,52
4160,1,6654,3358,3296,0,0,0,1.0,1,1.0,1,1.0,1,0.20656116438997815,50
4161,1,6655,3358,3297,0,0,0,1.0,1,1.0,1,1.0,1,0.18097224965017078,50
4162,0,6655,3358,3297,0,0,0,1.0,1,1.0,1,1.0,1,0.18163775913017702,51
4163,2,6657,3358,3299,0,0,0,1.0,1,1.0,1,1.0,1,0.18720092483350223,48
4164,4,6661,3361,3300,0,0,0,1.0,1,1.0,1,1.0,1,0.2548684049589429,50
4165,1,6662,3361,3301,0,0,0,1.0,1,1.0,1,1.0,1,0.22464699058837578,49
4166,2,6664,3362,3302,0,0,0,1.0,1,1.0,1,1.0,1,0.2273219492179355,50
4167,0,6664,3362,3302,0,0,0,1.0,1,1.0,1,1.0,1,0.2543853575744657,50
4168,0,6664,3362,3302,0,0,0,1.0,1,1.0,1,1.0,1,0.27455034070423345,50
4169,0,6664,3362,3302,0,0,0,1.0,1,1.0,1,1.0,1,0.27746402155836436,51
4170,0,6664,3362,3302,0,0,0,1.0,1,1.0,1,1.0,1,0.29698981204852887,50
4171,4,6668,3365,3303,0,0,0,1.0,1,1.0,1,1.0,1,0.28034147394592523,50
4172,0,6668,3365,3303,0,0,0,1.0,1,1.0,1,1.0,1,0.3046886854103494,49
4173,3,6671,3366,3305,0,0,0,1.0,1,1.0,1,1.0,1,0.30406574341358616,48
4174,2,6673,3367,3306,0,0,0,1.0,1,1.0,1,1.0,1,0.2972444601088376,48
4175,1,6674,3367,3307,0,0,0,1.0,1,1.0,1,1.0,1,0.2693406571008494,48
4176,1,6675,3367,3308,0,0,0,1.0,1,1.0,1,1.0,1,0.2733667340816165,50
4177,4,6679,3369,3310,0,0,0,1.0,1,1.0,1,1.0,1,0.2583417186504955,52
4178,1,6680,3370,3310,0,0,0,1.0,1,1.0,1,1.0,1,0.2590952871085227,53
4179,4,6684,3372,3312,0,0,0,1.0,1,1.0,1,1.0,1,0.24186004003504988,54
4180,1,6685,3372,3313,0,0,0,1.0,1,1.0,1,1.0,1,0.2341940732094074,55
4181,3,6688,3372,3316,0,0,0,1.0,1,1.0,1,1.0,1,0.2052688955805837,56
4182,1,6689,3373,3316,0,0,0,1.0,1,1.0,1,1.0,1,0.2130642263275712,56
4183,7,6696,3375,3321,0,0,0,1.0,1,1.0,1,1.0,1,0.1879332080121167,57
4184,2,6698,3376,3322,0,0,0,1.0,1,1.0,1,1.0,1,0.22397098340979021,57
4185,2,6700,3376,3324,0,0,0,1.0,1,1.0,1,1.0,1,0.20072124387122883,54
4186,2,6702,3377,3325,0,0,0,1.0,1,1.0,1,1.0,1,0.18538958013411805,55
4187,0,6702,3377,3325,0,0,0,1.0,1,1.0,1,1.0,1,0.19292206953904836,53
4188,1,6703,3378,3325,0,0,0,1.0,1,1.0,1,1.0,1,0.20377668411082117,53
4189,2,6705,3378,3327,0,0,0,1.0,1,1.0,1,1.0,1,0.1783922154048908,53
4190,3,6708,3380,3328,0,0,0,1.0,1,1.0,1,1.0,1,0.15716161771863188,53
4191,1,6709,3380,3329,0,0,0,1.0,1,1.0,1,1.0,1,0.17255793935806496,51
4192,1,6710,3381,3329,0,0,0,1.0,1,1.0,1,1.0,1,0.19902500153833907,51
4193,2,6712,3383,3329,0,0,0,1.0,1,1.0,1,1.0,1,0.20011692876906484,50
4194,0,6712,3383,3329,0,0,0,1.0,1,1.0,1,1.0,1,0.19010481038641774,50
4195,1,6713,3384,3329,0,0,0,1.0,1,1.0,1,1.0,1,0.21820902024894984,50
4196,1,6714,3385,3329,0,0,0,1.0,1,1.0,1,1.0,1,0.2773208052318897,51
4197,4,6718,3387,3331,0,0,0,1.0,1,1.0,1,1.0,1,0.2432622768905087,50
4198,1,6719,3388,3331,0,0,0,1.0,1,1.0,1,1.0,1,0.26571913131346214,48
4199,3,6722,3388,3334,0,0,0,1.0,1,1.0,1,1.0,1,0.26968301068572054,48
4200,0,6722,3388,3334,0,0,0,1.0,1,1.0,1,1.0,1,0.2872574508657216,48
4201,0,6722,3388,3334,0,0,0,1.0,1,1.0,1,1.0,1,0.3054169455074371,47
4202,0,6722,3388,3334,0,0,0,1.0,1,1.0,1,1.0,1,0.3054169455074371,47
4203,0,6722,3388,3334,0,0,0,1.0,1,1.0,1,1.0,1,0.3054169455074371,47
4204,2,6724,3390,3334,0,0,0,1.0,1,1.0,1,1.0,1,0.30126905802547554,48
4205,0,6724,3390,3334,0,0,0,1.0,1,1.0,1,1.0,1,0.2920863503756889,49
4206,2,6726,3391,3335,0,0,0,1.0,1,1.0,1,1.0,1,0.29794502739590534,49
4207,0,6726,3391,3335,0,0,0,1.0,1,1.0,1,1.0,1,0.3162283350416866,48
4208,2,6728,3393,3335,0,0,0,1.0,1,1.0,1,1.0,1,0.300795615095493,49
4209,4,6732,3395,3337,0,0,0,1.0,1,1.0,1,1.0,1,0.27943148214170516,51
4210,2,6734,3396,3338,0,0,0,1.0,1,1.0,1,1.0,1,0.307064232430259,52
4211,1,6735,3396,3339,0,0,0,1.0,1,1.0,1,1.0,1,0.3138224970593951,53
4212,0,6735,3396,3339,0,0,0,1.0,1,1.0,1,1.0,1,0.3138224970593951,53
4213,1,6736,3396,3340,0,0,0,1.0,1,1.0,1,1.0,1,0.3049341296508487,54
4214,1,6737,3396,3341,0,0,0,1.0,1,1.0,1,1.0,1,0.30116543491394,54
4215,1,6738,3397,3341,0,0,0,1.0,1,1.0,1,1.0,1,0.3010559807399119,54
4216,1,6739,3397,3342,0,0,0,1.0,1,1.0,1,1.0,1,0.3082168629518693,53
4217,3,6742,3399,3343,0,0,0,1.0,1,1.0,1,1.0,1,0.33348122482350206,54
4218,2,6744,3400,3344,0,0,0,1.0,1,1.0,1,1.0,1,0.33955798492219647,53
4219,3,6747,3401,3346,0,0,0,1.0,1,1.0,1,1.0,1,0.3549221843811169,53
4220,0,6747,3401,3346,0,0,0,1.0,1,1.0,1,1.0,1,0.3620973723721113,53
4221,1,6748,3401,3347,0,0,0,1.0,1,1.0,1,1.0,1,0.3625357492862582,54
4222,2,6750,3402,3348,0,0,0,1.0,1,1.0,1,1.0,1,0.35221417483762996,55
4223,3,6753,3403,3350,0,0,0,1.0,1,1.0,1,1.0,1,0.3417108911750023,56
4224,2,6755,3405,3350,0,0,0,1.0,1,1.0,1,1.0,1,0.3446909422133651,55
4225,4,6759,3406,3353,0,0,0,1.0,1,1.0,1,1.0,1,0.3180353653377953,53
4226,5,6764,3409,3355,0,0,0,1.0,1,1.0,1,1.0,1,0.33194563842319813,54
4227,1,6765,3410,3355,0,0,0,1.0,1,1.0,1,1.0,1,0.3306495764785488,52
4228,2,6767,3412,3355,0,0,0,1.0,1,1.0,1,1.0,1,0.33592017611111347,51
4229,1,6768,3413,3355,0,0,0,1.0,1,1.0,1,1.0,1,0.3572964504558142,48
4230,1,6769,3414,3355,0,0,0,1.0,1,1.0,1,1.0,1,0.37387750747968057,48
4231,1,6770,3414,3356,0,0,0,1.0,1,1.0,1,1.0,1,0.33937884201497637,48
4232,2,6772,3415,3357,0,0,0,1.0,1,1.0,1,1.0,1,0.3183252963247763,48
4233,1,6773,3415,3358,0,0,0,1.0,1,1.0,1,1.0,1,0.283797778675741,48
4234,1,6774,3416,3358,0,0,0,1.0,1,1.0,1,1.0,1,0.2924564100569625,49
4235,2,6776,3417,3359,0,0,0,1.0,1,1.0,1,1.0,1,0.26022181007087153,47
4236,3,6779,3418,3361,0,0,0,1.0,1,1.0,1,1.0,1,0.2746422993350954,47
4237,3,6782,3418,3364,0,0,0,1.0,1,1.0,1,1.0,1,0.23706674630494065,48
4238,1,6783,3418,3365,0,0,0,1.0,1,1.0,1,1.0,1,0.22335409020840583,47
4239,0,6783,3418,3365,0,0,0,1.0,1,1.0,1,1.0,1,0.23542676767160697,48
4240,1,6784,3419,3365,0,0,0,1.0,1,1.0,1,1.0,1,0.2457244973375835,47
4241,0,6784,3419,3365,0,0,0,1.0,1,1.0,1,1.0,1,0.2584678125565747,49
4242,0,6784,3419,3365,0,0,0,1.0,1,1.0,1,1.0,1,0.25371391406342114,49
4243,5,6789,3421,3368,0,0,0,1.0,1,1.0,1,1.0,1,0.25380594084420566,50
4244,1,6790,3421,3369,0,0,0,1.0,1,1.0,1,1.0,1,0.2651559956721656,51
4245,2,6792,3421,3371,0,0,0,1.0,1,1.0,1,1.0,1,0.2736379651627651,51
4246,1,6793,3421,3372,0,0,0,1.0,1,1.0,1,1.0,1,0.26379080406406535,51
4247,2,6795,3421,3374,0,0,0,1.0,1,1.0,1,1.0,1,0.25455750821848616,52
4248,3,6798,3422,3376,0,0,0,1.0,1,1.0,1,1.0,1,0.2548508378958156,52
4249,3,6801,3423,3378,0,0,0,1.0,1,1.0,1,1.0,1,0.23533941119743526,52
4250,1,6802,3424,3378,0,0,0,1.0,1,1.0,1,1.0,1,0.23487344014624983,52
4251,4,6806,3424,3382,0,0,0,1.0,1,1.0,1,1.0,1,0.1605164031730684,53
4252,0,6806,3424,3382,0,0,0,1.0,1,1.0,1,1.0,1,0.1605164031730684,53
4253,3,6809,3427,3382,0,0,0,1.0,1,1.0,1,1.0,1,0.17356210110378184,54
4254,2,6811,3429,3382,0,0,0,1.0,1,1.0,1,1.0,1,0.202837909507066,54
4255,4,6815,3431,3384,0,0,0,1.0,1,1.0,1,1.0,1,0.21876541612119943,55
4256,3,6818,3432,3386,0,0,0,1.0,1,1.0,1,1.0,1,0.19491929560958413,57
4257,4,6822,3433,3389,0,0,0,1.0,1,1.0,1,1.0,1,0.16470228962305458,57
4258,1,6823,3433,3390,0,0,0,1.0,1,1.0,1,1.0,1,0.16702649249273804,57
4259,1,6824,3433,3391,0,0,0,1.0,1,1.0,1,1.0,1,0.14863349696661543,57
4260,1,6825,3433,3392,0,0,0,1.0,1,1.0,1,1.0,1,0.15276496890065086,58
4261,0,6825,3433,3392,0,0,0,1.0,1,1.0,1,1.0,1,0.159224791288272,59
4262,2,6827,3434,3393,0,0,0,1.0,1,1.0,1,1.0,1,0.15878048229111633,60
4263,2,6829,3436,3393,0,0,0,1.0,1,1.0,1,1.0,1,0.18036310624970162,59
4264,2,6831,3438,3393,0,0,0,1.0,1,1.0,1,1.0,1,0.21092201115292514,58
4265,4,6835,3440,3395,0,0,0,1.0,1,1.0,1,1.0,1,0.18166314158897445,58
4266,1,6836,3441,3395,0,0,0,1.0,1,1.0,1,1.0,1,0.20258537397714269,58
4267,2,6838,3442,3396,0,0,0,1.0,1,1.0,1,1.0,1,0.20033588004403566,55
4268,5,6843,3445,3398,0,0,0,1.0,1,1.0,1,1.0,1,0.22333245412056912,55
4269,2,6845,3447,3398,0,0,0,1.0,1,1.0,1,1.0,1,0.2251710008677874,50
4270,1,6846,3448,3398,0,0,0,1.0,1,1.0,1,1.0,1,0.25235926501039274,47
4271,0,6846,3448,3398,0,0,0,1.0,1,1.0,1,1.0,1,0.2522651246520743,47
4272,0,6846,3448,3398,0,0,0,1.0,1,1.0,1,1.0,1,0.27257990785965325,46
4273,4,6850,3450,3400,0,0,0,1.0,1,1.0,1,1.0,1,0.2642800774720407,47
4274,2,6852,3451,3401,0,0,0,1.0,1,1.0,1,1.0,1,0.278292206193328,45
4275,8,6860,3455,3405,0,0,0,1.0,1,1.0,1,1.0,1,0.2318854983974167,44
4276,1,6861,3455,3406,0,0,0,1.0,1,1.0,1,1.0,1,0.2136988379691527,43
4277,4,6865,3458,3407,0,0,0,1.0,1,1.0,1,1.0,1,0.20254454111550338,42
4278,4,6869,3460,3409,0,0,0,1.0,1,1.0,1,1.0,1,0.18236513161578152,43
4279,4,6873,3463,3410,0,0,0,1.0,1,1.0,1,1.0,1,0.24970627051592673,42
4280,5,6878,3465,3413,0,0,0,1.0,1,1.0,1,1.0,1,0.24061759043554867,44
4281,4,6882,3466,3416,0,0,0,1.0,1,1.0,1,1.0,1,0.1898218670429707,44
4282,0,6882,3466,3416,0,0,0,1.0,1,1.0,1,1.0,1,0.1898218670429707,44
4283,1,6883,3466,3417,0,0,0,1.0,1,1.0,1,1.0,1,0.1696602063517602,45
4284,0,6883,3466,3417,0,0,0,1.0,1,1.0,1,1.0,1,0.1696602063517602,45
4285,1,6884,3466,3418,0,0,0,1.0,1,1.0,1,1.0,1,0.13615645546485466,47
4286,0,6884,3466,3418,0,0,0,1.0,1,1.0,1,1.0,1,0.13615645546485466,47
4287,0,6884,3466,3418,0,0,0,1.0,1,1.0,1,1.0,1,0.15302611619083284,49
4288,1,6885,3466,3419,0,0,0,1.0,1,1.0,1,1.0,1,0.13746603409613004,49
4289,1,6886,3467,3419,0,0,0,1.0,1,1.0,1,1.0,1,0.13786402407247486,50
4290,0,6886,3467,3419,0,0,0,1.0,1,1.0,1,1.0,1,0.14290591838346783,51
4291,2,6888,3468,3420,0,0,0,1.0,1,1.0,1,1.0,1,0.16139557426626436,50
4292,1,6889,3469,3420,0,0,0,1.0,1,1.0,1,1.0,1,0.2050877151986881,51
4293,1,6890,3469,3421,0,0,0,1.0,1,1.0,1,1.0,1,0.1723262410141195,51
4294,2,6892,3471,3421,0,0,0,1.0,1,1.0,1,1.0,1,0.2318792987121066,50
4295,2,6894,3472,3422,0,0,0,1.0,1,1.0,1,1.0,1,0.2283138864723759,50
4296,0,6894,3472,3422,0,0,0,1.0,1,1.0,1,1.0,1,0.2284582198640835,49
4297,3,6897,3472,3425,0,0,0,1.0,1,1.0,1,1.0,1,0.1874505055365374,49
4298,0,6897,3472,3425,0,0,0,1.0,1,1.0,1,1.0,1,0.1874505055365374,49
4299,0,6897,3472,3425,0,0,0,1.0,1,1.0,1,1.0,1,0.2031291773035759,48
4300,3,6900,3473,3427,0,0,0,1.0,1,1.0,1,1.0,1,0.16691539568764063,49
4301,1,6901,3474,3427,0,0,0,1.0,1,1.0,1,1.0,1,0.17443677254723172,50
4302,3,6904,3475,3429,0,0,0,1.0,1,1.0,1,1.0,1,0.17145395816671344,51
4303,2,6906,3477,3429,0,0,0,1.0,1,1.0,1,1.0,1,0.195473179936077,51
4304,5,6911,3481,3430,0,0,0,1.0,1,1.0,1,1.0,1,0.2516978262794695,51
4305,8,6919,3483,3436,0,0,0,1.0,1,1.0,1,1.0,1,0.11349398929499263,49
4306,2,6921,3484,3437,0,0,0,1.0,1,1.0,1,1.0,1,0.12887997643410457,49
4307,4,6925,3488,3437,0,0,0,1.0,1,1.0,1,1.0,1,0.1646335801022541,46
4308,1,6926,3489,3437,0,0,0,1.0,1,1.0,1,1.0,1,0.1695371177868803,44
4309,1,6927,3489,3438,0,0,0,1.0,1,1.0,1,1.0,1,0.17207267394730033,44
4310,0,6927,3489,3438,0,0,0,1.0,1,1.0,1,1.0,1,0.195772839679352,42
4311,0,6927,3489,3438,0,0,0,1.0,1,1.0,1,1.0,1,0.195772839679352,42
4312,1,6928,3490,3438,0,0,0,1.0,1,1.0,1,1.0,1,0.19660728645072797,40
4313,4,6932,3493,3439,0,0,0,1.0,1,1.0,1,1.0,1,0.18924816098799002,40
4314,0,6932,3493,3439,0,0,0,1.0,1,1.0,1,1.0,1,0.2163520502010745,36
4315,4,6936,3495,3441,0,0,0,1.0,1,1.0,1,1.0,1,0.23151943374741601,37
4316,1,6937,3496,3441,0,0,0,1.0,1,1.0,1,1.0,1,0.30151475597803934,37
4317,6,6943,3500,3443,0,0,0,1.0,1,1.0,1,1.0,1,0.3734718913175295,36
4318,4,6947,3501,3446,0,0,0,1.0,1,1.0,1,1.0,1,0.28130726150931634,34
4319,1,6948,3501,3447,0,0,0,1.0,1,1.0,1,1.0,1,0.25232459380113215,34
4320,0,6948,3501,3447,0,0,0,1.0,1,1.0,1,1.0,1,0.25232459380113215,34
4321,0,6948,3501,3447,0,0,0,1.0,1,1.0,1,1.0,1,0.29163924400090135,35
4322,0,6948,3501,3447,0,0,0,1.0,1,1.0,1,1.0,1,0.29163924400090135,35
4323,0,6948,3501,3447,0,0,0,1.0,1,1.0,1,1.0,1,0.29163924400090135,35
4324,0,6948,3501,3447,0,0,0,1.0,1,1.0,1,1.0,1,0.31990720452128374,34
4325,0,6948,3501,3447,0,0,0,1.0,1,1.0,1,1.0,1,0.31990720452128374,34
4326,2,6950,3502,3448,0,0,0,1.0,1,1.0,1,1.0,1,0.3263471904063245,36
4327,1,6951,3502,3449,0,0,0,1.0,1,1.0,1,1.0,1,0.30243267474406843,35
4328,1,6952,3503,3449,0,0,0,1.0,1,1.0,1,1.0,1,0.30409776716301823,35
4329,6,6958,3504,3454,0,0,0,1.0,1,1.0,1,1.0,1,0.21417139897112722,38
4330,3,6961,3506,3455,0,0,0,1.0,1,1.0,1,1.0,1,0.23264236052687784,38
4331,0,6961,3506,3455,0,0,0,1.0,1,1.0,1,1.0,1,0.2506397614321405,39
4332,0,6961,3506,3455,0,0,0,1.0,1,1.0,1,1.0,1,0.2608883919640623,40
4333,0,6961,3506,3455,0,0,0,1.0,1,1.0,1,1.0,1,0.23688794595641266,41
4334,0,6961,3506,3455,0,0,0,1.0,1,1.0,1,1.0,1,0.23688794595641266,41
4335,3,6964,3508,3456,0,0,0,1.0,1,1.0,1,1.0,1,0.18365394671744323,42
4336,0,6964,3508,3456,0,0,0,1.0,1,1.0,1,1.0,1,0.19433516039002183,43
4337,3,6967,3508,3459,0,0,0,1.0,1,1.0,1,1.0,1,0.13607894487694924,44
4338,0,6967,3508,3459,0,0,0,1.0,1,1.0,1,1.0,1,0.13607894487694924,44
4339,3,6970,3511,3459,0,0,0,1.0,1,1.0,1,1.0,1,0.1580555044336661,46
4340,0,6970,3511,3459,0,0,0,1.0,1,1.0,1,1.0,1,0.16297013949911957,47
4341,3,6973,3512,3461,0,0,0,1.0,1,1.0,1,1.0,1,0.14259374981453957,47
4342,4,6977,3515,3462,0,0,0,1.0,1,1.0,1,1.0,1,0.20549892780205078,47
4343,1,6978,3516,3462,0,0,0,1.0,1,1.0,1,1.0,1,0.14878912184391324,42
4344,3,6981,3519,3462,0,0,0,1.0,1,1.0,1,1.0,1,0.24863805026002317,42
4345,4,6985,3521,3464,0,0,0,1.0,1,1.0,1,1.0,1,0.23543284648793497,39
4346,0,6985,3521,3464,0,0,0,1.0,1,1.0,1,1.0,1,0.24433947259612615,37
4347,1,6986,3522,3464,0,0,0,1.0,1,1.0,1,1.0,1,0.30448294466680104,37
4348,4,6990,3525,3465,0,0,0,1.0,1,1.0,1,1.0,1,0.3621978340938707,38
4349,3,6993,3525,3468,0,0,0,1.0,1,1.0,1,1.0,1,0.2586281023912153,36
4350,5,6998,3527,3471,0,0,0,1.0,1,1.0,1,1.0,1,0.2536785608655825,37
4351,1,6999,3528,3471,0,0,0,1.0,1,1.0,1,1.0,1,0.2743871266143933,35
4352,0,6999,3528,3471,0,0,0,1.0,1,1.0,1,1.0,1,0.2993278471758126,34
4353,2,7001,3528,3473,0,0,0,1.0,1,1.0,1,1.0,1,0.26716786741152954,34
4354,1,7002,3528,3474,0,0,0,1.0,1,1.0,1,1.0,1,0.29466160636769684,32
4355,4,7006,3528,3478,0,0,0,1.0,1,1.0,1,1.0,1,0.1785696388293121,32
4356,1,7007,3529,3478,0,0,0,1.0,1,1.0,1,1.0,1,0.15684748211846153,34
4357,0,7007,3529,3478,0,0,0,1.0,1,1.0,1,1.0,1,0.14442280416375727,35
4358,2,7009,3531,3478,0,0,0,1.0,1,1.0,1,1.0,1,0.20311341320810047,35
4359,2,7011,3532,3479,0,0,0,1.0,1,1.0,1,1.0,1,0.2489861467152535,37
4360,2,7013,3532,3481,0,0,0,1.0,1,1.0,1,1.0,1,0.2328144041454808,38
4361,3,7016,3533,3483,0,0,0,1.0,1,1.0,1,1.0,1,0.14920089259198546,39
4362,2,7018,3535,3483,0,0,0,1.0,1,1.0,1,1.0,1,0.20898491535309405,38
4363,2,7020,3536,3484,0,0,0,1.0,1,1.0,1,1.0,1,0.18359473541983304,38
4364,1,7021,3537,3484,0,0,0,1.0,1,1.0,1,1.0,1,0.18679180169538676,39
4365,1,7022,3537,3485,0,0,0,1.0,1,1.0,1,1.0,1,0.15386794797491388,39
4366,1,7023,3538,3485,0,0,0,1.0,1,1.0,1,1.0,1,0.17412413770112714,39
4367,1,7024,3538,3486,0,0,0,1.0,1,1.0,1,1.0,1,0.14763260241322987,41
4368,1,7025,3539,3486,0,0,0,1.0,1,1.0,1,1.0,1,0.18772718150076032,41
4369,0,7025,3539,3486,0,0,0,1.0,1,1.0,1,1.0,1,0.1918180437132424,42
4370,0,7025,3539,3486,0,0,0,1.0,1,1.0,1,1.0,1,0.1918180437132424,42
4371,0,7025,3539,3486,0,0,0,1.0,1,1.0,1,1.0,1,0.20488147384669061,43
4372,2,7027,3541,3486,0,0,0,1.0,1,1.0,1,1.0,1,0.26305354215507265,43
4373,3,7030,3542,3488,0,0,0,1.0,1,1.0,1,1.0,1,0.23965251290322137,43
4374,2,7032,3542,3490,0,0,0,1.0,1,1.0,1,1.0,1,0.20284199563426433,44
4375,1,7033,3543,3490,0,0,0,1.0,1,1.0,1,1.0,1,0.21128656668375426,45
4376,0,7033,3543,3490,0,0,0,1.0,1,1.0,1,1.0,1,0.2212371043817406,46
4377,4,7037,3545,3492,0,0,0,1.0,1,1.0,1,1.0,1,0.21988476920778718,47
4378,0,7037,3545,3492,0,0,0,1.0,1,1.0,1,1.0,1,0.22708715130379495,49
4379,2,7039,3547,3492,0,0,0,1.0,1,1.0,1,1.0,1,0.2285946531543837,51
4380,1,7040,3548,3492,0,0,0,1.0,1,1.0,1,1.0,1,0.25650031701311515,50
4381,0,7040,3548,3492,0,0,0,1.0,1,1.0,1,1.0,1,0.2570259103577811,49
4382,2,7042,3550,3492,0,0,0,1.0,1,1.0,1,1.0,1,0.29690257475012005,47
4383,3,7045,3552,3493,0,0,0,1.0,1,1.0,1,1.0,1,0.2956292343428204,47
4384,3,7048,3554,3494,0,0,0,1.0,1,1.0,1,1.0,1,0.2915981264724102,44
4385,3,7051,3555,3496,0,0,0,1.0,1,1.0,1,1.0,1,0.25186219996438214,42
4386,5,7056,3557,3499,0,0,0,1.0,1,1.0,1,1.0,1,0.2879612024128114,41
4387,1,7057,3558,3499,0,0,0,1.0,1,1.0,1,1.0,1,0.26258387207238093,39
4388,1,7058,3558,3500,0,0,0,1.0,1,1.0,1,1.0,1,0.22870407673074125,39
4389,1,7059,3559,3500,0,0,0,1.0,1,1.0,1,1.0,1,0.22041368518323498,38
4390,1,7060,3559,3501,0,0,0,1.0,1,1.0,1,1.0,1,0.19528760524319905,38
4391,2,7062,3559,3503,0,0,0,1.0,1,1.0,1,1.0,1,0.16422064445974363,39
4392,1,7063,3559,3504,0,0,0,1.0,1,1.0,1,1.0,1,0.14444693749526788,39
4393,0,7063,3559,3504,0,0,0,1.0,1,1.0,1,1.0,1,0.14668824991773144,40
4394,0,7063,3559,3504,0,0,0,1.0,1,1.0,1,1.0,1,0.1667600367680644,39
4395,2,7065,3560,3505,0,0,0,1.0,1,1.0,1,1.0,1,0.16632556983930777,39
4396,0,7065,3560,3505,0,0,0,1.0,1,1.0,1,1.0,1,0.2132070490247967,39
4397,2,7067,3561,3506,0,0,0,1.0,1,1.0,1,1.0,1,0.22489918782625393,38
4398,0,7067,3561,3506,0,0,0,1.0,1,1.0,1,1.0,1,0.2318546222975788,39
4399,2,7069,3561,3508,0,0,0,1.0,1,1.0,1,1.0,1,0.22480358182520058,42
4400,0,7069,3561,3508,0,0,0,1.0,1,1.0,1,1.0,1,0.2375163099014335,43
4401,0,7069,3561,3508,0,0,0,1.0,1,1.0,1,1.0,1,0.2237702838283773,44
4402,0,7069,3561,3508,0,0,0,1.0,1,1.0,1,1.0,1,0.2237702838283773,44
4403,0,7069,3561,3508,0,0,0,1.0,1,1.0,1,1.0,1,0.21339129753192476,45
4404,0,7069,3561,3508,0,0,0,1.0,1,1.0,1,1.0,1,0.21339129753192476,45
4405,1,7070,3561,3509,0,0,0,1.0,1,1.0,1,1.0,1,0.22145411010107693,46
4406,1,7071,3562,3509,0,0,0,1.0,1,1.0,1,1.0,1,0.2626399407436549,46
4407,2,7073,3563,3510,0,0,0,1.0,1,1.0,1,1.0,1,0.24596468888798972,46
4408,0,7073,3563,3510,0,0,0,1.0,1,1.0,1,1.0,1,0.25083885335588557,47
4409,0,7073,3563,3510,0,0,0,1.0,1,1.0,1,1.0,1,0.266105339998039,48
4410,0,7073,3563,3510,0,0,0,1.0,1,1.0,1,1.0,1,0.266105339998039,48
4411,0,7073,3563,3510,0,0,0,1.0,1,1.0,1,1.0,1,0.2654687593399796,50
4412,2,7075,3563,3512,0,0,0,1.0,1,1.0,1,1.0,1,0.23816777763093777,50
4413,2,7077,3563,3514,0,0,0,1.0,1,1.0,1,1.0,1,0.2114918657524261,50
4414,1,7078,3564,3514,0,0,0,1.0,1,1.0,1,1.0,1,0.2018417838554022,51
4415,1,7079,3565,3514,0,0,0,1.0,1,1.0,1,1.0,1,0.1951902759751161,51
4416,0,7079,3565,3514,0,0,0,1.0,1,1.0,1,1.0,1,0.1951902759751161,51
4417,3,7082,3567,3515,0,0,0,1.0,1,1.0,1,1.0,1,0.19813000943243517,51
4418,0,7082,3567,3515,0,0,0,1.0,1,1.0,1,1.0,1,0.1879626531931521,51
4419,0,7082,3567,3515,0,0,0,1.0,1,1.0,1,1.0,1,0.18065895559490197,50
4420,1,7083,3568,3515,0,0,0,1.0,1,1.0,1,1.0,1,0.23427137639194412,50
4421,1,7084,3568,3516,0,0,0,1.0,1,1.0,1,1.0,1,0.21051681335326064,52
4422,0,7084,3568,3516,0,0,0,1.0,1,1.0,1,1.0,1,0.2555814562067207,51
4423,2,7086,3568,3518,0,0,0,1.0,1,1.0,1,1.0,1,0.2267861909364858,51
4424,1,7087,3568,3519,0,0,0,1.0,1,1.0,1,1.0,1,0.22404536997132424,53
4425,1,7088,3568,3520,0,0,0,1.0,1,1.0,1,1.0,1,0.22037231412426553,54
4426,2,7090,3569,3521,0,0,0,1.0,1,1.0,1,1.0,1,0.21182381211941068,55
4427,2,7092,3569,3523,0,0,0,1.0,1,1.0,1,1.0,1,0.1775688163627037,55
4428,0,7092,3569,3523,0,0,0,1.0,1,1.0,1,1.0,1,0.1775688163627037,55
4429,1,7093,3569,3524,0,0,0,1.0,1,1.0,1,1.0,1,0.16711422476645463,56
4430,0,7093,3569,3524,0,0,0,1.0,1,1.0,1,1.0,1,0.16557823427922427,55
4431,1,7094,3570,3524,0,0,0,1.0,1,1.0,1,1.0,1,0.15531724985981818,56
4432,2,7096,3571,3525,0,0,0,1.0,1,1.0,1,1.0,1,0.1825865668613421,56
4433,2,7098,3571,3527,0,0,0,1.0,1,1.0,1,1.0,1,0.17378224652269444,57
4434,0,7098,3571,3527,0,0,0,1.0,1,1.0,1,1.0,1,0.18266310530636057,56
4435,2,7100,3572,3528,0,0,0,1.0,1,1.0,1,1.0,1,0.16308525632601803,56
4436,1,7101,3573,3528,0,0,0,1.0,1,1.0,1,1.0,1,0.16655374769040146,55
4437,1,7102,3573,3529,0,0,0,1.0,1,1.0,1,1.0,1,0.1737611084824053,54
4438,2,7104,3575,3529,0,0,0,1.0,1,1.0,1,1.0,1,0.22229241425943536,54
4439,2,7106,3575,3531,0,0,0,1.0,1,1.0,1,1.0,1,0.18709705751530586,55
4440,1,7107,3576,3531,0,0,0,1.0,1,1.0,1,1.0,1,0.19998690163003757,55
4441,3,7110,3578,3532,0,0,0,1.0,1,1.0,1,1.0,1,0.18027574347582864,59
4442,2,7112,3579,3533,0,0,0,1.0,1,1.0,1,1.0,1,0.17620810438641668,61
4443,4,7116,3581,3535,0,0,0,1.0,1,1.0,1,1.0,1,0.19145901242881838,60
4444,2,7118,3581,3537,0,0,0,1.0,1,1.0,1,1.0,1,0.17170269710684224,61
4445,2,7120,3581,3539,0,0,0,1.0,1,1.0,1,1.0,1,0.14684430908397864,61
4446,1,7121,3582,3539,0,0,0,1.0,1,1.0,1,1.0,1,0.16651252522499468,62
4447,0,7121,3582,3539,0,0,0,1.0,1,1.0,1,1.0,1,0.16190561976689122,63
4448,0,7121,3582,3539,0,0,0,1.0,1,1.0,1,1.0,1,0.16190561976689122,63
4449,0,7121,3582,3539,0,0,0,1.0,1,1.0,1,1.0,1,0.16190561976689122,63
4450,0,7121,3582,3539,0,0,0,1.0,1,1.0,1,1.0,1,0.16170922388971123,62
4451,0,7121,3582,3539,0,0,0,1.0,1,1.0,1,1.0,1,0.16168846042998664,63
4452,0,7121,3582,3539,0,0,0,1.0,1,1.0,1,1.0,1,0.16791459531545533,64
4453,1,7122,3582,3540,0,0,0,1.0,1,1.0,1,1.0,1,0.16016715366122647,65
4454,0,7122,3582,3540,0,0,0,1.0,1,1.0,1,1.0,1,0.15829475363752524,66
4455,1,7123,3582,3541,0,0,0,1.0,1,1.0,1,1.0,1,0.14534936024993075,67
4456,1,7124,3582,3542,0,0,0,1.0,1,1.0,1,1.0,1,0.13159161674424652,67
4457,2,7126,3582,3544,0,0,0,1.0,1,1.0,1,1.0,1,0.11744062725728771,65
4458,0,7126,3582,3544,0,0,0,1.0,1,1.0,1,1.0,1,0.1425417781256012,65
4459,3,7129,3585,3544,0,0,0,1.0,1,1.0,1,1.0,1,0.21577465305875446,64
4460,0,7129,3585,3544,0,0,0,1.0,1,1.0,1,1.0,1,0.23318757166040177,63
4461,4,7133,3587,3546,0,0,0,1.0,1,1.0,1,1.0,1,0.2336880564936862,62
4462,9,7142,3593,3549,0,0,0,1.0,1,1.0,1,1.0,1,0.31320236493247716,61
4463,7,7149,3595,3554,0,0,0,1.0,1,1.0,1,1.0,1,0.284274490820021,61
4464,2,7151,3597,3554,0,0,0,1.0,1,1.0,1,1.0,1,0.2841866596256531,58
4465,3,7154,3598,3556,0,0,0,1.0,1,1.0,1,1.0,1,0.2731150007614671,57
4466,4,7158,3600,3558,0,0,0,1.0,1,1.0,1,1.0,1,0.25524760714423383,54
4467,2,7160,3601,3559,0,0,0,1.0,1,1.0,1,1.0,1,0.2412302599881212,52
4468,2,7162,3603,3559,0,0,0,1.0,1,1.0,1,1.0,1,0.23952753465192994,52
4469,3,7165,3604,3561,0,0,0,1.0,1,1.0,1,1.0,1,0.22010807388591225,51
4470,2,7167,3605,3562,0,0,0,1.0,1,1.0,1,1.0,1,0.18042697806304459,51
4471,1,7168,3606,3562,0,0,0,1.0,1,1.0,1,1.0,1,0.17543862563156357,50
4472,0,7168,3606,3562,0,0,0,1.0,1,1.0,1,1.0,1,0.17332794764574377,48
4473,0,7168,3606,3562,0,0,0,1.0,1,1.0,1,1.0,1,0.18622504526141995,47
4474,3,7171,3609,3562,0,0,0,1.0,1,1.0,1,1.0,1,0.20209962699075235,49
4475,2,7173,3610,3563,0,0,0,1.0,1,1.0,1,1.0,1,0.24191863177168524,47
4476,2,7175,3612,3563,0,0,0,1.0,1,1.0,1,1.0,1,0.24375328541103197,49
4477,5,7180,3613,3567,0,0,0,1.0,1,1.0,1,1.0,1,0.2191439152296342,48
4478,1,7181,3613,3568,0,0,0,1.0,1,1.0,1,1.0,1,0.19851785641595146,48
4479,0,7181,3613,3568,0,0,0,1.0,1,1.0,1,1.0,1,0.19851785641595146,48
4480,3,7184,3613,3571,0,0,0,1.0,1,1.0,1,1.0,1,0.12321893821594126,49
4481,0,7184,3613,3571,0,0,0,1.0,1,1.0,1,1.0,1,0.12998656201992329,49
4482,0,7184,3613,3571,0,0,0,1.0,1,1.0,1,1.0,1,0.12998656201992329,49
4483,0,7184,3613,3571,0,0,0,1.0,1,1.0,1,1.0,1,0.13598945818357397,50
4484,2,7186,3614,3572,0,0,0,1.0,1,1.0,1,1.0,1,0.15704509115013277,52
4485,0,7186,3614,3572,0,0,0,1.0,1,1.0,1,1.0,1,0.16301997795445966,53
4486,2,7188,3616,3572,0,0,0,1.0,1,1.0,1,1.0,1,0.19679726260386754,55
4487,3,7191,3618,3573,0,0,0,1.0,1,1.0,1,1.0,1,0.1815352142378878,55
4488,0,7191,3618,3573,0,0,0,1.0,1,1.0,1,1.0,1,0.18072164096443313,54
4489,1,7192,3618,3574,0,0,0,1.0,1,1.0,1,1.0,1,0.19184958981161288,53
4490,1,7193,3619,3574,0,0,0,1.0,1,1.0,1,1.0,1,0.20928256164714842,53
4491,2,7195,3619,3576,0,0,0,1.0,1,1.0,1,1.0,1,0.20156371892442662,52
4492,0,7195,3619,3576,0,0,0,1.0,1,1.0,1,1.0,1,0.20156371892442662,52
4493,5,7200,3620,3580,0,0,0,1.0,1,1.0,1,1.0,1,0.21322469692052662,52
4494,0,7200,3620,3580,0,0,0,1.0,1,1.0,1,1.0,1,0.22472025554032088,53
4495,8,7208,3625,3583,0,0,0,1.0,1,1.0,1,1.0,1,0.18563433584845937,50
4496,3,7211,3628,3583,0,0,0,1.0,1,1.0,1,1.0,1,0.23919753123445103,51
4497,4,7215,3630,3585,0,0,0,1.0,1,1.0,1,1.0,1,0.22180317123897234,50
4498,2,7217,3631,3586,0,0,0,1.0,1,1.0,1,1.0,1,0.21425810670490208,49
4499,0,7217,3631,3586,0,0,0,1.0,1,1.0,1,1.0,1,0.20502688318077286,48
4500,1,7218,3631,3587,0,0,0,1.0,1,1.0,1,1.0,1,0.1730968285557951,48
4501,1,7219,3632,3587,0,0,0,1.0,1,1.0,1,1.0,1,0.18488961790951108,48
4502,1,7220,3633,3587,0,0,0,1.0,1,1.0,1,1.0,1,0.1726271628870034,49
4503,2,7222,3635,3587,0,0,0,1.0,1,1.0,1,1.0,1,0.20007656481832,49
4504,2,7224,3637,3587,0,0,0,1.0,1,1.0,1,1.0,1,0.23874977168514733,45
4505,4,7228,3638,3590,0,0,0,1.0,1,1.0,1,1.0,1,0.2214688986855911,46
4506,3,7231,3641,3590,0,0,0,1.0,1,1.0,1,1.0,1,0.29373312958611336,45
4507,5,7236,3642,3594,0,0,0,1.0,1,1.0,1,1.0,1,0.24956753255362732,45
4508,2,7238,3643,3595,0,0,0,1.0,1,1.0,1,1.0,1,0.23036328919539426,43
4509,1,7239,3643,3596,0,0,0,1.0,1,1.0,1,1.0,1,0.2126418737521533,41
4510,1,7240,3644,3596,0,0,0,1.0,1,1.0,1,1.0,1,0.2415268700456042,42
4511,1,7241,3645,3596,0,0,0,1.0,1,1.0,1,1.0,1,0.2646476164930192,41
4512,1,7242,3645,3597,0,0,0,1.0,1,1.0,1,1.0,1,0.24082967352395393,41
4513,1,7243,3646,3597,0,0,0,1.0,1,1.0,1,1.0,1,0.21114360994031509,41
4514,3,7246,3649,3597,0,0,0,1.0,1,1.0,1,1.0,1,0.2492956140841275,42
4515,4,7250,3650,3600,0,0,0,1.0,1,1.0,1,1.0,1,0.22200437476226856,41
4516,1,7251,3650,3601,0,0,0,1.0,1,1.0,1,1.0,1,0.25300699925644493,42
4517,2,7253,3651,3602,0,0,0,1.0,1,1.0,1,1.0,1,0.25248492790735316,43
4518,0,7253,3651,3602,0,0,0,1.0,1,1.0,1,1.0,1,0.26614322804496227,42
4519,2,7255,3653,3602,0,0,0,1.0,1,1.0,1,1.0,1,0.313898201352193,42
4520,2,7257,3653,3604,0,0,0,1.0,1,1.0,1,1.0,1,0.30840554494011674,42
4521,4,7261,3654,3607,0,0,0,1.0,1,1.0,1,1.0,1,0.2742072824048638,42
4522,0,7261,3654,3607,0,0,0,1.0,1,1.0,1,1.0,1,0.2742072824048638,42
4523,0,7261,3654,3607,0,0,0,1.0,1,1.0,1,1.0,1,0.2742072824048638,42
4524,2,7263,3656,3607,0,0,0,1.0,1,1.0,1,1.0,1,0.26898323848178424,43
4525,3,7266,3656,3610,0,0,0,1.0,1,1.0,1,1.0,1,0.22526698735894782,46
4526,2,7268,3658,3610,0,0,0,1.0,1,1.0,1,1.0,1,0.21827774739755348,46
4527,4,7272,3659,3613,0,0,0,1.0,1,1.0,1,1.0,1,0.18218915354285545,47
4528,1,7273,3659,3614,0,0,0,1.0,1,1.0,1,1.0,1,0.18820417056680847,49
4529,2,7275,3660,3615,0,0,0,1.0,1,1.0,1,1.0,1,0.15289377371182544,50
4530,1,7276,3661,3615,0,0,0,1.0,1,1.0,1,1.0,1,0.146948676456716,51
4531,1,7277,3662,3615,0,0,0,1.0,1,1.0,1,1.0,1,0.16022361095026408,51
4532,2,7279,3663,3616,0,0,0,1.0,1,1.0,1,1.0,1,0.18724281555550498,51
4533,1,7280,3663,3617,0,0,0,1.0,1,1.0,1,1.0,1,0.16903464054377632,50
4534,1,7281,3663,3618,0,0,0,1.0,1,1.0,1,1.0,1,0.1566867831680492,51
4535,1,7282,3664,3618,0,0,0,1.0,1,1.0,1,1.0,1,0.17372684243669775,50
4536,0,7282,3664,3618,0,0,0,1.0,1,1.0,1,1.0,1,0.20448483645165108,48
4537,0,7282,3664,3618,0,0,0,1.0,1,1.0,1,1.0,1,0.21642850555604776,49
4538,1,7283,3664,3619,0,0,0,1.0,1,1.0,1,1.0,1,0.23784462507510307,48
4539,4,7287,3665,3622,0,0,0,1.0,1,1.0,1,1.0,1,0.24652176916657959,50
4540,0,7287,3665,3622,0,0,0,1.0,1,1.0,1,1.0,1,0.22597378671366844,49
4541,2,7289,3667,3622,0,0,0,1.0,1,1.0,1,1.0,1,0.25841406736980316,49
4542,4,7293,3670,3623,0,0,0,1.0,1,1.0,1,1.0,1,0.3038860932318011,47
4543,1,7294,3670,3624,0,0,0,1.0,1,1.0,1,1.0,1,0.28476941684527524,45
4544,1,7295,3671,3624,0,0,0,1.0,1,1.0,1,1.0,1,0.2974878793483395,45
4545,2,7297,3673,3624,0,0,0,1.0,1,1.0,1,1.0,1,0.35539681100315657,43
4546,3,7300,3674,3626,0,0,0,1.0,1,1.0,1,1.0,1,0.3406155823198264,43
4547,3,7303,3675,3628,0,0,0,1.0,1,1.0,1,1.0,1,0.3334224504728987,41
4548,2,7305,3676,3629,0,0,0,1.0,1,1.0,1,1.0,1,0.33605174329064774,42
4549,2,7307,3676,3631,0,0,0,1.0,1,1.0,1,1.0,1,0.27738612729085727,41
4550,0,7307,3676,3631,0,0,0,1.0,1,1.0,1,1.0,1,0.27738612729085727,41
4551,2,7309,3676,3633,0,0,0,1.0,1,1.0,1,1.0,1,0.2564872265313064,39
4552,0,7309,3676,3633,0,0,0,1.0,1,1.0,1,1.0,1,0.26847162313555023,38
4553,1,7310,3677,3633,0,0,0,1.0,1,1.0,1,1.0,1,0.2794214170166303,39
4554,1,7311,3678,3633,0,0,0,1.0,1,1.0,1,1.0,1,0.29904414817958375,38
4555,2,7313,3679,3634,0,0,0,1.0,1,1.0,1,1.0,1,0.30793020405903854,37
4556,0,7313,3679,3634,0,0,0,1.0,1,1.0,1,1.0,1,0.3196900824711007,36
4557,3,7316,3679,3637,0,0,0,1.0,1,1.0,1,1.0,1,0.22370816209008157,38
4558,1,7317,3680,3637,0,0,0,1.0,1,1.0,1,1.0,1,0.2502857089516631,39
4559,1,7318,3680,3638,0,0,0,1.0,1,1.0,1,1.0,1,0.25930677054425905,38
4560,1,7319,3681,3638,0,0,0,1.0,1,1.0,1,1.0,1,0.30366858044207595,41
4561,1,7320,3681,3639,0,0,0,1.0,1,1.0,1,1.0,1,0.2865778036977745,41
4562,2,7322,3682,3640,0,0,0,1.0,1,1.0,1,1.0,1,0.29140464706135716,43
4563,0,7322,3682,3640,0,0,0,1.0,1,1.0,1,1.0,1,0.2834565397077275,42
4564,0,7322,3682,3640,0,0,0,1.0,1,1.0,1,1.0,1,0.2993626815157721,43
4565,2,7324,3682,3642,0,0,0,1.0,1,1.0,1,1.0,1,0.2614053658826231,44
4566,3,7327,3682,3645,0,0,0,1.0,1,1.0,1,1.0,1,0.20497841751178322,45
4567,2,7329,3683,3646,0,0,0,1.0,1,1.0,1,1.0,1,0.19310319952167765,47
4568,1,7330,3684,3646,0,0,0,1.0,1,1.0,1,1.0,1,0.17574275769784925,47
4569,2,7332,3685,3647,0,0,0,1.0,1,1.0,1,1.0,1,0.16456095734329798,49
4570,1,7333,3686,3647,0,0,0,1.0,1,1.0,1,1.0,1,0.1710103620469093,49
4571,1,7334,3686,3648,0,0,0,1.0,1,1.0,1,1.0,1,0.16993924447237943,48
4572,0,7334,3686,3648,0,0,0,1.0,1,1.0,1,1.0,1,0.16993924447237943,48
4573,0,7334,3686,3648,0,0,0,1.0,1,1.0,1,1.0,1,0.16993924447237943,48
4574,1,7335,3687,3648,0,0,0,1.0,1,1.0,1,1.0,1,0.20460533219174998,50
4575,5,7340,3689,3651,0,0,0,1.0,1,1.0,1,1.0,1,0.24699261062942002,51
4576,1,7341,3689,3652,0,0,0,1.0,1,1.0,1,1.0,1,0.2733718648284788,48
4577,0,7341,3689,3652,0,0,0,1.0,1,1.0,1,1.0,1,0.28216081604781557,47
4578,1,7342,3690,3652,0,0,0,1.0,1,1.0,1,1.0,1,0.31393457503597205,46
4579,3,7345,3690,3655,0,0,0,1.0,1,1.0,1,1.0,1,0.23661263713322717,46
4580,1,7346,3690,3656,0,0,0,1.0,1,1.0,1,1.0,1,0.20956537771312922,47
4581,1,7347,3691,3656,0,0,0,1.0,1,1.0,1,1.0,1,0.2424985433733919,47
4582,0,7347,3691,3656,0,0,0,1.0,1,1.0,1,1.0,1,0.25812094688537185,48
4583,0,7347,3691,3656,0,0,0,1.0,1,1.0,1,1.0,1,0.25812094688537185,48
4584,0,7347,3691,3656,0,0,0,1.0,1,1.0,1,1.0,1,0.2630356815107203,50
4585,1,7348,3692,3656,0,0,0,1.0,1,1.0,1,1.0,1,0.2871174468899669,50
4586,0,7348,3692,3656,0,0,0,1.0,1,1.0,1,1.0,1,0.2871174468899669,50
4587,0,7348,3692,3656,0,0,0,1.0,1,1.0,1,1.0,1,0.2871174468899669,50
4588,0,7348,3692,3656,0,0,0,1.0,1,1.0,1,1.0,1,0.2871174468899669,50
4589,1,7349,3693,3656,0,0,0,1.0,1,1.0,1,1.0,1,0.29378282313985077,52
4590,0,7349,3693,3656,0,0,0,1.0,1,1.0,1,1.0,1,0.29378282313985077,52
4591,1,7350,3693,3657,0,0,0,1.0,1,1.0,1,1.0,1,0.30054168813178156,53
4592,0,7350,3693,3657,0,0,0,1.0,1,1.0,1,1.0,1,0.30881485953839244,54
4593,2,7352,3693,3659,0,0,0,1.0,1,1.0,1,1.0,1,0.26150878927284144,56
4594,4,7356,3693,3663,0,0,0,1.0,1,1.0,1,1.0,1,0.22726823264193252,57
4595,2,7358,3693,3665,0,0,0,1.0,1,1.0,1,1.0,1,0.21855022267343685,56
4596,1,7359,3693,3666,0,0,0,1.0,1,1.0,1,1.0,1,0.20418693995004,56
4597,1,7360,3694,3666,0,0,0,1.0,1,1.0,1,1.0,1,0.20976920017753545,56
4598,3,7363,3696,3667,0,0,0,1.0,1,1.0,1,1.0,1,0.23602937611252492,57
4599,5,7368,3696,3672,0,0,0,1.0,1,1.0,1,1.0,1,0.16488515944675677,59
4600,0,7368,3696,3672,0,0,0,1.0,1,1.0,1,1.0,1,0.1772084847641723,60
4601,3,7371,3698,3673,0,0,0,1.0,1,1.0,1,1.0,1,0.2036100520493239,60
4602,2,7373,3698,3675,0,0,0,1.0,1,1.0,1,1.0,1,0.16343041989704335,62
4603,0,7373,3698,3675,0,0,0,1.0,1,1.0,1,1.0,1,0.16343041989704335,62
4604,0,7373,3698,3675,0,0,0,1.0,1,1.0,1,1.0,1,0.1610868089822459,63
4605,0,7373,3698,3675,0,0,0,1.0,1,1.0,1,1.0,1,0.1610868089822459,63
4606,0,7373,3698,3675,0,0,0,1.0,1,1.0,1,1.0,1,0.17084951340992247,64
4607,0,7373,3698,3675,0,0,0,1.0,1,1.0,1,1.0,1,0.1731282659394368,65
4608,2,7375,3699,3676,0,0,0,1.0,1,1.0,1,1.0,1,0.1903852352483707,66
4609,3,7378,3700,3678,0,0,0,1.0,1,1.0,1,1.0,1,0.17268305976284684,65
4610,0,7378,3700,3678,0,0,0,1.0,1,1.0,1,1.0,1,0.19365091926787242,63
4611,1,7379,3700,3679,0,0,0,1.0,1,1.0,1,1.0,1,0.18785788697124928,64
4612,0,7379,3700,3679,0,0,0,1.0,1,1.0,1,1.0,1,0.22751951530788217,62
4613,1,7380,3701,3679,0,0,0,1.0,1,1.0,1,1.0,1,0.25259338693763383,63
4614,2,7382,3703,3679,0,0,0,1.0,1,1.0,1,1.0,1,0.24190295493464714,61
4615,1,7383,3704,3679,0,0,0,1.0,1,1.0,1,1.0,1,0.28537699913158526,59
4616,1,7384,3705,3679,0,0,0,1.0,1,1.0,1,1.0,1,0.2859742496970605,58
4617,1,7385,3705,3680,0,0,0,1.0,1,1.0,1,1.0,1,0.28389128262849284,58
4618,1,7386,3706,3680,0,0,0,1.0,1,1.0,1,1.0,1,0.30073422780389214,57
4619,2,7388,3707,3681,0,0,0,1.0,1,1.0,1,1.0,1,0.2852450232714399,57
4620,1,7389,3707,3682,0,0,0,1.0,1,1.0,1,1.0,1,0.2689565626026881,57
4621,2,7391,3708,3683,0,0,0,1.0,1,1.0,1,1.0,1,0.26736122009845553,59
4622,4,7395,3710,3685,0,0,0,1.0,1,1.0,1,1.0,1,0.28224572490084765,60
4623,4,7399,3711,3688,0,0,0,1.0,1,1.0,1,1.0,1,0.27337920854798353,59
4624,2,7401,3713,3688,0,0,0,1.0,1,1.0,1,1.0,1,0.2908171399437929,59
4625,2,7403,3715,3688,0,0,0,1.0,1,1.0,1,1.0,1,0.29742227855336956,57
4626,3,7406,3717,3689,0,0,0,1.0,1,1.0,1,1.0,1,0.2997833968403529,56
4627,2,7408,3717,3691,0,0,0,1.0,1,1.0,1,1.0,1,0.2771375573853098,56
4628,3,7411,3717,3694,0,0,0,1.0,1,1.0,1,1.0,1,0.2626115530300884,56
4629,5,7416,3718,3698,0,0,0,1.0,1,1.0,1,1.0,1,0.2706188205935179,56
4630,0,7416,3718,3698,0,0,0,1.0,1,1.0,1,1.0,1,0.26984852508012763,57
4631,1,7417,3718,3699,0,0,0,1.0,1,1.0,1,1.0,1,0.2870065459776874,56
4632,3,7420,3719,3701,0,0,0,1.0,1,1.0,1,1.0,1,0.3184341725759818,57
4633,1,7421,3719,3702,0,0,0,1.0,1,1.0,1,1.0,1,0.3062556277087383,58
4634,0,7421,3719,3702,0,0,0,1.0,1,1.0,1,1.0,1,0.3062556277087383,58
4635,3,7424,3719,3705,0,0,0,1.0,1,1.0,1,1.0,1,0.2558106851349502,59
4636,0,7424,3719,3705,0,0,0,1.0,1,1.0,1,1.0,1,0.2426997429482299,60
4637,2,7426,3719,3707,0,0,0,1.0,1,1.0,1,1.0,1,0.23329403773162388,60
4638,0,7426,3719,3707,0,0,0,1.0,1,1.0,1,1.0,1,0.24724476637494616,61
4639,0,7426,3719,3707,0,0,0,1.0,1,1.0,1,1.0,1,0.25729663189055707,62
4640,4,7430,3719,3711,0,0,0,1.0,1,1.0,1,1.0,1,0.20878001961958648,63
4641,1,7431,3720,3711,0,0,0,1.0,1,1.0,1,1.0,1,0.21533183574306575,63
4642,0,7431,3720,3711,0,0,0,1.0,1,1.0,1,1.0,1,0.22520350882191317,62
4643,3,7434,3722,3712,0,0,0,1.0,1,1.0,1,1.0,1,0.2182908178717087,63
4644,2,7436,3723,3713,0,0,0,1.0,1,1.0,1,1.0,1,0.227997903171754,62
4645,1,7437,3723,3714,0,0,0,1.0,1,1.0,1,1.0,1,0.22087198041545292,63
4646,1,7438,3724,3714,0,0,0,1.0,1,1.0,1,1.0,1,0.24498038711928774,63
4647,4,7442,3725,3717,0,0,0,1.0,1,1.0,1,1.0,1,0.25027029161862446,62
4648,2,7444,3727,3717,0,0,0,1.0,1,1.0,1,1.0,1,0.2954478264072025,63
4649,1,7445,3727,3718,0,0,0,1.0,1,1.0,1,1.0,1,0.27539043332924396,61
4650,3,7448,3729,3719,0,0,0,1.0,1,1.0,1,1.0,1,0.26718385893547403,63
4651,2,7450,3730,3720,0,0,0,1.0,1,1.0,1,1.0,1,0.25342293396420396,62
4652,0,7450,3730,3720,0,0,0,1.0,1,1.0,1,1.0,1,0.2504402648657871,59
4653,1,7451,3730,3721,0,0,0,1.0,1,1.0,1,1.0,1,0.2479309849575249,60
4654,1,7452,3731,3721,0,0,0,1.0,1,1.0,1,1.0,1,0.2477473048353976,60
4655,0,7452,3731,3721,0,0,0,1.0,1,1.0,1,1.0,1,0.2477473048353976,60
4656,2,7454,3733,3721,0,0,0,1.0,1,1.0,1,1.0,1,0.26934972453876094,61
4657,0,7454,3733,3721,0,0,0,1.0,1,1.0,1,1.0,1,0.2630339445831218,62
4658,2,7456,3734,3722,0,0,0,1.0,1,1.0,1,1.0,1,0.28410068288899154,62
4659,0,7456,3734,3722,0,0,0,1.0,1,1.0,1,1.0,1,0.29809382226711684,61
4660,2,7458,3735,3723,0,0,0,1.0,1,1.0,1,1.0,1,0.31423908729034167,61
4661,1,7459,3735,3724,0,0,0,1.0,1,1.0,1,1.0,1,0.33558316560321705,61
4662,1,7460,3736,3724,0,0,0,1.0,1,1.0,1,1.0,1,0.3237013911978044,62
4663,3,7463,3736,3727,0,0,0,1.0,1,1.0,1,1.0,1,0.26454023465757825,61
4664,1,7464,3737,3727,0,0,0,1.0,1,1.0,1,1.0,1,0.26608190588964187,62
4665,4,7468,3739,3729,0,0,0,1.0,1,1.0,1,1.0,1,0.26061639017930927,61
4666,4,7472,3741,3731,0,0,0,1.0,1,1.0,1,1.0,1,0.25235977818211214,61
4667,1,7473,3741,3732,0,0,0,1.0,1,1.0,1,1.0,1,0.24683549777743302,59
4668,3,7476,3743,3733,0,0,0,1.0,1,1.0,1,1.0,1,0.23701570341364772,59
4669,2,7478,3745,3733,0,0,0,1.0,1,1.0,1,1.0,1,0.2484223860762928,58
4670,2,7480,3746,3734,0,0,0,1.0,1,1.0,1,1.0,1,0.26608276578860085,57
4671,3,7483,3746,3737,0,0,0,1.0,1,1.0,1,1.0,1,0.21819706353019966,55
4672,1,7484,3747,3737,0,0,0,1.0,1,1.0,1,1.0,1,0.24839142454611413,56
4673,3,7487,3747,3740,0,0,0,1.0,1,1.0,1,1.0,1,0.20021296041730843,58
4674,3,7490,3750,3740,0,0,0,1.0,1,1.0,1,1.0,1,0.21589136246781,58
4675,2,7492,3750,3742,0,0,0,1.0,1,1.0,1,1.0,1,0.23241801214643945,57
4676,2,7494,3751,3743,0,0,0,1.0,1,1.0,1,1.0,1,0.24991266785105568,58
4677,2,7496,3751,3745,0,0,0,1.0,1,1.0,1,1.0,1,0.2488801640792519,57
4678,3,7499,3753,3746,0,0,0,1.0,1,1.0,1,1.0,1,0.2549973325953451,57
4679,3,7502,3753,3749,0,0,0,1.0,1,1.0,1,1.0,1,0.2093536339049621,57
4680,0,7502,3753,3749,0,0,0,1.0,1,1.0,1,1.0,1,0.2146189814774186,59
4681,3,7505,3754,3751,0,0,0,1.0,1,1.0,1,1.0,1,0.21521542703869598,60
4682,1,7506,3755,3751,0,0,0,1.0,1,1.0,1,1.0,1,0.21898197579179743,60
4683,2,7508,3756,3752,0,0,0,1.0,1,1.0,1,1.0,1,0.21514227317350562,60
4684,4,7512,3757,3755,0,0,0,1.0,1,1.0,1,1.0,1,0.20216949380870913,60
4685,0,7512,3757,3755,0,0,0,1.0,1,1.0,1,1.0,1,0.21588692255590336,59
4686,1,7513,3758,3755,0,0,0,1.0,1,1.0,1,1.0,1,0.2413965771997406,60
4687,1,7514,3759,3755,0,0,0,1.0,1,1.0,1,1.0,1,0.2478015759480566,59
4688,2,7516,3760,3756,0,0,0,1.0,1,1.0,1,1.0,1,0.25586150063290375,59
4689,4,7520,3762,3758,0,0,0,1.0,1,1.0,1,1.0,1,0.29173960972703233,59
4690,1,7521,3763,3758,0,0,0,1.0,1,1.0,1,1.0,1,0.2971927555461069,58
4691,4,7525,3764,3761,0,0,0,1.0,1,1.0,1,1.0,1,0.26351419032772533,57
4692,0,7525,3764,3761,0,0,0,1.0,1,1.0,1,1.0,1,0.2542787099567779,58
4693,1,7526,3764,3762,0,0,0,1.0,1,1.0,1,1.0,1,0.23966324450358767,57
4694,2,7528,3765,3763,0,0,0,1.0,1,1.0,1,1.0,1,0.23704826618843197,57
4695,3,7531,3765,3766,0,0,0,1.0,1,1.0,1,1.0,1,0.22780710630112846,56
4696,1,7532,3766,3766,0,0,0,1.0,1,1.0,1,1.0,1,0.2439167435509177,57
4697,3,7535,3766,3769,0,0,0,1.0,1,1.0,1,1.0,1,0.20960103001842717,58
4698,0,7535,3766,3769,0,0,0,1.0,1,1.0,1,1.0,1,0.21318121932311493,59
4699,0,7535,3766,3769,0,0,0,1.0,1,1.0,1,1.0,1,0.22016925212923297,58
4700,1,7536,3766,3770,0,0,0,1.0,1,1.0,1,1.0,1,0.19526909388869393,59
4701,2,7538,3767,3771,0,0,0,1.0,1,1.0,1,1.0,1,0.22472059478016554,60
4702,3,7541,3769,3772,0,0,0,1.0,1,1.0,1,1.0,1,0.22831294037040767,61
4703,3,7544,3771,3773,0,0,0,1.0,1,1.0,1,1.0,1,0.27351073754836336,59
4704,2,7546,3773,3773,0,0,0,1.0,1,1.0,1,1.0,1,0.2945000891618337,58
4705,7,7553,3776,3777,0,0,0,1.0,1,1.0,1,1.0,1,0.23613161778007188,58
4706,5,7558,3777,3781,0,0,0,1.0,1,1.0,1,1.0,1,0.2390018131968011,60
4707,2,7560,3777,3783,0,0,0,1.0,1,1.0,1,1.0,1,0.22927203349888256,57
4708,3,7563,3779,3784,0,0,0,1.0,1,1.0,1,1.0,1,0.24808474716430517,57
4709,2,7565,3781,3784,0,0,0,1.0,1,1.0,1,1.0,1,0.2540053919283757,55
4710,1,7566,3781,3785,0,0,0,1.0,1,1.0,1,1.0,1,0.2500459124417377,53
4711,2,7568,3783,3785,0,0,0,1.0,1,1.0,1,1.0,1,0.2482639357802258,52
4712,1,7569,3784,3785,0,0,0,1.0,1,1.0,1,1.0,1,0.26063338987285506,52
4713,1,7570,3785,3785,0,0,0,1.0,1,1.0,1,1.0,1,0.2648974907753381,51
4714,0,7570,3785,3785,0,0,0,1.0,1,1.0,1,1.0,1,0.25841501546246165,50
4715,2,7572,3786,3786,0,0,0,1.0,1,1.0,1,1.0,1,0.2610496188446817,50
4716,2,7574,3787,3787,0,0,0,1.0,1,1.0,1,1.0,1,0.2527603884391178,49
4717,2,7576,3789,3787,0,0,0,1.0,1,1.0,1,1.0,1,0.28390241914401787,49
4718,2,7578,3789,3789,0,0,0,1.0,1,1.0,1,1.0,1,0.2523797515459433,50
4719,1,7579,3789,3790,0,0,0,1.0,1,1.0,1,1.0,1,0.2527177254975748,49
4720,1,7580,3789,3791,0,0,0,1.0,1,1.0,1,1.0,1,0.2325965713763563,49
4721,2,7582,3789,3793,0,0,0,1.0,1,1.0,1,1.0,1,0.2113330260038029,50
4722,2,7584,3790,3794,0,0,0,1.0,1,1.0,1,1.0,1,0.2537804382710755,51
4723,2,7586,3791,3795,0,0,0,1.0,1,1.0,1,1.0,1,0.219898017299964,50
4724,1,7587,3791,3796,0,0,0,1.0,1,1.0,1,1.0,1,0.23807536860749992,50
4725,2,7589,3792,3797,0,0,0,1.0,1,1.0,1,1.0,1,0.25557421899867927,52
4726,1,7590,3793,3797,0,0,0,1.0,1,1.0,1,1.0,1,0.2908569369644693,51
4727,2,7592,3794,3798,0,0,0,1.0,1,1.0,1,1.0,1,0.2657124526614186,52
4728,0,7592,3794,3798,0,0,0,1.0,1,1.0,1,1.0,1,0.2657124526614186,52
4729,0,7592,3794,3798,0,0,0,1.0,1,1.0,1,1.0,1,0.2657124526614186,52
4730,1,7593,3795,3798,0,0,0,1.0,1,1.0,1,1.0,1,0.28750010540324283,50
4731,3,7596,3797,3799,0,0,0,1.0,1,1.0,1,1.0,1,0.26744861217810256,51
4732,3,7599,3799,3800,0,0,0,1.0,1,1.0,1,1.0,1,0.33160450177778705,52
4733,2,7601,3799,3802,0,0,0,1.0,1,1.0,1,1.0,1,0.3188165090927813,53
4734,1,7602,3800,3802,0,0,0,1.0,1,1.0,1,1.0,1,0.3295591271955726,53
4735,3,7605,3802,3803,0,0,0,1.0,1,1.0,1,1.0,1,0.33626681286936677,53
4736,1,7606,3803,3803,0,0,0,1.0,1,1.0,1,1.0,1,0.3420088536558816,55
4737,3,7609,3803,3806,0,0,0,1.0,1,1.0,1,1.0,1,0.32271344962277987,57
4738,2,7611,3804,3807,0,0,0,1.0,1,1.0,1,1.0,1,0.3184414058071845,57
4739,3,7614,3805,3809,0,0,0,1.0,1,1.0,1,1.0,1,0.2965509965654407,57
4740,0,7614,3805,3809,0,0,0,1.0,1,1.0,1,1.0,1,0.2965509965654407,57
4741,2,7616,3805,3811,0,0,0,1.0,1,1.0,1,1.0,1,0.28568273835370234,58
4742,1,7617,3806,3811,0,0,0,1.0,1,1.0,1,1.0,1,0.29490477631762146,58
4743,1,7618,3806,3812,0,0,0,1.0,1,1.0,1,1.0,1,0.263033144520655,56
4744,3,7621,3808,3813,0,0,0,1.0,1,1.0,1,1.0,1,0.269365725771287,57
4745,3,7624,3809,3815,0,0,0,1.0,1,1.0,1,1.0,1,0.25173643034730586,56
4746,4,7628,3812,3816,0,0,0,1.0,1,1.0,1,1.0,1,0.28162865871363957,56
4747,3,7631,3813,3818,0,0,0,1.0,1,1.0,1,1.0,1,0.2669199293708565,55
4748,3,7634,3815,3819,0,0,0,1.0,1,1.0,1,1.0,1,0.28577269644494,55
4749,3,7637,3816,3821,0,0,0,1.0,1,1.0,1,1.0,1,0.2763745279873302,54
4750,1,7638,3817,3821,0,0,0,1.0,1,1.0,1,1.0,1,0.26076844515976755,53
4751,1,7639,3817,3822,0,0,0,1.0,1,1.0,1,1.0,1,0.2754422010374219,53
4752,1,7640,3818,3822,0,0,0,1.0,1,1.0,1,1.0,1,0.26220370742719984,53
4753,4,7644,3819,3825,0,0,0,1.0,1,1.0,1,1.0,1,0.25431315078108246,52
4754,1,7645,3820,3825,0,0,0,1.0,1,1.0,1,1.0,1,0.27888794808995787,52
4755,0,7645,3820,3825,0,0,0,1.0,1,1.0,1,1.0,1,0.2784544756010977,51
4756,5,7650,3821,3829,0,0,0,1.0,1,1.0,1,1.0,1,0.25931778299383235,52
4757,0,7650,3821,3829,0,0,0,1.0,1,1.0,1,1.0,1,0.25249974844664635,51
4758,0,7650,3821,3829,0,0,0,1.0,1,1.0,1,1.0,1,0.25249974844664635,51
4759,1,7651,3822,3829,0,0,0,1.0,1,1.0,1,1.0,1,0.2491346994249408,51
4760,3,7654,3822,3832,0,0,0,1.0,1,1.0,1,1.0,1,0.19042680935473433,52
4761,4,7658,3823,3835,0,0,0,1.0,1,1.0,1,1.0,1,0.19162402619624805,50
4762,2,7660,3823,3837,0,0,0,1.0,1,1.0,1,1.0,1,0.17875482928269476,51
4763,2,7662,3824,3838,0,0,0,1.0,1,1.0,1,1.0,1,0.18505816639789022,51
4764,1,7663,3825,3838,0,0,0,1.0,1,1.0,1,1.0,1,0.19955733002018386,53
4765,2,7665,3826,3839,0,0,0,1.0,1,1.0,1,1.0,1,0.21986266787946127,53
4766,2,7667,3828,3839,0,0,0,1.0,1,1.0,1,1.0,1,0.23868369656448984,55
4767,3,7670,3829,3841,0,0,0,1.0,1,1.0,1,1.0,1,0.2076332505004792,56
4768,0,7670,3829,3841,0,0,0,1.0,1,1.0,1,1.0,1,0.21180667286980936,56
4769,2,7672,3829,3843,0,0,0,1.0,1,1.0,1,1.0,1,0.18039251796736508,56
4770,0,7672,3829,3843,0,0,0,1.0,1,1.0,1,1.0,1,0.18039251796736508,56
4771,0,7672,3829,3843,0,0,0,1.0,1,1.0,1,1.0,1,0.18235377518152068,55
4772,2,7674,3830,3844,0,0,0,1.0,1,1.0,1,1.0,1,0.17765478932626486,56
4773,3,7677,3830,3847,0,0,0,1.0,1,1.0,1,1.0,1,0.1362521999369736,56
4774,0,7677,3830,3847,0,0,0,1.0,1,1.0,1,1.0,1,0.12681308223545099,58
4775,0,7677,3830,3847,0,0,0,1.0,1,1.0,1,1.0,1,0.13658827081344363,59
4776,0,7677,3830,3847,0,0,0,1.0,1,1.0,1,1.0,1,0.13658827081344363,59
4777,1,7678,3831,3847,0,0,0,1.0,1,1.0,1,1.0,1,0.16762505812656517,60
4778,3,7681,3832,3849,0,0,0,1.0,1,1.0,1,1.0,1,0.16065923227938458,60
4779,2,7683,3832,3851,0,0,0,1.0,1,1.0,1,1.0,1,0.14367680932277258,61
4780,1,7684,3832,3852,0,0,0,1.0,1,1.0,1,1.0,1,0.1574999159907379,63
4781,1,7685,3832,3853,0,0,0,1.0,1,1.0,1,1.0,1,0.15570639617724416,62
4782,2,7687,3833,3854,0,0,0,1.0,1,1.0,1,1.0,1,0.1763023573084056,63
4783,3,7690,3834,3856,0,0,0,1.0,1,1.0,1,1.0,1,0.14411443649484837,62
4784,4,7694,3837,3857,0,0,0,1.0,1,1.0,1,1.0,1,0.15864169710380277,62
4785,5,7699,3839,3860,0,0,0,1.0,1,1.0,1,1.0,1,0.1605777556632385,62
4786,3,7702,3841,3861,0,0,0,1.0,1,1.0,1,1.0,1,0.1936011263056992,63
4787,4,7706,3842,3864,0,0,0,1.0,1,1.0,1,1.0,1,0.15243055908491632,62
4788,2,7708,3844,3864,0,0,0,1.0,1,1.0,1,1.0,1,0.15920029552792506,62
4789,3,7711,3845,3866,0,0,0,1.0,1,1.0,1,1.0,1,0.157709751729173,60
4790,2,7713,3847,3866,0,0,0,1.0,1,1.0,1,1.0,1,0.16596330942106316,61
4791,5,7718,3848,3870,0,0,0,1.0,1,1.0,1,1.0,1,0.13970413678253488,60
4792,3,7721,3851,3870,0,0,0,1.0,1,1.0,1,1.0,1,0.1637226697019988,60
4793,4,7725,3854,3871,0,0,0,1.0,1,1.0,1,1.0,1,0.13504564900493332,61
4794,2,7727,3856,3871,0,0,0,1.0,1,1.0,1,1.0,1,0.1506003015913416,59
4795,1,7728,3857,3871,0,0,0,1.0,1,1.0,1,1.0,1,0.1648619481298111,61
4796,2,7730,3859,3871,0,0,0,1.0,1,1.0,1,1.0,1,0.19070428898587105,59
4797,2,7732,3859,3873,0,0,0,1.0,1,1.0,1,1.0,1,0.12869217652295487,58
4798,2,7734,3860,3874,0,0,0,1.0,1,1.0,1,1.0,1,0.10578357628978198,59
4799,2,7736,3861,3875,0,0,0,1.0,1,1.0,1,1.0,1,0.1185742178292759,57
4800,2,7738,3862,3876,0,0,0,1.0,1,1.0,1,1.0,1,0.12806831547690595,58
4801,4,7742,3864,3878,0,0,0,1.0,1,1.0,1,1.0,1,0.09505258593857198,57
4802,1,7743,3865,3878,0,0,0,1.0,1,1.0,1,1.0,1,0.11365339281774918,57
4803,0,7743,3865,3878,0,0,0,1.0,1,1.0,1,1.0,1,0.13057583082954236,56
4804,0,7743,3865,3878,0,0,0,1.0,1,1.0,1,1.0,1,0.15762556243244297,54
4805,3,7746,3865,3881,0,0,0,1.0,1,1.0,1,1.0,1,0.12332520841495949,56
4806,0,7746,3865,3881,0,0,0,1.0,1,1.0,1,1.0,1,0.12220853232151702,55
4807,2,7748,3867,3881,0,0,0,1.0,1,1.0,1,1.0,1,0.1412722159268331,54
4808,0,7748,3867,3881,0,0,0,1.0,1,1.0,1,1.0,1,0.17257714071200403,53
4809,1,7749,3868,3881,0,0,0,1.0,1,1.0,1,1.0,1,0.1925123324837067,53
4810,3,7752,3869,3883,0,0,0,1.0,1,1.0,1,1.0,1,0.18023356690761486,51
4811,1,7753,3869,3884,0,0,0,1.0,1,1.0,1,1.0,1,0.15521405196970614,52
4812,0,7753,3869,3884,0,0,0,1.0,1,1.0,1,1.0,1,0.17062472031083156,52
4813,0,7753,3869,3884,0,0,0,1.0,1,1.0,1,1.0,1,0.17062472031083156,52
4814,3,7756,3872,3884,0,0,0,1.0,1,1.0,1,1.0,1,0.17252956858032942,53
4815,6,7762,3876,3886,0,0,0,1.0,1,1.0,1,1.0,1,0.16623454839830162,54
4816,2,7764,3877,3887,0,0,0,1.0,1,1.0,1,1.0,1,0.14886454266205063,54
4817,7,7771,3881,3890,0,0,0,1.0,1,1.0,1,1.0,1,0.20115582248143363,55
4818,4,7775,3885,3890,0,0,0,1.0,1,1.0,1,1.0,1,0.20162116635121916,55
4819,3,7778,3886,3892,0,0,0,1.0,1,1.0,1,1.0,1,0.21487625319485076,55
4820,3,7781,3888,3893,0,0,0,1.0,1,1.0,1,1.0,1,0.21301861374068573,55
4821,3,7784,3890,3894,0,0,0,1.0,1,1.0,1,1.0,1,0.1951485852427753,55
4822,1,7785,3891,3894,0,0,0,1.0,1,1.0,1,1.0,1,0.18007187385066348,54
4823,3,7788,3891,3897,0,0,0,1.0,1,1.0,1,1.0,1,0.08648224057844685,54
4824,2,7790,3892,3898,0,0,0,1.0,1,1.0,1,1.0,1,0.08912239816065748,55
4825,1,7791,3893,3898,0,0,0,1.0,1,1.0,1,1.0,1,0.08648999086709036,53
4826,2,7793,3895,3898,0,0,0,1.0,1,1.0,1,1.0,1,0.12696471045930163,54
4827,1,7794,3895,3899,0,0,0,1.0,1,1.0,1,1.0,1,0.11092049040987495,53
4828,0,7794,3895,3899,0,0,0,1.0,1,1.0,1,1.0,1,0.11743812434352595,54
4829,0,7794,3895,3899,0,0,0,1.0,1,1.0,1,1.0,1,0.12139705593572751,54
4830,1,7795,3896,3899,0,0,0,1.0,1,1.0,1,1.0,1,0.16003230431290838,53
4831,2,7797,3897,3900,0,0,0,1.0,1,1.0,1,1.0,1,0.15599272096797262,52
4832,0,7797,3897,3900,0,0,0,1.0,1,1.0,1,1.0,1,0.16589585876711968,50
4833,1,7798,3897,3901,0,0,0,1.0,1,1.0,1,1.0,1,0.1617418639283188,51
4834,2,7800,3898,3902,0,0,0,1.0,1,1.0,1,1.0,1,0.21198406610203474,51
4835,1,7801,3898,3903,0,0,0,1.0,1,1.0,1,1.0,1,0.18120417221781926,50
4836,1,7802,3899,3903,0,0,0,1.0,1,1.0,1,1.0,1,0.25125133490222135,50
4837,2,7804,3900,3904,0,0,0,1.0,1,1.0,1,1.0,1,0.20656697699079585,46
4838,2,7806,3901,3905,0,0,0,1.0,1,1.0,1,1.0,1,0.1956680870957872,47
4839,3,7809,3902,3907,0,0,0,1.0,1,1.0,1,1.0,1,0.19341071231494047,45
4840,2,7811,3904,3907,0,0,0,1.0,1,1.0,1,1.0,1,0.22957699394809128,45
4841,4,7815,3906,3909,0,0,0,1.0,1,1.0,1,1.0,1,0.24467130851772845,43
4842,0,7815,3906,3909,0,0,0,1.0,1,1.0,1,1.0,1,0.21970906285217798,43
4843,0,7815,3906,3909,0,0,0,1.0,1,1.0,1,1.0,1,0.22622059428031013,44
4844,1,7816,3907,3909,0,0,0,1.0,1,1.0,1,1.0,1,0.2784018243152522,43
4845,5,7821,3909,3912,0,0,0,1.0,1,1.0,1,1.0,1,0.2687450614264001,44
4846,0,7821,3909,3912,0,0,0,1.0,1,1.0,1,1.0,1,0.27417848064534983,43
4847,3,7824,3911,3913,0,0,0,1.0,1,1.0,1,1.0,1,0.3155399004178305,42
4848,2,7826,3912,3914,0,0,0,1.0,1,1.0,1,1.0,1,0.28290488935358166,41
4849,1,7827,3912,3915,0,0,0,1.0,1,1.0,1,1.0,1,0.21801080489018498,41
4850,0,7827,3912,3915,0,0,0,1.0,1,1.0,1,1.0,1,0.2477659371665968,41
4851,0,7827,3912,3915,0,0,0,1.0,1,1.0,1,1.0,1,0.2477659371665968,41
4852,0,7827,3912,3915,0,0,0,1.0,1,1.0,1,1.0,1,0.2533500663090829,43
4853,0,7827,3912,3915,0,0,0,1.0,1,1.0,1,1.0,1,0.267095002661967,44
4854,1,7828,3913,3915,0,0,0,1.0,1,1.0,1,1.0,1,0.2902846741100958,45
4855,0,7828,3913,3915,0,0,0,1.0,1,1.0,1,1.0,1,0.2744274398414827,44
4856,0,7828,3913,3915,0,0,0,1.0,1,1.0,1,1.0,1,0.2744274398414827,44
4857,0,7828,3913,3915,0,0,0,1.0,1,1.0,1,1.0,1,0.28576660547169835,44
4858,0,7828,3913,3915,0,0,0,1.0,1,1.0,1,1.0,1,0.2946841663957649,45
4859,1,7829,3913,3916,0,0,0,1.0,1,1.0,1,1.0,1,0.29459616421554546,46
4860,0,7829,3913,3916,0,0,0,1.0,1,1.0,1,1.0,1,0.29459616421554546,46
4861,3,7832,3913,3919,0,0,0,1.0,1,1.0,1,1.0,1,0.25582393357931904,46
4862,0,7832,3913,3919,0,0,0,1.0,1,1.0,1,1.0,1,0.26632495121858296,47
4863,3,7835,3914,3921,0,0,0,1.0,1,1.0,1,1.0,1,0.2623152310852866,47
4864,1,7836,3914,3922,0,0,0,1.0,1,1.0,1,1.0,1,0.25408193580356936,47
4865,1,7837,3915,3922,0,0,0,1.0,1,1.0,1,1.0,1,0.2524788020550189,48
4866,4,7841,3917,3924,0,0,0,1.0,1,1.0,1,1.0,1,0.2208164448830591,49
4867,3,7844,3917,3927,0,0,0,1.0,1,1.0,1,1.0,1,0.17565616190301703,50
4868,3,7847,3919,3928,0,0,0,1.0,1,1.0,1,1.0,1,0.17597725816576884,50
4869,0,7847,3919,3928,0,0,0,1.0,1,1.0,1,1.0,1,0.17597725816576884,50
4870,2,7849,3921,3928,0,0,0,1.0,1,1.0,1,1.0,1,0.22313692834216659,52
4871,1,7850,3921,3929,0,0,0,1.0,1,1.0,1,1.0,1,0.20406382113968558,52
4872,0,7850,3921,3929,0,0,0,1.0,1,1.0,1,1.0,1,0.18424154499995402,53
4873,1,7851,3922,3929,0,0,0,1.0,1,1.0,1,1.0,1,0.23648556764820397,55
4874,4,7855,3923,3932,0,0,0,1.0,1,1.0,1,1.0,1,0.20311430223335883,56
4875,1,7856,3924,3932,0,0,0,1.0,1,1.0,1,1.0,1,0.2034648825007122,55
4876,5,7861,3926,3935,0,0,0,1.0,1,1.0,1,1.0,1,0.2096670342057083,55
4877,2,7863,3928,3935,0,0,0,1.0,1,1.0,1,1.0,1,0.21628675772611283,54
4878,2,7865,3929,3936,0,0,0,1.0,1,1.0,1,1.0,1,0.23409735652789188,53
4879,1,7866,3930,3936,0,0,0,1.0,1,1.0,1,1.0,1,0.2533094348799077,54
4880,3,7869,3931,3938,0,0,0,1.0,1,1.0,1,1.0,1,0.24584885332714912,54
4881,1,7870,3931,3939,0,0,0,1.0,1,1.0,1,1.0,1,0.22070108244960313,53
4882,1,7871,3932,3939,0,0,0,1.0,1,1.0,1,1.0,1,0.27796419342151446,53
4883,3,7874,3932,3942,0,0,0,1.0,1,1.0,1,1.0,1,0.2628028255013927,53
4884,0,7874,3932,3942,0,0,0,1.0,1,1.0,1,1.0,1,0.27146855406934817,51
4885,1,7875,3933,3942,0,0,0,1.0,1,1.0,1,1.0,1,0.28293229524360625,50
4886,0,7875,3933,3942,0,0,0,1.0,1,1.0,1,1.0,1,0.26619103029062546,48
4887,0,7875,3933,3942,0,0,0,1.0,1,1.0,1,1.0,1,0.26619103029062546,48
4888,1,7876,3934,3942,0,0,0,1.0,1,1.0,1,1.0,1,0.28018930417294646,48
4889,0,7876,3934,3942,0,0,0,1.0,1,1.0,1,1.0,1,0.28018930417294646,48
4890,0,7876,3934,3942,0,0,0,1.0,1,1.0,1,1.0,1,0.28522062794303965,49
4891,1,7877,3935,3942,0,0,0,1.0,1,1.0,1,1.0,1,0.3301286258771873,50
4892,0,7877,3935,3942,0,0,0,1.0,1,1.0,1,1.0,1,0.34826249970406264,49
4893,1,7878,3935,3943,0,0,0,1.0,1,1.0,1,1.0,1,0.3348294057134937,50
4894,2,7880,3935,3945,0,0,0,1.0,1,1.0,1,1.0,1,0.29941842364384663,51
4895,1,7881,3935,3946,0,0,0,1.0,1,1.0,1,1.0,1,0.302078587206908,52
4896,0,7881,3935,3946,0,0,0,1.0,1,1.0,1,1.0,1,0.3000650236111563,53
4897,1,7882,3935,3947,0,0,0,1.0,1,1.0,1,1.0,1,0.2943161244241163,53
4898,2,7884,3936,3948,0,0,0,1.0,1,1.0,1,1.0,1,0.2749647794160945,53
4899,3,7887,3937,3950,0,0,0,1.0,1,1.0,1,1.0,1,0.240125969712982,55
4900,1,7888,3938,3950,0,0,0,1.0,1,1.0,1,1.0,1,0.2318360874736466,55
4901,4,7892,3940,3952,0,0,0,1.0,1,1.0,1,1.0,1,0.19686808221104646,56
4902,3,7895,3943,3952,0,0,0,1.0,1,1.0,1,1.0,1,0.24867337839292297,58
4903,3,7898,3944,3954,0,0,0,1.0,1,1.0,1,1.0,1,0.23785620310041794,58
4904,2,7900,3945,3955,0,0,0,1.0,1,1.0,1,1.0,1,0.21881177970616736,57
4905,0,7900,3945,3955,0,0,0,1.0,1,1.0,1,1.0,1,0.2343712495516635,54
4906,0,7900,3945,3955,0,0,0,1.0,1,1.0,1,1.0,1,0.24799036071433728,55
4907,3,7903,3945,3958,0,0,0,1.0,1,1.0,1,1.0,1,0.2404370496855099,52
4908,5,7908,3947,3961,0,0,0,1.0,1,1.0,1,1.0,1,0.25168533749932986,53
4909,1,7909,3947,3962,0,0,0,1.0,1,1.0,1,1.0,1,0.23569101073273288,52
4910,1,7910,3947,3963,0,0,0,1.0,1,1.0,1,1.0,1,0.23935804399206326,53
4911,1,7911,3947,3964,0,0,0,1.0,1,1.0,1,1.0,1,0.23851754006933212,55
4912,0,7911,3947,3964,0,0,0,1.0,1,1.0,1,1.0,1,0.22561833662164452,54
4913,2,7913,3947,3966,0,0,0,1.0,1,1.0,1,1.0,1,0.19438606581615017,53
4914,0,7913,3947,3966,0,0,0,1.0,1,1.0,1,1.0,1,0.22822463294192266,53
4915,1,7914,3948,3966,0,0,0,1.0,1,1.0,1,1.0,1,0.23258781837340728,54
4916,1,7915,3949,3966,0,0,0,1.0,1,1.0,1,1.0,1,0.25586936540126415,52
4917,2,7917,3949,3968,0,0,0,1.0,1,1.0,1,1.0,1,0.21250477000034795,52
4918,1,7918,3949,3969,0,0,0,1.0,1,1.0,1,1.0,1,0.23374610093277537,51
4919,0,7918,3949,3969,0,0,0,1.0,1,1.0,1,1.0,1,0.2486405412936493,50
4920,0,7918,3949,3969,0,0,0,1.0,1,1.0,1,1.0,1,0.25035514248102414,51
4921,2,7920,3950,3970,0,0,0,1.0,1,1.0,1,1.0,1,0.23799289216720276,51
4922,2,7922,3951,3971,0,0,0,1.0,1,1.0,1,1.0,1,0.27496809876309786,53
4923,2,7924,3952,3972,0,0,0,1.0,1,1.0,1,1.0,1,0.2557697818532296,53
4924,3,7927,3953,3974,0,0,0,1.0,1,1.0,1,1.0,1,0.21786415570071993,55
4925,2,7929,3955,3974,0,0,0,1.0,1,1.0,1,1.0,1,0.21150816664001082,56
4926,0,7929,3955,3974,0,0,0,1.0,1,1.0,1,1.0,1,0.2045791203338828,55
4927,5,7934,3957,3977,0,0,0,1.0,1,1.0,1,1.0,1,0.15290708810076517,55
4928,0,7934,3957,3977,0,0,0,1.0,1,1.0,1,1.0,1,0.15290708810076517,55
4929,1,7935,3957,3978,0,0,0,1.0,1,1.0,1,1.0,1,0.12457331507632813,56
4930,1,7936,3958,3978,0,0,0,1.0,1,1.0,1,1.0,1,0.16855648726992056,58
4931,0,7936,3958,3978,0,0,0,1.0,1,1.0,1,1.0,1,0.17128382583333907,59
4932,1,7937,3958,3979,0,0,0,1.0,1,1.0,1,1.0,1,0.18068152693788428,60
4933,0,7937,3958,3979,0,0,0,1.0,1,1.0,1,1.0,1,0.18068152693788428,60
4934,0,7937,3958,3979,0,0,0,1.0,1,1.0,1,1.0,1,0.18068152693788428,60
4935,1,7938,3958,3980,0,0,0,1.0,1,1.0,1,1.0,1,0.16952497980178952,60
4936,0,7938,3958,3980,0,0,0,1.0,1,1.0,1,1.0,1,0.17660478633637397,61
4937,2,7940,3958,3982,0,0,0,1.0,1,1.0,1,1.0,1,0.1722307246455835,62
4938,1,7941,3958,3983,0,0,0,1.0,1,1.0,1,1.0,1,0.14493492545270673,62
4939,4,7945,3961,3984,0,0,0,1.0,1,1.0,1,1.0,1,0.16522006737153241,64
4940,1,7946,3961,3985,0,0,0,1.0,1,1.0,1,1.0,1,0.18297360574188615,67
4941,1,7947,3961,3986,0,0,0,1.0,1,1.0,1,1.0,1,0.17304628088520393,66
4942,4,7951,3963,3988,0,0,0,1.0,1,1.0,1,1.0,1,0.16829485713861922,67
4943,3,7954,3964,3990,0,0,0,1.0,1,1.0,1,1.0,1,0.1746478418524182,65
4944,3,7957,3967,3990,0,0,0,1.0,1,1.0,1,1.0,1,0.20481821069960332,65
4945,2,7959,3969,3990,0,0,0,1.0,1,1.0,1,1.0,1,0.2221148584155386,62
4946,4,7963,3971,3992,0,0,0,1.0,1,1.0,1,1.0,1,0.1888429947372189,61
4947,1,7964,3971,3993,0,0,0,1.0,1,1.0,1,1.0,1,0.16481828424494158,59
4948,4,7968,3974,3994,0,0,0,1.0,1,1.0,1,1.0,1,0.18679582434073533,59
4949,2,7970,3975,3995,0,0,0,1.0,1,1.0,1,1.0,1,0.192526592375293,57
4950,6,7976,3980,3996,0,0,0,1.0,1,1.0,1,1.0,1,0.21665073137845076,58
4951,5,7981,3984,3997,0,0,0,1.0,1,1.0,1,1.0,1,0.16886959763199683,55
4952,4,7985,3986,3999,0,0,0,1.0,1,1.0,1,1.0,1,0.22198143702784343,53
4953,6,7991,3989,4002,0,0,0,1.0,1,1.0,1,1.0,1,0.20823543536651626,54
4954,1,7992,3989,4003,0,0,0,1.0,1,1.0,1,1.0,1,0.16305429502371668,52
4955,1,7993,3990,4003,0,0,0,1.0,1,1.0,1,1.0,1,0.17804133943214054,51
4956,0,7993,3990,4003,0,0,0,1.0,1,1.0,1,1.0,1,0.20647031272318095,47
4957,2,7995,3991,4004,0,0,0,1.0,1,1.0,1,1.0,1,0.2104891810879822,48
4958,0,7995,3991,4004,0,0,0,1.0,1,1.0,1,1.0,1,0.20187710846865806,47
4959,0,7995,3991,4004,0,0,0,1.0,1,1.0,1,1.0,1,0.20187710846865806,47
4960,2,7997,3991,4006,0,0,0,1.0,1,1.0,1,1.0,1,0.17929272937918703,48
4961,2,7999,3993,4006,0,0,0,1.0,1,1.0,1,1.0,1,0.20124213089343446,49
4962,2,8001,3993,4008,0,0,0,1.0,1,1.0,1,1.0,1,0.17546717934710115,49
4963,2,8003,3993,4010,0,0,0,1.0,1,1.0,1,1.0,1,0.15765742825597343,51
4964,0,8003,3993,4010,0,0,0,1.0,1,1.0,1,1.0,1,0.15765742825597343,51
4965,1,8004,3993,4011,0,0,0,1.0,1,1.0,1,1.0,1,0.14329278541144796,51
4966,0,8004,3993,4011,0,0,0,1.0,1,1.0,1,1.0,1,0.14329278541144796,51
4967,1,8005,3994,4011,0,0,0,1.0,1,1.0,1,1.0,1,0.16394461003402716,51
4968,3,8008,3996,4012,0,0,0,1.0,1,1.0,1,1.0,1,0.18139842093187528,52
4969,2,8010,3997,4013,0,0,0,1.0,1,1.0,1,1.0,1,0.2044647574139785,53
4970,3,8013,3999,4014,0,0,0,1.0,1,1.0,1,1.0,1,0.22580120360712233,54
4971,4,8017,3999,4018,0,0,0,1.0,1,1.0,1,1.0,1,0.17004253363619054,55
4972,1,8018,3999,4019,0,0,0,1.0,1,1.0,1,1.0,1,0.1941560631409934,56
4973,1,8019,4000,4019,0,0,0,1.0,1,1.0,1,1.0,1,0.18958495291966648,57
4974,1,8020,4001,4019,0,0,0,1.0,1,1.0,1,1.0,1,0.23336751750297682,56
4975,2,8022,4001,4021,0,0,0,1.0,1,1.0,1,1.0,1,0.2050015599838819,57
4976,2,8024,4001,4023,0,0,0,1.0,1,1.0,1,1.0,1,0.1918732295237563,57
4977,1,8025,4001,4024,0,0,0,1.0,1,1.0,1,1.0,1,0.17105077274159713,57
4978,2,8027,4003,4024,0,0,0,1.0,1,1.0,1,1.0,1,0.20550583304165893,58
4979,2,8029,4004,4025,0,0,0,1.0,1,1.0,1,1.0,1,0.20649868665390925,58
4980,6,8035,4005,4030,0,0,0,1.0,1,1.0,1,1.0,1,0.15977750824231612,59
4981,2,8037,4006,4031,0,0,0,1.0,1,1.0,1,1.0,1,0.18299543681376088,60
4982,2,8039,4006,4033,0,0,0,1.0,1,1.0,1,1.0,1,0.13155230640705418,61
4983,5,8044,4009,4035,0,0,0,1.0,1,1.0,1,1.0,1,0.12003251867935548,61
4984,2,8046,4011,4035,0,0,0,1.0,1,1.0,1,1.0,1,0.14558605503623753,59
4985,2,8048,4011,4037,0,0,0,1.0,1,1.0,1,1.0,1,0.12220800144403457,58
4986,2,8050,4012,4038,0,0,0,1.0,1,1.0,1,1.0,1,0.12070256666716161,59
4987,2,8052,4013,4039,0,0,0,1.0,1,1.0,1,1.0,1,0.13136739805064335,58
4988,2,8054,4015,4039,0,0,0,1.0,1,1.0,1,1.0,1,0.1567480309581166,57
4989,2,8056,4016,4040,0,0,0,1.0,1,1.0,1,1.0,1,0.15505690784064202,54
4990,2,8058,4017,4041,0,0,0,1.0,1,1.0,1,1.0,1,0.15405957227493047,53
4991,8,8066,4022,4044,0,0,0,1.0,1,1.0,1,1.0,1,0.2113408211701006,52
4992,5,8071,4025,4046,0,0,0,1.0,1,1.0,1,1.0,1,0.18714100485529997,48
4993,3,8074,4026,4048,0,0,0,1.0,1,1.0,1,1.0,1,0.1553067539260753,48
4994,1,8075,4027,4048,0,0,0,1.0,1,1.0,1,1.0,1,0.17954382560562954,45
4995,2,8077,4028,4049,0,0,0,1.0,1,1.0,1,1.0,1,0.14369117218426,45
4996,2,8079,4030,4049,0,0,0,1.0,1,1.0,1,1.0,1,0.16804656400176243,45
4997,1,8080,4031,4049,0,0,0,1.0,1,1.0,1,1.0,1,0.18703445546878686,42
4998,1,8081,4032,4049,0,0,0,1.0,1,1.0,1,1.0,1,0.22845098311769005,44
4999,3,8084,4034,4050,0,0,0,1.0,1,1.0,1,1.0,1,0.28857203510086,44
5000,0,8084,4034,4050,0,0,0,1.0,1,1.0,1,1.0,1,0.286739500456539,42
5001,1,8085,4035,4050,0,0,0,1.0,1,1.0,1,1.0,1,0.295171160976934,42
5002,2,8087,4036,4051,0,0,0,1.0,1,1.0,1,1.0,1,0.28623933375367916,41
5003,2,8089,4037,4052,0,0,0,1.0,1,1.0,1,1.0,1,0.29076402431600185,41
5004,1,8090,4038,4052,0,0,0,1.0,1,1.0,1,1.0,1,0.3207251850796582,41
5005,2,8092,4038,4054,0,0,0,1.0,1,1.0,1,1.0,1,0.2734167842279556,41
5006,1,8093,4038,4055,0,0,0,1.0,1,1.0,1,1.0,1,0.2408911573747915,42
5007,0,8093,4038,4055,0,0,0,1.0,1,1.0,1,1.0,1,0.24414908564941248,43
5008,0,8093,4038,4055,0,0,0,1.0,1,1.0,1,1.0,1,0.23079343361922136,46
5009,0,8093,4038,4055,0,0,0,1.0,1,1.0,1,1.0,1,0.23079343361922136,46
5010,0,8093,4038,4055,0,0,0,1.0,1,1.0,1,1.0,1,0.24843597365629427,46
5011,0,8093,4038,4055,0,0,0,1.0,1,1.0,1,1.0,1,0.25909223465157727,47
5012,0,8093,4038,4055,0,0,0,1.0,1,1.0,1,1.0,1,0.26686257071547265,48
5013,0,8093,4038,4055,0,0,0,1.0,1,1.0,1,1.0,1,0.26686257071547265,48
5014,0,8093,4038,4055,0,0,0,1.0,1,1.0,1,1.0,1,0.26612038768695795,49
5015,1,8094,4038,4056,0,0,0,1.0,1,1.0,1,1.0,1,0.24901727001717872,50
5016,5,8099,4040,4059,0,0,0,1.0,1,1.0,1,1.0,1,0.2744197367143872,51
5017,0,8099,4040,4059,0,0,0,1.0,1,1.0,1,1.0,1,0.2744197367143872,51
5018,1,8100,4041,4059,0,0,0,1.0,1,1.0,1,1.0,1,0.26444612822654995,51
5019,4,8104,4042,4062,0,0,0,1.0,1,1.0,1,1.0,1,0.24695782271842417,51
5020,0,8104,4042,4062,0,0,0,1.0,1,1.0,1,1.0,1,0.24695782271842417,51
5021,1,8105,4042,4063,0,0,0,1.0,1,1.0,1,1.0,1,0.2533635093151298,52
5022,4,8109,4044,4065,0,0,0,1.0,1,1.0,1,1.0,1,0.2524323733419412,52
5023,4,8113,4047,4066,0,0,0,1.0,1,1.0,1,1.0,1,0.2808003973783416,52
5024,4,8117,4049,4068,0,0,0,1.0,1,1.0,1,1.0,1,0.2717924494699386,51
5025,0,8117,4049,4068,0,0,0,1.0,1,1.0,1,1.0,1,0.25811117487535806,50
5026,2,8119,4050,4069,0,0,0,1.0,1,1.0,1,1.0,1,0.24587227937647166,49
5027,3,8122,4051,4071,0,0,0,1.0,1,1.0,1,1.0,1,0.26959015116664614,47
5028,3,8125,4053,4072,0,0,0,1.0,1,1.0,1,1.0,1,0.3088709604057501,47
5029,2,8127,4055,4072,0,0,0,1.0,1,1.0,1,1.0,1,0.3200972647243523,46
5030,2,8129,4055,4074,0,0,0,1.0,1,1.0,1,1.0,1,0.28640218198345074,48
5031,4,8133,4056,4077,0,0,0,1.0,1,1.0,1,1.0,1,0.2572928406521969,46
5032,1,8134,4057,4077,0,0,0,1.0,1,1.0,1,1.0,1,0.2909663229391562,46
5033,2,8136,4058,4078,0,0,0,1.0,1,1.0,1,1.0,1,0.2902342269444491,47
5034,1,8137,4059,4078,0,0,0,1.0,1,1.0,1,1.0,1,0.2973387918517349,48
5035,1,8138,4059,4079,0,0,0,1.0,1,1.0,1,1.0,1,0.27844213468217843,47
5036,1,8139,4060,4079,0,0,0,1.0,1,1.0,1,1.0,1,0.29884755666164814,47
5037,1,8140,4060,4080,0,0,0,1.0,1,1.0,1,1.0,1,0.2758956694776477,47
5038,1,8141,4061,4080,0,0,0,1.0,1,1.0,1,1.0,1,0.3102073005487174,48
5039,1,8142,4061,4081,0,0,0,1.0,1,1.0,1,1.0,1,0.2806871977227954,47
5040,0,8142,4061,4081,0,0,0,1.0,1,1.0,1,1.0,1,0.29033158809394227,48
5041,0,8142,4061,4081,0,0,0,1.0,1,1.0,1,1.0,1,0.28910994991889966,49
5042,2,8144,4061,4083,0,0,0,1.0,1,1.0,1,1.0,1,0.2919808009808346,50
5043,0,8144,4061,4083,0,0,0,1.0,1,1.0,1,1.0,1,0.2762927796806233,51
5044,1,8145,4061,4084,0,0,0,1.0,1,1.0,1,1.0,1,0.25844528699251723,51
5045,1,8146,4062,4084,0,0,0,1.0,1,1.0,1,1.0,1,0.25917108068165357,51
5046,1,8147,4063,4084,0,0,0,1.0,1,1.0,1,1.0,1,0.2783484440608841,52
5047,1,8148,4063,4085,0,0,0,1.0,1,1.0,1,1.0,1,0.2797162250812567,52
5048,0,8148,4063,4085,0,0,0,1.0,1,1.0,1,1.0,1,0.2797162250812567,52
5049,1,8149,4063,4086,0,0,0,1.0,1,1.0,1,1.0,1,0.29781274516429695,52
5050,2,8151,4064,4087,0,0,0,1.0,1,1.0,1,1.0,1,0.3105298610828868,55
5051,3,8154,4064,4090,0,0,0,1.0,1,1.0,1,1.0,1,0.27908572594404935,55
5052,0,8154,4064,4090,0,0,0,1.0,1,1.0,1,1.0,1,0.27908572594404935,55
5053,2,8156,4064,4092,0,0,0,1.0,1,1.0,1,1.0,1,0.26721572047930725,54
5054,1,8157,4065,4092,0,0,0,1.0,1,1.0,1,1.0,1,0.27433843602846875,54
5055,5,8162,4065,4097,0,0,0,1.0,1,1.0,1,1.0,1,0.23966464615648314,54
5056,1,8163,4065,4098,0,0,0,1.0,1,1.0,1,1.0,1,0.23686992493542244,55
5057,3,8166,4065,4101,0,0,0,1.0,1,1.0,1,1.0,1,0.22224729257643172,56
5058,0,8166,4065,4101,0,0,0,1.0,1,1.0,1,1.0,1,0.22818050418657876,58
5059,0,8166,4065,4101,0,0,0,1.0,1,1.0,1,1.0,1,0.22818050418657876,58
5060,3,8169,4066,4103,0,0,0,1.0,1,1.0,1,1.0,1,0.20417132649495068,59
5061,1,8170,4066,4104,0,0,0,1.0,1,1.0,1,1.0,1,0.17014950001221935,58
5062,1,8171,4067,4104,0,0,0,1.0,1,1.0,1,1.0,1,0.19370114314481598,58
5063,4,8175,4070,4105,0,0,0,1.0,1,1.0,1,1.0,1,0.21234928947409595,57
5064,3,8178,4073,4105,0,0,0,1.0,1,1.0,1,1.0,1,0.24857749814450425,57
5065,4,8182,4076,4106,0,0,0,1.0,1,1.0,1,1.0,1,0.2580364504186883,56
5066,3,8185,4077,4108,0,0,0,1.0,1,1.0,1,1.0,1,0.24522440649038127,55
5067,2,8187,4078,4109,0,0,0,1.0,1,1.0,1,1.0,1,0.23412020047706655,54
5068,3,8190,4080,4110,0,0,0,1.0,1,1.0,1,1.0,1,0.23263601052912006,54
5069,3,8193,4082,4111,0,0,0,1.0,1,1.0,1,1.0,1,0.23096933257475163,53
5070,0,8193,4082,4111,0,0,0,1.0,1,1.0,1,1.0,1,0.23420052671816013,53
5071,1,8194,4082,4112,0,0,0,1.0,1,1.0,1,1.0,1,0.22246398422028402,53
5072,0,8194,4082,4112,0,0,0,1.0,1,1.0,1,1.0,1,0.21557212331762465,53
5073,1,8195,4082,4113,0,0,0,1.0,1,1.0,1,1.0,1,0.20457370135763014,53
5074,0,8195,4082,4113,0,0,0,1.0,1,1.0,1,1.0,1,0.21608665539341892,52
5075,1,8196,4082,4114,0,0,0,1.0,1,1.0,1,1.0,1,0.2056409603014585,52
5076,2,8198,4083,4115,0,0,0,1.0,1,1.0,1,1.0,1,0.22600819292549137,55
5077,5,8203,4084,4119,0,0,0,1.0,1,1.0,1,1.0,1,0.20733920092740074,55
5078,0,8203,4084,4119,0,0,0,1.0,1,1.0,1,1.0,1,0.20733920092740074,55
5079,0,8203,4084,4119,0,0,0,1.0,1,1.0,1,1.0,1,0.2252936103849537,54
5080,1,8204,4085,4119,0,0,0,1.0,1,1.0,1,1.0,1,0.24201855949266154,55
5081,1,8205,4085,4120,0,0,0,1.0,1,1.0,1,1.0,1,0.23306445094000616,57
5082,0,8205,4085,4120,0,0,0,1.0,1,1.0,1,1.0,1,0.23306445094000616,57
5083,3,8208,4085,4123,0,0,0,1.0,1,1.0,1,1.0,1,0.19340853068015573,58
5084,3,8211,4085,4126,0,0,0,1.0,1,1.0,1,1.0,1,0.17499921655400041,58
5085,2,8213,4085,4128,0,0,0,1.0,1,1.0,1,1.0,1,0.1409036352827236,59
5086,2,8215,4086,4129,0,0,0,1.0,1,1.0,1,1.0,1,0.1368636261232199,60
5087,2,8217,4087,4130,0,0,0,1.0,1,1.0,1,1.0,1,0.15847392283331582,61
5088,3,8220,4089,4131,0,0,0,1.0,1,1.0,1,1.0,1,0.18172305705516456,62
5089,5,8225,4093,4132,0,0,0,1.0,1,1.0,1,1.0,1,0.1759619857111239,63
5090,2,8227,4094,4133,0,0,0,1.0,1,1.0,1,1.0,1,0.17397614306761194,63
5091,2,8229,4096,4133,0,0,0,1.0,1,1.0,1,1.0,1,0.22015971960821099,63
5092,2,8231,4097,4134,0,0,0,1.0,1,1.0,1,1.0,1,0.24397780399478647,63
5093,3,8234,4097,4137,0,0,0,1.0,1,1.0,1,1.0,1,0.21028752325553496,63
5094,1,8235,4098,4137,0,0,0,1.0,1,1.0,1,1.0,1,0.20419340905351038,64
5095,0,8235,4098,4137,0,0,0,1.0,1,1.0,1,1.0,1,0.20419340905351038,64
5096,4,8239,4099,4140,0,0,0,1.0,1,1.0,1,1.0,1,0.17089006653913624,67
5097,0,8239,4099,4140,0,0,0,1.0,1,1.0,1,1.0,1,0.17974367651019824,67
5098,1,8240,4100,4140,0,0,0,1.0,1,1.0,1,1.0,1,0.1653164014960711,68
5099,2,8242,4100,4142,0,0,0,1.0,1,1.0,1,1.0,1,0.1587382833494306,70
5100,1,8243,4101,4142,0,0,0,1.0,1,1.0,1,1.0,1,0.1606399611028285,71
5101,3,8246,4102,4144,0,0,0,1.0,1,1.0,1,1.0,1,0.1523837228337409,71
5102,3,8249,4105,4144,0,0,0,1.0,1,1.0,1,1.0,1,0.19969330705280783,70
5103,0,8249,4105,4144,0,0,0,1.0,1,1.0,1,1.0,1,0.16139269481237972,67
5104,2,8251,4106,4145,0,0,0,1.0,1,1.0,1,1.0,1,0.17499537845796165,67
5105,3,8254,4108,4146,0,0,0,1.0,1,1.0,1,1.0,1,0.15738835826091335,63
5106,2,8256,4109,4147,0,0,0,1.0,1,1.0,1,1.0,1,0.16781128001939324,63
5107,6,8262,4115,4147,0,0,0,1.0,1,1.0,1,1.0,1,0.2015200134447808,60
5108,2,8264,4116,4148,0,0,0,1.0,1,1.0,1,1.0,1,0.20219139550791743,56
5109,5,8269,4119,4150,0,0,0,1.0,1,1.0,1,1.0,1,0.2297154564451807,56
5110,4,8273,4122,4151,0,0,0,1.0,1,1.0,1,1.0,1,0.2031105480095538,52
5111,6,8279,4125,4154,0,0,0,1.0,1,1.0,1,1.0,1,0.21602211231141166,51
5112,3,8282,4127,4155,0,0,0,1.0,1,1.0,1,1.0,1,0.19506360096501624,50
5113,5,8287,4129,4158,0,0,0,1.0,1,1.0,1,1.0,1,0.15849078212360518,48
5114,2,8289,4131,4158,0,0,0,1.0,1,1.0,1,1.0,1,0.15136410986219304,46
5115,1,8290,4131,4159,0,0,0,1.0,1,1.0,1,1.0,1,0.134353781110587,44
5116,0,8290,4131,4159,0,0,0,1.0,1,1.0,1,1.0,1,0.13555117947167,44
5117,0,8290,4131,4159,0,0,0,1.0,1,1.0,1,1.0,1,0.13557844739373262,46
5118,1,8291,4132,4159,0,0,0,1.0,1,1.0,1,1.0,1,0.13143332983759462,46
5119,1,8292,4133,4159,0,0,0,1.0,1,1.0,1,1.0,1,0.13131124761308355,46
5120,2,8294,4135,4159,0,0,0,1.0,1,1.0,1,1.0,1,0.18773069090987413,46
5121,2,8296,4135,4161,0,0,0,1.0,1,1.0,1,1.0,1,0.15961514428788218,46
5122,1,8297,4136,4161,0,0,0,1.0,1,1.0,1,1.0,1,0.1792278120807964,46
5123,2,8299,4138,4161,0,0,0,1.0,1,1.0,1,1.0,1,0.22591447276369647,45
5124,4,8303,4140,4163,0,0,0,1.0,1,1.0,1,1.0,1,0.19837778001448494,47
5125,1,8304,4140,4164,0,0,0,1.0,1,1.0,1,1.0,1,0.21091949831833864,50
5126,2,8306,4141,4165,0,0,0,1.0,1,1.0,1,1.0,1,0.1768719017090715,50
5127,2,8308,4141,4167,0,0,0,1.0,1,1.0,1,1.0,1,0.17457038421042348,52
5128,2,8310,4142,4168,0,0,0,1.0,1,1.0,1,1.0,1,0.18455446145823293,53
5129,2,8312,4142,4170,0,0,0,1.0,1,1.0,1,1.0,1,0.1711439394921551,55
5130,1,8313,4143,4170,0,0,0,1.0,1,1.0,1,1.0,1,0.18023781552521628,55
5131,0,8313,4143,4170,0,0,0,1.0,1,1.0,1,1.0,1,0.1914157918921012,54
5132,0,8313,4143,4170,0,0,0,1.0,1,1.0,1,1.0,1,0.21545275606822137,54
5133,1,8314,4143,4171,0,0,0,1.0,1,1.0,1,1.0,1,0.19920138412651991,54
5134,0,8314,4143,4171,0,0,0,1.0,1,1.0,1,1.0,1,0.21744272146934418,53
5135,3,8317,4143,4174,0,0,0,1.0,1,1.0,1,1.0,1,0.17276517163495445,54
5136,0,8317,4143,4174,0,0,0,1.0,1,1.0,1,1.0,1,0.213993013113321,54
5137,2,8319,4144,4175,0,0,0,1.0,1,1.0,1,1.0,1,0.19271307426148576,54
5138,1,8320,4145,4175,0,0,0,1.0,1,1.0,1,1.0,1,0.20128890531964186,54
5139,2,8322,4146,4176,0,0,0,1.0,1,1.0,1,1.0,1,0.1850333811836702,55
5140,6,8328,4150,4178,0,0,0,1.0,1,1.0,1,1.0,1,0.21158971656390452,55
5141,5,8333,4151,4182,0,0,0,1.0,1,1.0,1,1.0,1,0.1154556834028503,53
5142,2,8335,4153,4182,0,0,0,1.0,1,1.0,1,1.0,1,0.12508716325881203,54
5143,2,8337,4155,4182,0,0,0,1.0,1,1.0,1,1.0,1,0.1337385068697085,52
5144,4,8341,4158,4183,0,0,0,1.0,1,1.0,1,1.0,1,0.16193654418486852,50
5145,1,8342,4159,4183,0,0,0,1.0,1,1.0,1,1.0,1,0.17257156616090413,49
5146,1,8343,4160,4183,0,0,0,1.0,1,1.0,1,1.0,1,0.19827134616887973,49
5147,6,8349,4160,4189,0,0,0,1.0,1,1.0,1,1.0,1,0.13232417275745384,46
5148,2,8351,4161,4190,0,0,0,1.0,1,1.0,1,1.0,1,0.16785418149572864,46
5149,1,8352,4161,4191,0,0,0,1.0,1,1.0,1,1.0,1,0.1355320516648166,45
5150,3,8355,4164,4191,0,0,0,1.0,1,1.0,1,1.0,1,0.21043403637067126,47
5151,2,8357,4165,4192,0,0,0,1.0,1,1.0,1,1.0,1,0.16097744153543225,46
5152,1,8358,4166,4192,0,0,0,1.0,1,1.0,1,1.0,1,0.14264468534139538,46
5153,2,8360,4168,4192,0,0,0,1.0,1,1.0,1,1.0,1,0.17780626742230987,45
5154,4,8364,4170,4194,0,0,0,1.0,1,1.0,1,1.0,1,0.22683385127377467,47
5155,3,8367,4172,4195,0,0,0,1.0,1,1.0,1,1.0,1,0.24089217892039363,47
5156,2,8369,4173,4196,0,0,0,1.0,1,1.0,1,1.0,1,0.2370464215256389,47
5157,0,8369,4173,4196,0,0,0,1.0,1,1.0,1,1.0,1,0.22566317869468008,46
5158,0,8369,4173,4196,0,0,0,1.0,1,1.0,1,1.0,1,0.2317382260694814,47
5159,1,8370,4173,4197,0,0,0,1.0,1,1.0,1,1.0,1,0.21587440251774503,49
5160,0,8370,4173,4197,0,0,0,1.0,1,1.0,1,1.0,1,0.2089819466628411,48
5161,0,8370,4173,4197,0,0,0,1.0,1,1.0,1,1.0,1,0.2089819466628411,48
5162,1,8371,4173,4198,0,0,0,1.0,1,1.0,1,1.0,1,0.20328501834525736,49
5163,2,8373,4173,4200,0,0,0,1.0,1,1.0,1,1.0,1,0.18895164548889318,51
5164,0,8373,4173,4200,0,0,0,1.0,1,1.0,1,1.0,1,0.18895164548889318,51
5165,3,8376,4174,4202,0,0,0,1.0,1,1.0,1,1.0,1,0.18723444171717785,52
5166,3,8379,4176,4203,0,0,0,1.0,1,1.0,1,1.0,1,0.16421708196720838,52
5167,4,8383,4178,4205,0,0,0,1.0,1,1.0,1,1.0,1,0.14203152052940282,52
5168,0,8383,4178,4205,0,0,0,1.0,1,1.0,1,1.0,1,0.14203152052940282,52
5169,2,8385,4180,4205,0,0,0,1.0,1,1.0,1,1.0,1,0.16342708218995683,53
5170,0,8385,4180,4205,0,0,0,1.0,1,1.0,1,1.0,1,0.16342708218995683,53
5171,2,8387,4180,4207,0,0,0,1.0,1,1.0,1,1.0,1,0.14539954598576418,52
5172,1,8388,4181,4207,0,0,0,1.0,1,1.0,1,1.0,1,0.13807391229995628,53
5173,1,8389,4181,4208,0,0,0,1.0,1,1.0,1,1.0,1,0.14864684742803658,54
5174,2,8391,4181,4210,0,0,0,1.0,1,1.0,1,1.0,1,0.14184472774623988,56
5175,1,8392,4182,4210,0,0,0,1.0,1,1.0,1,1.0,1,0.16104321306040384,58
5176,1,8393,4183,4210,0,0,0,1.0,1,1.0,1,1.0,1,0.17053990858340054,58
5177,1,8394,4183,4211,0,0,0,1.0,1,1.0,1,1.0,1,0.1717104807745526,59
5178,3,8397,4186,4211,0,0,0,1.0,1,1.0,1,1.0,1,0.19694391571266984,57
5179,3,8400,4186,4214,0,0,0,1.0,1,1.0,1,1.0,1,0.15463428370448618,58
5180,2,8402,4187,4215,0,0,0,1.0,1,1.0,1,1.0,1,0.11809577009378883,56
5181,0,8402,4187,4215,0,0,0,1.0,1,1.0,1,1.0,1,0.10711054019503306,57
5182,3,8405,4190,4215,0,0,0,1.0,1,1.0,1,1.0,1,0.14607647731250864,56
5183,2,8407,4191,4216,0,0,0,1.0,1,1.0,1,1.0,1,0.14700245243523385,57
5184,4,8411,4194,4217,0,0,0,1.0,1,1.0,1,1.0,1,0.18990473000473154,56
5185,3,8414,4195,4219,0,0,0,1.0,1,1.0,1,1.0,1,0.1732254333385001,56
5186,2,8416,4197,4219,0,0,0,1.0,1,1.0,1,1.0,1,0.21897714658876838,54
5187,2,8418,4197,4221,0,0,0,1.0,1,1.0,1,1.0,1,0.2144912941780982,51
5188,1,8419,4198,4221,0,0,0,1.0,1,1.0,1,1.0,1,0.22429977697178097,50
5189,1,8420,4198,4222,0,0,0,1.0,1,1.0,1,1.0,1,0.17997803626818526,49
5190,2,8422,4199,4223,0,0,0,1.0,1,1.0,1,1.0,1,0.1952994504336733,50
5191,2,8424,4199,4225,0,0,0,1.0,1,1.0,1,1.0,1,0.1617287825656747,50
5192,3,8427,4200,4227,0,0,0,1.0,1,1.0,1,1.0,1,0.10666301587452286,49
5193,1,8428,4200,4228,0,0,0,1.0,1,1.0,1,1.0,1,0.11561120113133215,50
5194,1,8429,4201,4228,0,0,0,1.0,1,1.0,1,1.0,1,0.14878136545224094,51
5195,1,8430,4202,4228,0,0,0,1.0,1,1.0,1,1.0,1,0.18441324094179354,51
5196,0,8430,4202,4228,0,0,0,1.0,1,1.0,1,1.0,1,0.18441324094179354,51
5197,1,8431,4202,4229,0,0,0,1.0,1,1.0,1,1.0,1,0.16680417909456416,51
5198,0,8431,4202,4229,0,0,0,1.0,1,1.0,1,1.0,1,0.16680417909456416,51
5199,1,8432,4202,4230,0,0,0,1.0,1,1.0,1,1.0,1,0.15708535137588442,54
5200,1,8433,4203,4230,0,0,0,1.0,1,1.0,1,1.0,1,0.1432989981936012,54
5201,3,8436,4205,4231,0,0,0,1.0,1,1.0,1,1.0,1,0.15170967272864944,55
5202,0,8436,4205,4231,0,0,0,1.0,1,1.0,1,1.0,1,0.168529162194078,56
5203,2,8438,4206,4232,0,0,0,1.0,1,1.0,1,1.0,1,0.13115226357677962,56
5204,1,8439,4206,4233,0,0,0,1.0,1,1.0,1,1.0,1,0.13822184239092197,58
5205,0,8439,4206,4233,0,0,0,1.0,1,1.0,1,1.0,1,0.13822184239092197,58
5206,0,8439,4206,4233,0,0,0,1.0,1,1.0,1,1.0,1,0.13822184239092197,58
5207,3,8442,4208,4234,0,0,0,1.0,1,1.0,1,1.0,1,0.13184129815807638,59
5208,0,8442,4208,4234,0,0,0,1.0,1,1.0,1,1.0,1,0.14875475654013676,58
5209,1,8443,4208,4235,0,0,0,1.0,1,1.0,1,1.0,1,0.1262400297697771,58
5210,0,8443,4208,4235,0,0,0,1.0,1,1.0,1,1.0,1,0.1386258831587828,57
5211,0,8443,4208,4235,0,0,0,1.0,1,1.0,1,1.0,1,0.1386258831587828,57
5212,1,8444,4208,4236,0,0,0,1.0,1,1.0,1,1.0,1,0.14217962295310907,59
5213,2,8446,4210,4236,0,0,0,1.0,1,1.0,1,1.0,1,0.17524247561214895,59
5214,4,8450,4212,4238,0,0,0,1.0,1,1.0,1,1.0,1,0.21981226021131178,59
5215,3,8453,4213,4240,0,0,0,1.0,1,1.0,1,1.0,1,0.22547015423107128,58
5216,2,8455,4213,4242,0,0,0,1.0,1,1.0,1,1.0,1,0.19214200345449395,59
5217,3,8458,4215,4243,0,0,0,1.0,1,1.0,1,1.0,1,0.18594746926566813,58
5218,4,8462,4218,4244,0,0,0,1.0,1,1.0,1,1.0,1,0.23228848007431352,58
5219,1,8463,4218,4245,0,0,0,1.0,1,1.0,1,1.0,1,0.18913095239573816,57
5220,3,8466,4219,4247,0,0,0,1.0,1,1.0,1,1.0,1,0.21574558176188255,56
5221,3,8469,4221,4248,0,0,0,1.0,1,1.0,1,1.0,1,0.20461658144215486,58
5222,4,8473,4223,4250,0,0,0,1.0,1,1.0,1,1.0,1,0.19292373214340053,56
5223,1,8474,4224,4250,0,0,0,1.0,1,1.0,1,1.0,1,0.2452114546232216,55
5224,2,8476,4224,4252,0,0,0,1.0,1,1.0,1,1.0,1,0.23100027412157606,56
5225,1,8477,4224,4253,0,0,0,1.0,1,1.0,1,1.0,1,0.21987666553459118,55
5226,1,8478,4225,4253,0,0,0,1.0,1,1.0,1,1.0,1,0.2210395667398773,55
5227,1,8479,4226,4253,0,0,0,1.0,1,1.0,1,1.0,1,0.2409736032618643,53
5228,0,8479,4226,4253,0,0,0,1.0,1,1.0,1,1.0,1,0.23343182748436372,51
5229,3,8482,4227,4255,0,0,0,1.0,1,1.0,1,1.0,1,0.23929621045183694,51
5230,0,8482,4227,4255,0,0,0,1.0,1,1.0,1,1.0,1,0.23936447489869447,51
5231,4,8486,4228,4258,0,0,0,1.0,1,1.0,1,1.0,1,0.22130787108701155,52
5232,2,8488,4229,4259,0,0,0,1.0,1,1.0,1,1.0,1,0.25680972622487935,52
5233,2,8490,4229,4261,0,0,0,1.0,1,1.0,1,1.0,1,0.2623345719778584,53
5234,1,8491,4230,4261,0,0,0,1.0,1,1.0,1,1.0,1,0.30078015333830915,53
5235,3,8494,4231,4263,0,0,0,1.0,1,1.0,1,1.0,1,0.28588338650799267,53
5236,3,8497,4233,4264,0,0,0,1.0,1,1.0,1,1.0,1,0.25395273261437207,52
5237,1,8498,4233,4265,0,0,0,1.0,1,1.0,1,1.0,1,0.265424647242058,52
5238,6,8504,4235,4269,0,0,0,1.0,1,1.0,1,1.0,1,0.2185928005002407,52
5239,0,8504,4235,4269,0,0,0,1.0,1,1.0,1,1.0,1,0.22898475907943927,51
5240,0,8504,4235,4269,0,0,0,1.0,1,1.0,1,1.0,1,0.24479162738365814,53
5241,0,8504,4235,4269,0,0,0,1.0,1,1.0,1,1.0,1,0.2637934346862135,53
5242,1,8505,4235,4270,0,0,0,1.0,1,1.0,1,1.0,1,0.26161190908260445,51
5243,1,8506,4235,4271,0,0,0,1.0,1,1.0,1,1.0,1,0.2515209219603612,51
5244,2,8508,4236,4272,0,0,0,1.0,1,1.0,1,1.0,1,0.2641646350569258,52
5245,2,8510,4236,4274,0,0,0,1.0,1,1.0,1,1.0,1,0.2373372923494775,53
5246,4,8514,4240,4274,0,0,0,1.0,1,1.0,1,1.0,1,0.24297507130852516,53
5247,3,8517,4240,4277,0,0,0,1.0,1,1.0,1,1.0,1,0.22936954082843752,54
5248,0,8517,4240,4277,0,0,0,1.0,1,1.0,1,1.0,1,0.21603778056840908,54
5249,2,8519,4241,4278,0,0,0,1.0,1,1.0,1,1.0,1,0.20301363484695273,55
5250,2,8521,4241,4280,0,0,0,1.0,1,1.0,1,1.0,1,0.21067217734156238,57
5251,1,8522,4241,4281,0,0,0,1.0,1,1.0,1,1.0,1,0.1982627462090476,58
5252,0,8522,4241,4281,0,0,0,1.0,1,1.0,1,1.0,1,0.1982627462090476,58
5253,5,8527,4244,4283,0,0,0,1.0,1,1.0,1,1.0,1,0.22343681816880762,58
5254,1,8528,4244,4284,0,0,0,1.0,1,1.0,1,1.0,1,0.2212709219648498,59
5255,4,8532,4248,4284,0,0,0,1.0,1,1.0,1,1.0,1,0.24955497905627072,58
5256,0,8532,4248,4284,0,0,0,1.0,1,1.0,1,1.0,1,0.27551358643343216,58
5257,1,8533,4248,4285,0,0,0,1.0,1,1.0,1,1.0,1,0.26487053840670227,57
5258,0,8533,4248,4285,0,0,0,1.0,1,1.0,1,1.0,1,0.24735288854522466,55
5259,0,8533,4248,4285,0,0,0,1.0,1,1.0,1,1.0,1,0.24437450255477175,56
5260,0,8533,4248,4285,0,0,0,1.0,1,1.0,1,1.0,1,0.23767621877752648,55
5261,0,8533,4248,4285,0,0,0,1.0,1,1.0,1,1.0,1,0.24565960434826353,54
5262,1,8534,4249,4285,0,0,0,1.0,1,1.0,1,1.0,1,0.2686260173976246,54
5263,6,8540,4253,4287,0,0,0,1.0,1,1.0,1,1.0,1,0.2758207032013899,55
5264,3,8543,4255,4288,0,0,0,1.0,1,1.0,1,1.0,1,0.31691752715507737,53
5265,5,8548,4258,4290,0,0,0,1.0,1,1.0,1,1.0,1,0.2929686666643054,52
5266,1,8549,4259,4290,0,0,0,1.0,1,1.0,1,1.0,1,0.2976006395833664,49
5267,2,8551,4260,4291,0,0,0,1.0,1,1.0,1,1.0,1,0.3009061268299115,49
5268,3,8554,4261,4293,0,0,0,1.0,1,1.0,1,1.0,1,0.2892219984478984,46
5269,1,8555,4262,4293,0,0,0,1.0,1,1.0,1,1.0,1,0.29462098165531597,45
5270,6,8561,4265,4296,0,0,0,1.0,1,1.0,1,1.0,1,0.2544892475412797,46
5271,4,8565,4266,4299,0,0,0,1.0,1,1.0,1,1.0,1,0.257608583784999,46
5272,1,8566,4266,4300,0,0,0,1.0,1,1.0,1,1.0,1,0.24415789069105448,45
5273,5,8571,4270,4301,0,0,0,1.0,1,1.0,1,1.0,1,0.24899809743902826,45
5274,1,8572,4270,4302,0,0,0,1.0,1,1.0,1,1.0,1,0.23400750211008603,45
5275,6,8578,4273,4305,0,0,0,1.0,1,1.0,1,1.0,1,0.2026768424403297,46
5276,3,8581,4275,4306,0,0,0,1.0,1,1.0,1,1.0,1,0.20224013347483344,45
5277,0,8581,4275,4306,0,0,0,1.0,1,1.0,1,1.0,1,0.20206402857790173,45
5278,2,8583,4277,4306,0,0,0,1.0,1,1.0,1,1.0,1,0.24739000484226525,44
5279,1,8584,4278,4306,0,0,0,1.0,1,1.0,1,1.0,1,0.2909179355088892,45
5280,2,8586,4278,4308,0,0,0,1.0,1,1.0,1,1.0,1,0.2752848890133036,46
5281,1,8587,4278,4309,0,0,0,1.0,1,1.0,1,1.0,1,0.2564154814587877,46
5282,0,8587,4278,4309,0,0,0,1.0,1,1.0,1,1.0,1,0.2616399619856249,47
5283,1,8588,4278,4310,0,0,0,1.0,1,1.0,1,1.0,1,0.2565179141178592,48
5284,1,8589,4278,4311,0,0,0,1.0,1,1.0,1,1.0,1,0.23373202001218982,48
5285,0,8589,4278,4311,0,0,0,1.0,1,1.0,1,1.0,1,0.21441553134108676,48
5286,1,8590,4278,4312,0,0,0,1.0,1,1.0,1,1.0,1,0.21114338687321188,50
5287,0,8590,4278,4312,0,0,0,1.0,1,1.0,1,1.0,1,0.21114338687321188,50
5288,0,8590,4278,4312,0,0,0,1.0,1,1.0,1,1.0,1,0.21167965707848016,51
5289,0,8590,4278,4312,0,0,0,1.0,1,1.0,1,1.0,1,0.21167965707848016,51
5290,1,8591,4278,4313,0,0,0,1.0,1,1.0,1,1.0,1,0.21091669865077686,52
5291,3,8594,4279,4315,0,0,0,1.0,1,1.0,1,1.0,1,0.21563311349114414,52
5292,0,8594,4279,4315,0,0,0,1.0,1,1.0,1,1.0,1,0.22559725018224672,53
5293,1,8595,4280,4315,0,0,0,1.0,1,1.0,1,1.0,1,0.2912005401626874,51
5294,1,8596,4281,4315,0,0,0,1.0,1,1.0,1,1.0,1,0.29556755140944824,50
5295,0,8596,4281,4315,0,0,0,1.0,1,1.0,1,1.0,1,0.30868690877469757,49
5296,2,8598,4283,4315,0,0,0,1.0,1,1.0,1,1.0,1,0.36107558769637477,48
5297,0,8598,4283,4315,0,0,0,1.0,1,1.0,1,1.0,1,0.37774951773766646,46
5298,1,8599,4283,4316,0,0,0,1.0,1,1.0,1,1.0,1,0.3682080351787703,46
5299,0,8599,4283,4316,0,0,0,1.0,1,1.0,1,1.0,1,0.37298258798821055,47
5300,0,8599,4283,4316,0,0,0,1.0,1,1.0,1,1.0,1,0.35406400602532373,48
5301,0,8599,4283,4316,0,0,0,1.0,1,1.0,1,1.0,1,0.35406400602532373,48
5302,5,8604,4287,4317,0,0,0,1.0,1,1.0,1,1.0,1,0.349156822320491,49
5303,6,8610,4289,4321,0,0,0,1.0,1,1.0,1,1.0,1,0.3239513532729174,48
5304,1,8611,4290,4321,0,0,0,1.0,1,1.0,1,1.0,1,0.332338952841658,48
5305,2,8613,4291,4322,0,0,0,1.0,1,1.0,1,1.0,1,0.31122433078887296,47
5306,3,8616,4293,4323,0,0,0,1.0,1,1.0,1,1.0,1,0.3288153841577872,48
5307,2,8618,4294,4324,0,0,0,1.0,1,1.0,1,1.0,1,0.29547751837573893,48
5308,1,8619,4294,4325,0,0,0,1.0,1,1.0,1,1.0,1,0.27358260727379996,47
5309,1,8620,4295,4325,0,0,0,1.0,1,1.0,1,1.0,1,0.3027070717559191,46
5310,2,8622,4296,4326,0,0,0,1.0,1,1.0,1,1.0,1,0.298111704840918,46
5311,4,8626,4297,4329,0,0,0,1.0,1,1.0,1,1.0,1,0.28470340074288036,46
5312,2,8628,4298,4330,0,0,0,1.0,1,1.0,1,1.0,1,0.306711693227985,46
5313,2,8630,4298,4332,0,0,0,1.0,1,1.0,1,1.0,1,0.27033975035101704,46
5314,1,8631,4298,4333,0,0,0,1.0,1,1.0,1,1.0,1,0.25577996863790875,46
5315,5,8636,4299,4337,0,0,0,1.0,1,1.0,1,1.0,1,0.24449310398764287,47
5316,1,8637,4299,4338,0,0,0,1.0,1,1.0,1,1.0,1,0.25467546155063264,48
5317,4,8641,4299,4342,0,0,0,1.0,1,1.0,1,1.0,1,0.18880072080320906,49
5318,5,8646,4302,4344,0,0,0,1.0,1,1.0,1,1.0,1,0.14468177932708823,49
5319,1,8647,4303,4344,0,0,0,1.0,1,1.0,1,1.0,1,0.18182331129974827,50
5320,3,8650,4304,4346,0,0,0,1.0,1,1.0,1,1.0,1,0.18814837301761356,51
5321,0,8650,4304,4346,0,0,0,1.0,1,1.0,1,1.0,1,0.16407433935250348,52
5322,1,8651,4304,4347,0,0,0,1.0,1,1.0,1,1.0,1,0.16768179095577862,53
5323,0,8651,4304,4347,0,0,0,1.0,1,1.0,1,1.0,1,0.16736115201023014,53
5324,2,8653,4305,4348,0,0,0,1.0,1,1.0,1,1.0,1,0.18532448091789275,55
5325,1,8654,4306,4348,0,0,0,1.0,1,1.0,1,1.0,1,0.19290338770476273,55
5326,1,8655,4307,4348,0,0,0,1.0,1,1.0,1,1.0,1,0.17147341198132388,55
5327,1,8656,4307,4349,0,0,0,1.0,1,1.0,1,1.0,1,0.1740030096846304,56
5328,3,8659,4310,4349,0,0,0,1.0,1,1.0,1,1.0,1,0.1931413603327699,57
5329,4,8663,4310,4353,0,0,0,1.0,1,1.0,1,1.0,1,0.110422035104142,57
5330,0,8663,4310,4353,0,0,0,1.0,1,1.0,1,1.0,1,0.09708801506873986,56
5331,0,8663,4310,4353,0,0,0,1.0,1,1.0,1,1.0,1,0.10998252939700982,57
5332,0,8663,4310,4353,0,0,0,1.0,1,1.0,1,1.0,1,0.11968666275907751,58
5333,0,8663,4310,4353,0,0,0,1.0,1,1.0,1,1.0,1,0.13172967267587746,59
5334,1,8664,4311,4353,0,0,0,1.0,1,1.0,1,1.0,1,0.14266541209860126,59
5335,0,8664,4311,4353,0,0,0,1.0,1,1.0,1,1.0,1,0.15901358879099312,58
5336,0,8664,4311,4353,0,0,0,1.0,1,1.0,1,1.0,1,0.16654624388390082,59
5337,0,8664,4311,4353,0,0,0,1.0,1,1.0,1,1.0,1,0.17786169385809972,60
5338,0,8664,4311,4353,0,0,0,1.0,1,1.0,1,1.0,1,0.17786169385809972,60
5339,0,8664,4311,4353,0,0,0,1.0,1,1.0,1,1.0,1,0.17786169385809972,60
5340,3,8667,4313,4354,0,0,0,1.0,1,1.0,1,1.0,1,0.21160311734064893,60
5341,2,8669,4313,4356,0,0,0,1.0,1,1.0,1,1.0,1,0.1790890925371281,61
5342,2,8671,4315,4356,0,0,0,1.0,1,1.0,1,1.0,1,0.22881942992515025,59
5343,5,8676,4317,4359,0,0,0,1.0,1,1.0,1,1.0,1,0.18394518671645382,58
5344,2,8678,4319,4359,0,0,0,1.0,1,1.0,1,1.0,1,0.23747975022701473,58
5345,5,8683,4323,4360,0,0,0,1.0,1,1.0,1,1.0,1,0.194350055448882,54
5346,1,8684,4323,4361,0,0,0,1.0,1,1.0,1,1.0,1,0.18222668434899933,54
5347,4,8688,4327,4361,0,0,0,1.0,1,1.0,1,1.0,1,0.187317230953727,54
5348,3,8691,4328,4363,0,0,0,1.0,1,1.0,1,1.0,1,0.166128878318261,55
5349,4,8695,4329,4366,0,0,0,1.0,1,1.0,1,1.0,1,0.1628377659893181,56
5350,1,8696,4329,4367,0,0,0,1.0,1,1.0,1,1.0,1,0.18833802085948287,56
5351,1,8697,4330,4367,0,0,0,1.0,1,1.0,1,1.0,1,0.1712844806120003,57
5352,2,8699,4331,4368,0,0,0,1.0,1,1.0,1,1.0,1,0.20682585033961,57
5353,2,8701,4332,4369,0,0,0,1.0,1,1.0,1,1.0,1,0.1668584513267762,57
5354,0,8701,4332,4369,0,0,0,1.0,1,1.0,1,1.0,1,0.17172938865778506,56
5355,2,8703,4332,4371,0,0,0,1.0,1,1.0,1,1.0,1,0.1401488278038267,57
5356,0,8703,4332,4371,0,0,0,1.0,1,1.0,1,1.0,1,0.15534841417689496,56
5357,2,8705,4332,4373,0,0,0,1.0,1,1.0,1,1.0,1,0.1461670762242449,56
5358,0,8705,4332,4373,0,0,0,1.0,1,1.0,1,1.0,1,0.13426849963819482,57
5359,0,8705,4332,4373,0,0,0,1.0,1,1.0,1,1.0,1,0.13426849963819482,57
5360,1,8706,4333,4373,0,0,0,1.0,1,1.0,1,1.0,1,0.15977207547084857,55
5361,2,8708,4334,4374,0,0,0,1.0,1,1.0,1,1.0,1,0.17489125379708406,56
5362,1,8709,4335,4374,0,0,0,1.0,1,1.0,1,1.0,1,0.1846409593736055,57
5363,0,8709,4335,4374,0,0,0,1.0,1,1.0,1,1.0,1,0.1846409593736055,57
5364,2,8711,4335,4376,0,0,0,1.0,1,1.0,1,1.0,1,0.16866121884800375,58
5365,0,8711,4335,4376,0,0,0,1.0,1,1.0,1,1.0,1,0.16304469448380576,59
5366,6,8717,4338,4379,0,0,0,1.0,1,1.0,1,1.0,1,0.15607053540235594,60
5367,1,8718,4339,4379,0,0,0,1.0,1,1.0,1,1.0,1,0.1655576998643876,60
5368,1,8719,4340,4379,0,0,0,1.0,1,1.0,1,1.0,1,0.17717560636914004,58
5369,1,8720,4341,4379,0,0,0,1.0,1,1.0,1,1.0,1,0.17232491419967397,58
5370,1,8721,4342,4379,0,0,0,1.0,1,1.0,1,1.0,1,0.19017291538470793,57
5371,3,8724,4343,4381,0,0,0,1.0,1,1.0,1,1.0,1,0.19916456347493502,56
5372,3,8727,4346,4381,0,0,0,1.0,1,1.0,1,1.0,1,0.2024107824068617,55
5373,5,8732,4349,4383,0,0,0,1.0,1,1.0,1,1.0,1,0.20155915257629156,54
5374,1,8733,4350,4383,0,0,0,1.0,1,1.0,1,1.0,1,0.2026990147158578,53
5375,4,8737,4351,4386,0,0,0,1.0,1,1.0,1,1.0,1,0.20924770339390655,52
5376,3,8740,4351,4389,0,0,0,1.0,1,1.0,1,1.0,1,0.1474189798303366,52
5377,0,8740,4351,4389,0,0,0,1.0,1,1.0,1,1.0,1,0.15521194795871204,51
5378,3,8743,4353,4390,0,0,0,1.0,1,1.0,1,1.0,1,0.1958314411752434,52
5379,0,8743,4353,4390,0,0,0,1.0,1,1.0,1,1.0,1,0.17659030128795264,50
5380,6,8749,4356,4393,0,0,0,1.0,1,1.0,1,1.0,1,0.2268309749244071,51
5381,0,8749,4356,4393,0,0,0,1.0,1,1.0,1,1.0,1,0.20154130476125182,50
5382,1,8750,4356,4394,0,0,0,1.0,1,1.0,1,1.0,1,0.18256202298865398,48
5383,2,8752,4356,4396,0,0,0,1.0,1,1.0,1,1.0,1,0.17661948715416684,48
5384,1,8753,4356,4397,0,0,0,1.0,1,1.0,1,1.0,1,0.16361105163529246,48
5385,0,8753,4356,4397,0,0,0,1.0,1,1.0,1,1.0,1,0.15768664448021813,47
5386,2,8755,4358,4397,0,0,0,1.0,1,1.0,1,1.0,1,0.17226647883999302,48
5387,1,8756,4359,4397,0,0,0,1.0,1,1.0,1,1.0,1,0.1642359592991616,48
5388,0,8756,4359,4397,0,0,0,1.0,1,1.0,1,1.0,1,0.1642359592991616,48
5389,0,8756,4359,4397,0,0,0,1.0,1,1.0,1,1.0,1,0.15928772726170326,50
5390,3,8759,4361,4398,0,0,0,1.0,1,1.0,1,1.0,1,0.16054979417750728,52
5391,1,8760,4362,4398,0,0,0,1.0,1,1.0,1,1.0,1,0.1827205686343895,52
5392,1,8761,4362,4399,0,0,0,1.0,1,1.0,1,1.0,1,0.1643529206717849,51
5393,2,8763,4364,4399,0,0,0,1.0,1,1.0,1,1.0,1,0.22322567463248436,50
5394,1,8764,4365,4399,0,0,0,1.0,1,1.0,1,1.0,1,0.24874278523156299,50
5395,6,8770,4369,4401,0,0,0,1.0,1,1.0,1,1.0,1,0.24103254877638905,49
5396,3,8773,4370,4403,0,0,0,1.0,1,1.0,1,1.0,1,0.2086690877557991,48
5397,1,8774,4371,4403,0,0,0,1.0,1,1.0,1,1.0,1,0.2267611125913648,48
5398,0,8774,4371,4403,0,0,0,1.0,1,1.0,1,1.0,1,0.23629323213016545,46
5399,3,8777,4374,4403,0,0,0,1.0,1,1.0,1,1.0,1,0.2437203395214054,46
5400,4,8781,4376,4405,0,0,0,1.0,1,1.0,1,1.0,1,0.2700462740703563,48
5401,2,8783,4376,4407,0,0,0,1.0,1,1.0,1,1.0,1,0.22535973625149372,49
5402,0,8783,4376,4407,0,0,0,1.0,1,1.0,1,1.0,1,0.0,0
