,SuccessfulHandoverCount,TotalSuccessfulHandoverCount,TotalSuccessfulHandoverCountRange,TotalSuccessfulHandoverCountLoadBalancing,TotalSuccessfulHandoverCountOverload,FailedHandoverCount,TotalFailedHandoverCount,AvgQoS,MinQoS,AvgQoS_LoadBased,MinQoS_LoadBased,AvgQoS_RangeBased,MinQoS_RangeBased,GiniLoad,VehicleCount
0,0,0,0,0,0,0,0,1.0,1.0,1.0,1.0,1.0,1,0.0,0
1,0,0,0,0,0,0,0,1.0,1.0,1.0,1.0,1.0,1,0.5196676988036508,26
2,3,3,3,0,0,0,0,1.0,1.0,1.0,1.0,1.0,1,0.5360700648692991,27
3,5,8,8,0,0,0,0,1.0,1.0,1.0,1.0,1.0,1,0.5471778708754458,28
4,2,10,10,0,0,0,0,1.0,1.0,1.0,1.0,1.0,1,0.5338276095855322,29
5,5,15,15,0,0,0,0,1.0,1.0,1.0,1.0,1.0,1,0.5920753106137387,29
6,0,15,15,0,0,0,0,1.0,1.0,1.0,1.0,1.0,1,0.548022579200897,32
7,2,17,17,0,0,0,0,1.0,1.0,1.0,1.0,1.0,1,0.5540896196028783,33
8,2,19,19,0,0,0,0,1.0,1.0,1.0,1.0,1.0,1,0.4946378521604471,35
9,5,24,24,0,0,0,0,1.0,1.0,1.0,1.0,1.0,1,0.48217171878853243,35
10,1,25,25,0,0,0,0,1.0,1.0,1.0,1.0,1.0,1,0.48813862830381394,35
11,1,26,26,0,0,0,0,1.0,1.0,1.0,1.0,1.0,1,0.4506424333302859,35
12,2,28,28,0,0,0,0,1.0,1.0,1.0,1.0,1.0,1,0.459153331381592,34
13,2,30,30,0,0,0,0,1.0,1.0,1.0,1.0,1.0,1,0.48496546006623686,32
14,1,31,31,0,0,0,0,1.0,1.0,1.0,1.0,1.0,1,0.5133850683622739,31
15,1,32,32,0,0,0,0,1.0,1.0,1.0,1.0,1.0,1,0.5221233234684288,30
16,1,33,33,0,0,0,0,1.0,1.0,1.0,1.0,1.0,1,0.5314772818044121,30
17,0,33,33,0,0,0,0,1.0,1.0,1.0,1.0,1.0,1,0.5170638733093338,29
18,1,34,34,0,0,0,0,1.0,1.0,1.0,1.0,1.0,1,0.5165434509008725,29
19,6,40,40,0,0,0,0,1.0,1.0,1.0,1.0,1.0,1,0.45901255743511227,28
20,7,47,47,0,0,0,0,1.0,1.0,1.0,1.0,1.0,1,0.5003414929493384,28
21,4,51,51,0,0,0,0,1.0,1.0,1.0,1.0,1.0,1,0.6154897358842295,28
22,6,57,57,0,0,0,0,1.0,1.0,1.0,1.0,1.0,1,0.5896999737223703,28
23,3,60,60,0,0,0,0,1.0,1.0,1.0,1.0,1.0,1,0.6420354997150494,27
24,7,67,67,0,0,0,0,1.0,1.0,1.0,1.0,1.0,1,0.6453238784582849,28
25,2,69,69,0,0,0,0,1.0,1.0,1.0,1.0,1.0,1,0.6189023753999728,28
26,5,74,74,0,0,0,0,1.0,1.0,1.0,1.0,1.0,1,0.46846108722921803,30
27,0,74,74,0,0,0,0,1.0,1.0,1.0,1.0,1.0,1,0.459514527835158,30
28,3,77,77,0,0,0,0,1.0,1.0,1.0,1.0,1.0,1,0.41295531269117924,31
29,1,78,78,0,0,0,0,1.0,1.0,1.0,1.0,1.0,1,0.4347610560892217,30
30,1,79,79,0,0,0,0,1.0,1.0,1.0,1.0,1.0,1,0.45352965967122505,30
31,4,83,83,0,0,0,0,1.0,1.0,1.0,1.0,1.0,1,0.5538976632680952,31
32,1,84,84,0,0,0,0,1.0,1.0,1.0,1.0,1.0,1,0.5729875356778841,31
33,3,87,87,0,0,0,0,1.0,1.0,1.0,1.0,1.0,1,0.6003738462598563,31
34,1,88,88,0,0,0,0,1.0,1.0,1.0,1.0,1.0,1,0.6327550771264765,29
35,2,90,90,0,0,0,0,1.0,1.0,1.0,1.0,1.0,1,0.6418776004154192,30
36,1,91,91,0,0,0,0,1.0,1.0,1.0,1.0,1.0,1,0.6543373846150683,30
37,2,93,93,0,0,0,0,1.0,1.0,1.0,1.0,1.0,1,0.6463692586571163,31
38,2,95,95,0,0,0,0,1.0,1.0,1.0,1.0,1.0,1,0.6217768432571247,32
39,1,96,96,0,0,0,0,1.0,1.0,1.0,1.0,1.0,1,0.5670035173301896,36
40,0,96,96,0,0,0,0,1.0,1.0,1.0,1.0,1.0,1,0.5637210130362047,37
41,1,97,97,0,0,0,0,1.0,1.0,1.0,1.0,1.0,1,0.5559995456683373,37
42,1,98,98,0,0,0,0,1.0,1.0,1.0,1.0,1.0,1,0.5388761730925868,38
43,2,100,100,0,0,0,0,1.0,1.0,1.0,1.0,1.0,1,0.5420046748699103,40
44,1,101,101,0,0,0,0,1.0,1.0,1.0,1.0,1.0,1,0.5640462667155756,39
45,2,103,103,0,0,0,0,1.0,1.0,1.0,1.0,1.0,1,0.5380705805084139,40
46,0,103,103,0,0,0,0,1.0,1.0,1.0,1.0,1.0,1,0.5411810080182836,39
47,0,103,103,0,0,0,0,1.0,1.0,1.0,1.0,1.0,1,0.5411810080182836,39
48,1,104,104,0,0,0,0,1.0,1.0,1.0,1.0,1.0,1,0.5458207072226956,39
49,0,104,104,0,0,0,0,1.0,1.0,1.0,1.0,1.0,1,0.5273081368705224,37
50,4,108,108,0,0,0,0,1.0,1.0,1.0,1.0,1.0,1,0.500123365112346,35
51,0,108,108,0,0,0,0,1.0,1.0,1.0,1.0,1.0,1,0.4924580802662106,34
52,3,111,111,0,0,0,0,1.0,1.0,1.0,1.0,1.0,1,0.5301763414341111,34
53,4,115,115,0,0,0,0,1.0,1.0,1.0,1.0,1.0,1,0.5354866293282772,35
54,1,116,116,0,0,0,0,1.0,1.0,1.0,1.0,1.0,1,0.5578962830260058,36
55,6,122,122,0,0,0,0,1.0,1.0,1.0,1.0,1.0,1,0.5907777998879442,36
56,3,125,125,0,0,0,0,1.0,1.0,1.0,1.0,1.0,1,0.6050138116661318,36
57,4,129,129,0,0,0,0,1.0,1.0,1.0,1.0,1.0,1,0.580912485095363,37
58,2,131,131,0,0,0,0,1.0,1.0,1.0,1.0,1.0,1,0.5084208088108214,38
59,1,132,132,0,0,0,0,1.0,1.0,1.0,1.0,1.0,1,0.5326532765943792,37
60,2,134,134,0,0,0,0,1.0,1.0,1.0,1.0,1.0,1,0.4792288990270193,38
61,2,136,136,0,0,0,0,1.0,1.0,1.0,1.0,1.0,1,0.4932074129656876,37
62,5,141,141,0,0,0,0,1.0,1.0,1.0,1.0,1.0,1,0.5502563497785906,39
63,3,144,144,0,0,0,0,1.0,1.0,1.0,1.0,1.0,1,0.5440431293784834,39
64,5,149,149,0,0,0,0,1.0,1.0,1.0,1.0,1.0,1,0.5420731423250355,38
65,3,152,152,0,0,0,0,1.0,1.0,1.0,1.0,1.0,1,0.48191103640474187,39
66,2,154,154,0,0,0,0,1.0,1.0,1.0,1.0,1.0,1,0.47912602067304083,39
67,2,156,156,0,0,0,0,1.0,1.0,1.0,1.0,1.0,1,0.45026780525248056,36
68,1,157,157,0,0,0,0,1.0,1.0,1.0,1.0,1.0,1,0.5093092803616575,36
69,0,157,157,0,0,0,0,1.0,1.0,1.0,1.0,1.0,1,0.5126126513048812,37
70,1,158,158,0,0,0,0,1.0,1.0,1.0,1.0,1.0,1,0.5380121560741774,36
71,1,159,159,0,0,0,0,1.0,1.0,1.0,1.0,1.0,1,0.5226480673606423,38
72,0,159,159,0,0,0,0,1.0,1.0,1.0,1.0,1.0,1,0.5226480673606423,38
73,2,161,161,0,0,0,0,1.0,1.0,1.0,1.0,1.0,1,0.5212960630964126,37
74,2,163,163,0,0,0,0,1.0,1.0,1.0,1.0,1.0,1,0.51605949663029,38
75,3,166,166,0,0,0,0,1.0,1.0,1.0,1.0,1.0,1,0.5222133937548787,38
76,3,169,169,0,0,0,0,1.0,1.0,1.0,1.0,1.0,1,0.4784543551900912,39
77,3,172,172,0,0,0,0,1.0,1.0,1.0,1.0,1.0,1,0.4807545310890229,40
78,1,173,173,0,0,0,0,1.0,1.0,1.0,1.0,1.0,1,0.4700217727434381,41
79,0,173,173,0,0,0,0,1.0,1.0,1.0,1.0,1.0,1,0.4700217727434381,41
80,0,173,173,0,0,0,0,1.0,1.0,1.0,1.0,1.0,1,0.4700217727434381,41
81,4,177,177,0,0,0,0,1.0,1.0,1.0,1.0,1.0,1,0.4664002210690937,41
82,0,177,177,0,0,0,0,1.0,1.0,1.0,1.0,1.0,1,0.48465592748971276,44
83,1,178,178,0,0,0,0,1.0,1.0,1.0,1.0,1.0,1,0.4982207228824292,44
84,2,180,180,0,0,0,0,1.0,1.0,1.0,1.0,1.0,1,0.5074420832417444,45
85,1,181,181,0,0,0,0,1.0,1.0,1.0,1.0,1.0,1,0.520243301913905,45
86,2,183,183,0,0,0,0,1.0,1.0,1.0,1.0,1.0,1,0.5478801703206017,45
87,1,184,184,0,0,0,0,1.0,1.0,1.0,1.0,1.0,1,0.5518266117892168,44
88,0,184,184,0,0,0,0,1.0,1.0,1.0,1.0,1.0,1,0.5518266117892168,44
89,1,185,185,0,0,0,0,1.0,1.0,1.0,1.0,1.0,1,0.5420103160302828,43
90,0,185,185,0,0,0,0,1.0,1.0,1.0,1.0,1.0,1,0.5483172758463934,44
91,0,185,185,0,0,0,0,1.0,1.0,1.0,1.0,1.0,1,0.5483172758463934,44
92,2,187,187,0,0,0,0,1.0,1.0,1.0,1.0,1.0,1,0.5352705377006999,43
93,1,188,188,0,0,0,0,1.0,1.0,1.0,1.0,1.0,1,0.5537624739449261,44
94,2,190,190,0,0,0,0,1.0,1.0,1.0,1.0,1.0,1,0.5771591738026132,44
95,1,191,191,0,0,0,0,1.0,1.0,1.0,1.0,1.0,1,0.5832649147353948,43
96,3,194,194,0,0,0,0,1.0,1.0,1.0,1.0,1.0,1,0.6034093505190491,44
97,1,195,195,0,0,0,0,1.0,1.0,1.0,1.0,1.0,1,0.6125890235326645,44
98,2,197,197,0,0,0,0,1.0,1.0,1.0,1.0,1.0,1,0.6315743195296486,43
99,3,200,200,0,0,0,0,1.0,1.0,1.0,1.0,1.0,1,0.6391628111768798,43
100,3,203,203,0,0,0,0,1.0,1.0,1.0,1.0,1.0,1,0.6106118704765332,47
101,2,205,205,0,0,0,0,1.0,1.0,1.0,1.0,1.0,1,0.6270497453381465,47
102,9,214,214,0,0,0,0,1.0,1.0,1.0,1.0,1.0,1,0.6051927802171023,47
103,5,219,219,0,0,0,0,1.0,1.0,1.0,1.0,1.0,1,0.6134914064755485,46
104,7,226,226,0,0,0,0,1.0,1.0,1.0,1.0,1.0,1,0.6102311168134581,45
105,3,229,229,0,0,0,0,1.0,1.0,1.0,1.0,1.0,1,0.6010189416443823,44
106,6,235,235,0,0,0,0,1.0,1.0,1.0,1.0,1.0,1,0.6076435026985636,45
107,5,240,240,0,0,0,0,1.0,1.0,1.0,1.0,1.0,1,0.5506650839905027,44
108,4,244,244,0,0,0,0,1.0,1.0,1.0,1.0,1.0,1,0.5434201178525672,46
109,5,249,249,0,0,0,0,1.0,1.0,1.0,1.0,1.0,1,0.5279650191277803,46
110,5,254,254,0,0,0,0,1.0,1.0,1.0,1.0,1.0,1,0.5127255349197987,46
111,4,258,258,0,0,0,0,1.0,1.0,1.0,1.0,1.0,1,0.49792118817585335,46
112,3,261,261,0,0,0,0,1.0,1.0,1.0,1.0,1.0,1,0.5505127095452382,46
113,2,263,263,0,0,0,0,1.0,1.0,1.0,1.0,1.0,1,0.5361747936051474,46
114,0,263,263,0,0,0,0,1.0,1.0,1.0,1.0,1.0,1,0.5361747936051474,46
115,2,265,265,0,0,0,0,1.0,1.0,1.0,1.0,1.0,1,0.5016054658569977,47
116,2,267,267,0,0,0,0,1.0,1.0,1.0,1.0,1.0,1,0.495992202716964,47
117,1,268,268,0,0,0,0,1.0,1.0,1.0,1.0,1.0,1,0.4927267200871446,45
118,1,269,269,0,0,0,0,1.0,1.0,1.0,1.0,1.0,1,0.46810773607411454,46
119,0,269,269,0,0,0,0,1.0,1.0,1.0,1.0,1.0,1,0.48152101796442576,46
120,0,269,269,0,0,0,0,1.0,1.0,1.0,1.0,1.0,1,0.4743628159588654,47
121,0,269,269,0,0,0,0,1.0,1.0,1.0,1.0,1.0,1,0.4814626891723649,46
122,0,269,269,0,0,0,0,1.0,1.0,1.0,1.0,1.0,1,0.4814626891723649,46
123,2,271,271,0,0,0,0,1.0,1.0,1.0,1.0,1.0,1,0.5236688500926797,45
124,2,273,273,0,0,0,0,1.0,1.0,1.0,1.0,1.0,1,0.5313864795629114,46
125,4,277,277,0,0,0,0,1.0,1.0,1.0,1.0,1.0,1,0.5736798814264359,44
126,5,282,282,0,0,0,0,0.9673606160371215,0.9361403357248032,0.9673606160371215,0.9361403357248032,1.0,1,0.6101209887388583,45
127,6,288,288,0,0,0,0,1.0,1.0,1.0,1.0,1.0,1,0.5356207124898649,45
128,5,293,293,0,0,0,0,1.0,1.0,1.0,1.0,1.0,1,0.5931662323852865,46
129,6,299,299,0,0,0,0,0.9867728302215445,0.9711407204833696,0.9867728302215445,0.9711407204833696,1.0,1,0.5744478475282803,48
130,3,302,302,0,0,0,0,1.0,1.0,1.0,1.0,1.0,1,0.5398989147963323,48
131,7,309,309,0,0,0,0,1.0,1.0,1.0,1.0,1.0,1,0.5636281704606275,49
132,1,310,310,0,0,0,0,1.0,1.0,1.0,1.0,1.0,1,0.5717184578339083,51
133,3,313,313,0,0,0,0,0.9902128106737873,0.9782012601370718,0.9902128106737873,0.9782012601370718,1.0,1,0.5908484551457049,49
134,6,319,319,0,0,0,0,1.0,1.0,1.0,1.0,1.0,1,0.564879897472325,49
135,3,322,322,0,0,0,0,1.0,1.0,1.0,1.0,1.0,1,0.5718812589357701,49
136,7,329,329,0,0,0,0,1.0,1.0,1.0,1.0,1.0,1,0.5644441685122843,48
137,6,335,335,0,0,0,0,1.0,1.0,1.0,1.0,1.0,1,0.5681095506109816,47
138,3,338,338,0,0,0,0,1.0,1.0,1.0,1.0,1.0,1,0.5772332153591311,48
139,7,345,345,0,0,0,0,1.0,1.0,1.0,1.0,1.0,1,0.5281770318260814,48
140,2,347,347,0,0,0,0,1.0,1.0,1.0,1.0,1.0,1,0.5258479520669496,49
141,6,353,353,0,0,0,0,1.0,1.0,1.0,1.0,1.0,1,0.5084609241544122,49
142,1,354,354,0,0,0,0,1.0,1.0,1.0,1.0,1.0,1,0.5032127841414796,49
143,3,357,357,0,0,0,0,1.0,1.0,1.0,1.0,1.0,1,0.5496874461543646,47
144,1,358,358,0,0,0,0,1.0,1.0,1.0,1.0,1.0,1,0.5718630422155346,46
145,2,360,360,0,0,0,0,1.0,1.0,1.0,1.0,1.0,1,0.6213088173881545,44
146,2,362,362,0,0,0,0,1.0,1.0,1.0,1.0,1.0,1,0.6306835773676913,44
147,2,364,364,0,0,0,0,1.0,1.0,1.0,1.0,1.0,1,0.5914985078790873,43
148,1,365,365,0,0,0,0,1.0,1.0,1.0,1.0,1.0,1,0.5907380350438489,43
149,2,367,367,0,0,0,0,1.0,1.0,1.0,1.0,1.0,1,0.5738676119912908,43
150,0,367,367,0,0,0,0,1.0,1.0,1.0,1.0,1.0,1,0.5837350559465128,42
151,2,369,369,0,0,0,0,1.0,1.0,1.0,1.0,1.0,1,0.5896902882053131,42
152,2,371,371,0,0,0,0,1.0,1.0,1.0,1.0,1.0,1,0.6190997026154295,42
153,1,372,372,0,0,0,0,1.0,1.0,1.0,1.0,1.0,1,0.6342165476321059,42
154,3,375,375,0,0,0,0,1.0,1.0,1.0,1.0,1.0,1,0.6248516505022287,43
155,5,380,380,0,0,0,0,1.0,1.0,1.0,1.0,1.0,1,0.6464327785489541,43
156,3,383,383,0,0,0,0,1.0,1.0,1.0,1.0,1.0,1,0.6541385936520212,42
157,7,390,390,0,0,0,0,1.0,1.0,1.0,1.0,1.0,1,0.6587045619684121,41
158,6,396,396,0,0,0,0,0.9876775639039472,0.9764753492711717,0.9876775639039472,0.9764753492711717,1.0,1,0.7063501361917902,42
159,3,399,399,0,0,0,0,1.0,1.0,1.0,1.0,1.0,1,0.6542215888039167,43
160,3,402,402,0,0,0,0,1.0,1.0,1.0,1.0,1.0,1,0.6733988173871618,44
161,2,404,404,0,0,0,0,1.0,1.0,1.0,1.0,1.0,1,0.6453847640367933,44
162,2,406,406,0,0,0,0,1.0,1.0,1.0,1.0,1.0,1,0.6862742820086396,45
163,5,411,411,0,0,0,0,1.0,1.0,1.0,1.0,1.0,1,0.6588127920186245,43
164,2,413,413,0,0,0,0,1.0,1.0,1.0,1.0,1.0,1,0.6842024114299456,42
165,3,416,416,0,0,0,0,1.0,1.0,1.0,1.0,1.0,1,0.6709084731890328,42
166,4,420,420,0,0,0,0,1.0,1.0,1.0,1.0,1.0,1,0.6095750573360121,42
167,4,424,424,0,0,0,0,1.0,1.0,1.0,1.0,1.0,1,0.6172480861414577,41
168,1,425,425,0,0,0,0,1.0,1.0,1.0,1.0,1.0,1,0.6052993491556402,40
169,4,429,429,0,0,0,0,1.0,1.0,1.0,1.0,1.0,1,0.5649958751223824,40
170,1,430,430,0,0,0,0,1.0,1.0,1.0,1.0,1.0,1,0.5459387867004065,38
171,2,432,432,0,0,0,0,1.0,1.0,1.0,1.0,1.0,1,0.571350353756866,37
172,2,434,434,0,0,0,0,1.0,1.0,1.0,1.0,1.0,1,0.5826925703712607,35
173,2,436,436,0,0,0,0,1.0,1.0,1.0,1.0,1.0,1,0.6132387931593201,36
174,5,441,441,0,0,0,0,1.0,1.0,1.0,1.0,1.0,1,0.5700723790306661,34
175,1,442,442,0,0,0,0,1.0,1.0,1.0,1.0,1.0,1,0.532937445211366,33
176,2,444,444,0,0,0,0,1.0,1.0,1.0,1.0,1.0,1,0.5471330103019778,34
177,3,447,447,0,0,0,0,1.0,1.0,1.0,1.0,1.0,1,0.5000566739812182,36
178,2,449,449,0,0,0,0,1.0,1.0,1.0,1.0,1.0,1,0.47928424136119735,37
179,2,451,451,0,0,0,0,1.0,1.0,1.0,1.0,1.0,1,0.4619791511656226,37
180,1,452,452,0,0,0,0,1.0,1.0,1.0,1.0,1.0,1,0.46538054621167757,36
181,2,454,454,0,0,0,0,1.0,1.0,1.0,1.0,1.0,1,0.46758834663772486,36
182,2,456,456,0,0,0,0,1.0,1.0,1.0,1.0,1.0,1,0.5040530141118611,38
183,3,459,459,0,0,0,0,1.0,1.0,1.0,1.0,1.0,1,0.4935702967224374,37
184,1,460,460,0,0,0,0,1.0,1.0,1.0,1.0,1.0,1,0.5252990475327448,36
185,4,464,464,0,0,0,0,1.0,1.0,1.0,1.0,1.0,1,0.5866713680739702,35
186,1,465,465,0,0,0,0,1.0,1.0,1.0,1.0,1.0,1,0.6216719897123094,34
187,2,467,467,0,0,0,0,1.0,1.0,1.0,1.0,1.0,1,0.6152040491249052,33
188,1,468,468,0,0,0,0,1.0,1.0,1.0,1.0,1.0,1,0.6227067981962516,33
189,4,472,472,0,0,0,0,1.0,1.0,1.0,1.0,1.0,1,0.6186222871066157,33
190,2,474,474,0,0,0,0,1.0,1.0,1.0,1.0,1.0,1,0.6487702880219895,32
191,3,477,477,0,0,0,0,1.0,1.0,1.0,1.0,1.0,1,0.6532315202133053,34
192,2,479,479,0,0,0,0,1.0,1.0,1.0,1.0,1.0,1,0.6719777047319283,34
193,3,482,482,0,0,0,0,1.0,1.0,1.0,1.0,1.0,1,0.6931992277560508,35
194,2,484,484,0,0,0,0,1.0,1.0,1.0,1.0,1.0,1,0.7060047500945498,37
195,1,485,485,0,0,0,0,1.0,1.0,1.0,1.0,1.0,1,0.7223117121926954,36
196,1,486,486,0,0,0,0,1.0,1.0,1.0,1.0,1.0,1,0.6901730910440915,36
197,0,486,486,0,0,0,0,1.0,1.0,1.0,1.0,1.0,1,0.6775766619208402,37
198,2,488,488,0,0,0,0,0.991458680511678,0.9849510085205754,0.991458680511678,0.9849510085205754,1.0,1,0.6683996381163656,37
199,1,489,489,0,0,0,0,1.0,1.0,1.0,1.0,1.0,1,0.6617657033931728,37
200,4,493,493,0,0,0,0,1.0,1.0,1.0,1.0,1.0,1,0.6413092514163051,37
201,2,495,495,0,0,0,0,1.0,1.0,1.0,1.0,1.0,1,0.6275439615235888,36
202,5,500,500,0,0,0,0,1.0,1.0,1.0,1.0,1.0,1,0.5519792786273244,36
203,4,504,504,0,0,0,0,1.0,1.0,1.0,1.0,1.0,1,0.5294070734338348,35
204,5,509,509,0,0,0,0,1.0,1.0,1.0,1.0,1.0,1,0.513002734895997,35
205,5,514,514,0,0,0,0,1.0,1.0,1.0,1.0,1.0,1,0.4879843704971214,35
206,4,518,518,0,0,0,0,1.0,1.0,1.0,1.0,1.0,1,0.44247323717897424,34
207,4,522,522,0,0,0,0,1.0,1.0,1.0,1.0,1.0,1,0.4815304919300851,34
208,3,525,525,0,0,0,0,1.0,1.0,1.0,1.0,1.0,1,0.40235317535930987,33
209,0,525,525,0,0,0,0,1.0,1.0,1.0,1.0,1.0,1,0.39625560881761535,33
210,3,528,528,0,0,0,0,1.0,1.0,1.0,1.0,1.0,1,0.43177718725993897,34
211,0,528,528,0,0,0,0,1.0,1.0,1.0,1.0,1.0,1,0.4567782106717659,33
212,3,531,531,0,0,0,0,1.0,1.0,1.0,1.0,1.0,1,0.5215968286121067,33
213,1,532,532,0,0,0,0,1.0,1.0,1.0,1.0,1.0,1,0.5298345415235852,35
214,2,534,534,0,0,0,0,1.0,1.0,1.0,1.0,1.0,1,0.5867372131672887,34
215,3,537,537,0,0,0,0,1.0,1.0,1.0,1.0,1.0,1,0.6018400165636837,35
216,3,540,540,0,0,0,0,1.0,1.0,1.0,1.0,1.0,1,0.5897593159863076,36
217,2,542,542,0,0,0,0,1.0,1.0,1.0,1.0,1.0,1,0.5822047415467932,36
218,0,542,542,0,0,0,0,1.0,1.0,1.0,1.0,1.0,1,0.5822047415467932,36
219,7,549,549,0,0,0,0,1.0,1.0,1.0,1.0,1.0,1,0.5255367024587708,37
220,3,552,552,0,0,0,0,1.0,1.0,1.0,1.0,1.0,1,0.5138316433738255,38
221,4,556,556,0,0,0,0,1.0,1.0,1.0,1.0,1.0,1,0.542426366495998,37
222,4,560,560,0,0,0,0,1.0,1.0,1.0,1.0,1.0,1,0.5687371890452817,38
223,1,561,561,0,0,0,0,1.0,1.0,1.0,1.0,1.0,1,0.5882710014011708,38
224,7,568,568,0,0,0,0,1.0,1.0,1.0,1.0,1.0,1,0.6191537064114918,38
225,4,572,572,0,0,0,0,1.0,1.0,1.0,1.0,1.0,1,0.6325103553586104,36
226,7,579,579,0,0,0,0,1.0,1.0,1.0,1.0,1.0,1,0.5830638664993628,37
227,3,582,582,0,0,0,0,1.0,1.0,1.0,1.0,1.0,1,0.5877668519912342,35
228,8,590,590,0,0,0,0,1.0,1.0,1.0,1.0,1.0,1,0.5156978458205985,35
229,8,598,598,0,0,0,0,1.0,1.0,1.0,1.0,1.0,1,0.5067282258700541,35
230,4,602,602,0,0,0,0,1.0,1.0,1.0,1.0,1.0,1,0.5139154345527313,35
231,4,606,606,0,0,0,0,1.0,1.0,1.0,1.0,1.0,1,0.48962901928276986,35
232,3,609,609,0,0,0,0,1.0,1.0,1.0,1.0,1.0,1,0.47353385002856024,36
233,3,612,612,0,0,0,0,1.0,1.0,1.0,1.0,1.0,1,0.5094517858998879,36
234,0,612,612,0,0,0,0,1.0,1.0,1.0,1.0,1.0,1,0.5188934778252517,34
235,4,616,616,0,0,0,0,1.0,1.0,1.0,1.0,1.0,1,0.5402841625718745,33
236,3,619,619,0,0,0,0,1.0,1.0,1.0,1.0,1.0,1,0.5500950117549431,31
237,1,620,620,0,0,0,0,1.0,1.0,1.0,1.0,1.0,1,0.5449440844324562,32
238,0,620,620,0,0,0,0,1.0,1.0,1.0,1.0,1.0,1,0.5595656326293736,31
239,0,620,620,0,0,0,0,1.0,1.0,1.0,1.0,1.0,1,0.5360944770381512,30
240,2,622,622,0,0,0,0,1.0,1.0,1.0,1.0,1.0,1,0.565403265552847,27
241,2,624,624,0,0,0,0,1.0,1.0,1.0,1.0,1.0,1,0.5668520691739595,27
242,2,626,626,0,0,0,0,1.0,1.0,1.0,1.0,1.0,1,0.5234292073898251,28
243,4,630,630,0,0,0,0,1.0,1.0,1.0,1.0,1.0,1,0.5492485156748615,28
244,1,631,631,0,0,0,0,1.0,1.0,1.0,1.0,1.0,1,0.4775859135730056,27
245,2,633,633,0,0,0,0,1.0,1.0,1.0,1.0,1.0,1,0.5017673006661842,27
246,1,634,634,0,0,0,0,1.0,1.0,1.0,1.0,1.0,1,0.5204067441963712,25
247,0,634,634,0,0,0,0,1.0,1.0,1.0,1.0,1.0,1,0.5538310022539965,24
248,0,634,634,0,0,0,0,1.0,1.0,1.0,1.0,1.0,1,0.553179419244823,24
249,3,637,637,0,0,0,0,1.0,1.0,1.0,1.0,1.0,1,0.5798994106776525,25
250,0,637,637,0,0,0,0,1.0,1.0,1.0,1.0,1.0,1,0.5870874619930574,27
251,3,640,640,0,0,0,0,1.0,1.0,1.0,1.0,1.0,1,0.6082526968715775,27
252,0,640,640,0,0,0,0,1.0,1.0,1.0,1.0,1.0,1,0.6082526968715775,27
253,3,643,643,0,0,0,0,1.0,1.0,1.0,1.0,1.0,1,0.5644759418358424,29
254,2,645,645,0,0,0,0,1.0,1.0,1.0,1.0,1.0,1,0.5552964201423715,30
255,1,646,646,0,0,0,0,1.0,1.0,1.0,1.0,1.0,1,0.5303720752279126,31
256,3,649,649,0,0,0,0,1.0,1.0,1.0,1.0,1.0,1,0.5274029025745597,31
257,3,652,652,0,0,0,0,1.0,1.0,1.0,1.0,1.0,1,0.4691836304166176,33
258,2,654,654,0,0,0,0,1.0,1.0,1.0,1.0,1.0,1,0.46346318946028475,33
259,5,659,659,0,0,0,0,1.0,1.0,1.0,1.0,1.0,1,0.4606441583972507,33
260,3,662,662,0,0,0,0,1.0,1.0,1.0,1.0,1.0,1,0.501994364380473,35
261,3,665,665,0,0,0,0,1.0,1.0,1.0,1.0,1.0,1,0.548523941406121,35
262,3,668,668,0,0,0,0,1.0,1.0,1.0,1.0,1.0,1,0.5679616245406346,35
263,3,671,671,0,0,0,0,1.0,1.0,1.0,1.0,1.0,1,0.5841957721190095,34
264,1,672,672,0,0,0,0,1.0,1.0,1.0,1.0,1.0,1,0.563308242393362,32
265,2,674,674,0,0,0,0,1.0,1.0,1.0,1.0,1.0,1,0.5710356996228337,30
266,3,677,677,0,0,0,0,1.0,1.0,1.0,1.0,1.0,1,0.5758382343267863,31
267,2,679,679,0,0,0,0,1.0,1.0,1.0,1.0,1.0,1,0.6383017849772892,30
268,3,682,682,0,0,0,0,1.0,1.0,1.0,1.0,1.0,1,0.6340969877664949,31
269,2,684,684,0,0,0,0,1.0,1.0,1.0,1.0,1.0,1,0.6629351422047692,31
270,1,685,685,0,0,0,0,1.0,1.0,1.0,1.0,1.0,1,0.6607420222670324,32
271,1,686,686,0,0,0,0,1.0,1.0,1.0,1.0,1.0,1,0.6828308409739383,31
272,0,686,686,0,0,0,0,1.0,1.0,1.0,1.0,1.0,1,0.7013650206239836,32
273,2,688,688,0,0,0,0,1.0,1.0,1.0,1.0,1.0,1,0.7293727662380692,32
274,0,688,688,0,0,0,0,1.0,1.0,1.0,1.0,1.0,1,0.7293727662380692,32
275,2,690,690,0,0,0,0,1.0,1.0,1.0,1.0,1.0,1,0.7393240600803882,33
276,0,690,690,0,0,0,0,1.0,1.0,1.0,1.0,1.0,1,0.7426219497123291,34
277,3,693,693,0,0,0,0,1.0,1.0,1.0,1.0,1.0,1,0.7193699323557318,32
278,1,694,694,0,0,0,0,1.0,1.0,1.0,1.0,1.0,1,0.6863570027773542,31
279,3,697,697,0,0,0,0,1.0,1.0,1.0,1.0,1.0,1,0.6531902662129688,31
280,3,700,700,0,0,0,0,1.0,1.0,1.0,1.0,1.0,1,0.6530364790981052,30
281,5,705,705,0,0,0,0,1.0,1.0,1.0,1.0,1.0,1,0.6670057175097548,31
282,4,709,709,0,0,0,0,1.0,1.0,1.0,1.0,1.0,1,0.632516889090732,30
283,2,711,711,0,0,0,0,1.0,1.0,1.0,1.0,1.0,1,0.6525674240203754,31
284,3,714,714,0,0,0,0,1.0,1.0,1.0,1.0,1.0,1,0.6146349551684731,31
285,3,717,717,0,0,0,0,1.0,1.0,1.0,1.0,1.0,1,0.5800732923209049,31
286,1,718,718,0,0,0,0,1.0,1.0,1.0,1.0,1.0,1,0.5782039664907332,31
287,2,720,720,0,0,0,0,1.0,1.0,1.0,1.0,1.0,1,0.5655909522686174,33
288,0,720,720,0,0,0,0,1.0,1.0,1.0,1.0,1.0,1,0.5288193137444457,32
289,2,722,722,0,0,0,0,1.0,1.0,1.0,1.0,1.0,1,0.5063061641904135,32
290,0,722,722,0,0,0,0,1.0,1.0,1.0,1.0,1.0,1,0.49713284345822195,31
291,0,722,722,0,0,0,0,1.0,1.0,1.0,1.0,1.0,1,0.516258821200413,30
292,1,723,723,0,0,0,0,1.0,1.0,1.0,1.0,1.0,1,0.4883878035103995,32
293,0,723,723,0,0,0,0,1.0,1.0,1.0,1.0,1.0,1,0.4883878035103995,32
294,2,725,725,0,0,0,0,1.0,1.0,1.0,1.0,1.0,1,0.5194641383136516,32
295,2,727,727,0,0,0,0,1.0,1.0,1.0,1.0,1.0,1,0.5268407953132539,34
296,2,729,729,0,0,0,0,1.0,1.0,1.0,1.0,1.0,1,0.5182972357894303,34
297,0,729,729,0,0,0,0,1.0,1.0,1.0,1.0,1.0,1,0.5182972357894303,34
298,2,731,731,0,0,0,0,1.0,1.0,1.0,1.0,1.0,1,0.5452969952477221,35
299,3,734,734,0,0,0,0,1.0,1.0,1.0,1.0,1.0,1,0.5522980410130846,35
300,3,737,737,0,0,0,0,1.0,1.0,1.0,1.0,1.0,1,0.6072994572798506,35
301,1,738,738,0,0,0,0,1.0,1.0,1.0,1.0,1.0,1,0.5974392566658635,38
302,5,743,743,0,0,0,0,1.0,1.0,1.0,1.0,1.0,1,0.6314332315307972,38
303,3,746,746,0,0,0,0,1.0,1.0,1.0,1.0,1.0,1,0.6578960327841864,37
304,2,748,748,0,0,0,0,1.0,1.0,1.0,1.0,1.0,1,0.6732427755770233,37
305,6,754,754,0,0,0,0,1.0,1.0,1.0,1.0,1.0,1,0.6250153813394816,36
306,4,758,758,0,0,0,0,1.0,1.0,1.0,1.0,1.0,1,0.6381429973761714,36
307,2,760,760,0,0,0,0,1.0,1.0,1.0,1.0,1.0,1,0.6497358636079154,35
308,2,762,762,0,0,0,0,1.0,1.0,1.0,1.0,1.0,1,0.6278324217872959,37
309,0,762,762,0,0,0,0,1.0,1.0,1.0,1.0,1.0,1,0.6278324217872959,37
310,1,763,763,0,0,0,0,1.0,1.0,1.0,1.0,1.0,1,0.6452135030634739,37
311,0,763,763,0,0,0,0,1.0,1.0,1.0,1.0,1.0,1,0.6262115700677029,39
312,0,763,763,0,0,0,0,1.0,1.0,1.0,1.0,1.0,1,0.6141936456667559,40
313,2,765,765,0,0,0,0,1.0,1.0,1.0,1.0,1.0,1,0.6265537702484787,39
314,1,766,766,0,0,0,0,1.0,1.0,1.0,1.0,1.0,1,0.6213166060285482,40
315,1,767,767,0,0,0,0,1.0,1.0,1.0,1.0,1.0,1,0.6047067524610513,39
316,2,769,769,0,0,0,0,1.0,1.0,1.0,1.0,1.0,1,0.6435622871923918,39
317,2,771,771,0,0,0,0,1.0,1.0,1.0,1.0,1.0,1,0.6539537746366761,40
318,0,771,771,0,0,0,0,1.0,1.0,1.0,1.0,1.0,1,0.643467334169674,41
319,2,773,773,0,0,0,0,1.0,1.0,1.0,1.0,1.0,1,0.6733024356611562,41
320,0,773,773,0,0,0,0,1.0,1.0,1.0,1.0,1.0,1,0.6733038206153633,41
321,3,776,776,0,0,0,0,1.0,1.0,1.0,1.0,1.0,1,0.6813344268561369,41
322,2,778,778,0,0,0,0,1.0,1.0,1.0,1.0,1.0,1,0.6801667820700967,41
323,2,780,780,0,0,0,0,0.9499603139587414,0.9107988205351475,0.9499603139587414,0.9107988205351475,1.0,1,0.7266784575886226,41
324,1,781,781,0,0,0,0,0.9752890056066137,0.9528244652489896,0.9752890056066137,0.9528244652489896,1.0,1,0.7093732678814627,42
325,3,784,784,0,0,0,0,1.0,1.0,1.0,1.0,1.0,1,0.6742914206182608,42
326,0,784,784,0,0,0,0,1.0,1.0,1.0,1.0,1.0,1,0.6742914206182608,42
327,1,785,785,0,0,0,0,1.0,1.0,1.0,1.0,1.0,1,0.6628537660433921,42
328,1,786,786,0,0,0,0,1.0,1.0,1.0,1.0,1.0,1,0.6671240957276976,43
329,5,791,791,0,0,0,0,0.9344491935977858,0.8825548051960329,0.9344491935977858,0.8825548051960329,1.0,1,0.7174673474779681,43
330,3,794,794,0,0,0,0,0.925353686539759,0.8656366357715662,0.925353686539759,0.8656366357715662,1.0,1,0.6963954086390804,45
331,1,795,795,0,0,0,0,0.9080584460559961,0.8408703874046086,0.9080584460559961,0.8408703874046086,1.0,1,0.703593805555499,45
332,4,799,799,0,0,0,0,0.9390053584166749,0.8856350470312655,0.9390053584166749,0.8856350470312655,1.0,1,0.7110576549963623,45
333,0,799,799,0,0,0,0,0.9403313288858776,0.8856350470312655,0.9403313288858776,0.8856350470312655,1.0,1,0.706975105187485,46
334,1,800,800,0,0,0,0,0.9689413996399198,0.9351820514224412,0.9689413996399198,0.9351820514224412,1.0,1,0.6786218126398438,48
335,1,801,801,0,0,0,0,0.9870163326734698,0.9716719985602976,0.9870163326734698,0.9716719985602976,1.0,1,0.6663436990811117,48
336,1,802,802,0,0,0,0,1.0,1.0,1.0,1.0,1.0,1,0.6517900866119994,48
337,1,803,803,0,0,0,0,0.9860208919432665,0.9688647138736388,0.9860208919432665,0.9688647138736388,1.0,1,0.6521377360020497,49
338,1,804,804,0,0,0,0,1.0,1.0,1.0,1.0,1.0,1,0.6378480778735125,50
339,0,804,804,0,0,0,0,1.0,1.0,1.0,1.0,1.0,1,0.6378480778735125,50
340,2,806,806,0,0,0,0,1.0,1.0,1.0,1.0,1.0,1,0.6365638967945954,50
341,1,807,807,0,0,0,0,0.9931580238916667,0.9841390553852274,0.9931580238916667,0.9841390553852274,1.0,1,0.6432710132069233,51
342,1,808,808,0,0,0,0,1.0,1.0,1.0,1.0,1.0,1,0.6160568213639769,51
343,4,812,812,0,0,0,0,0.9826533682299474,0.9615357295533615,0.9826533682299474,0.9615357295533615,1.0,1,0.6528826172410389,51
344,3,815,815,0,0,0,0,0.962037150934957,0.920910731114494,0.962037150934957,0.920910731114494,1.0,1,0.6630785699014886,50
345,5,820,820,0,0,0,0,1.0,1.0,1.0,1.0,1.0,1,0.6398852734799146,51
346,4,824,824,0,0,0,0,1.0,1.0,1.0,1.0,1.0,1,0.6164134701244632,51
347,2,826,826,0,0,0,0,1.0,1.0,1.0,1.0,1.0,1,0.6084045897572588,51
348,4,830,830,0,0,0,0,1.0,1.0,1.0,1.0,1.0,1,0.5954339098743144,53
349,3,833,833,0,0,0,0,1.0,1.0,1.0,1.0,1.0,1,0.5981863425207787,55
350,4,837,837,0,0,0,0,1.0,1.0,1.0,1.0,1.0,1,0.6017662741138275,54
351,3,840,840,0,0,0,0,1.0,1.0,1.0,1.0,1.0,1,0.6156875435079512,54
352,3,843,843,0,0,0,0,1.0,1.0,1.0,1.0,1.0,1,0.6120932738612525,53
353,3,846,846,0,0,0,0,1.0,1.0,1.0,1.0,1.0,1,0.6051671615965841,53
354,5,851,851,0,0,0,0,1.0,1.0,1.0,1.0,1.0,1,0.6289805521718035,50
355,3,854,854,0,0,0,0,1.0,1.0,1.0,1.0,1.0,1,0.6207450600451814,51
356,2,856,856,0,0,0,0,1.0,1.0,1.0,1.0,1.0,1,0.5995127304646828,51
357,2,858,858,0,0,0,0,1.0,1.0,1.0,1.0,1.0,1,0.5898810570869757,50
358,2,860,860,0,0,0,0,1.0,1.0,1.0,1.0,1.0,1,0.6015815225713652,48
359,3,863,863,0,0,0,0,1.0,1.0,1.0,1.0,1.0,1,0.6151922510392881,47
360,4,867,867,0,0,0,0,1.0,1.0,1.0,1.0,1.0,1,0.628024662094734,45
361,1,868,868,0,0,0,0,1.0,1.0,1.0,1.0,1.0,1,0.6404084485090545,44
362,5,873,873,0,0,0,0,1.0,1.0,1.0,1.0,1.0,1,0.6428917358541469,44
363,4,877,877,0,0,0,0,1.0,1.0,1.0,1.0,1.0,1,0.6000965651937006,44
364,4,881,881,0,0,0,0,1.0,1.0,1.0,1.0,1.0,1,0.5706013129335681,43
365,4,885,885,0,0,0,0,1.0,1.0,1.0,1.0,1.0,1,0.5327343402477295,43
366,1,886,886,0,0,0,0,1.0,1.0,1.0,1.0,1.0,1,0.5279091046508064,45
367,0,886,886,0,0,0,0,1.0,1.0,1.0,1.0,1.0,1,0.5436805639240109,44
368,2,888,888,0,0,0,0,1.0,1.0,1.0,1.0,1.0,1,0.5011358728326033,46
369,0,888,888,0,0,0,0,1.0,1.0,1.0,1.0,1.0,1,0.5191320700669539,45
370,3,891,891,0,0,0,0,1.0,1.0,1.0,1.0,1.0,1,0.508887727229551,46
371,2,893,893,0,0,0,0,1.0,1.0,1.0,1.0,1.0,1,0.5262210541264084,47
372,2,895,895,0,0,0,0,1.0,1.0,1.0,1.0,1.0,1,0.5515867329735163,48
373,1,896,896,0,0,0,0,1.0,1.0,1.0,1.0,1.0,1,0.5757564304042784,48
374,3,899,899,0,0,0,0,1.0,1.0,1.0,1.0,1.0,1,0.5982110896971576,49
375,3,902,902,0,0,0,0,1.0,1.0,1.0,1.0,1.0,1,0.5640776896305231,49
376,3,905,905,0,0,0,0,1.0,1.0,1.0,1.0,1.0,1,0.580154202936301,49
377,4,909,909,0,0,0,0,1.0,1.0,1.0,1.0,1.0,1,0.6158194711815583,49
378,2,911,911,0,0,0,0,1.0,1.0,1.0,1.0,1.0,1,0.6144138529561088,49
379,8,919,919,0,0,0,0,1.0,1.0,1.0,1.0,1.0,1,0.5606947274588615,50
380,3,922,922,0,0,0,0,1.0,1.0,1.0,1.0,1.0,1,0.5457198058483204,50
381,6,928,928,0,0,0,0,1.0,1.0,1.0,1.0,1.0,1,0.5635658343129433,51
382,3,931,931,0,0,0,0,1.0,1.0,1.0,1.0,1.0,1,0.5461231393370827,50
383,1,932,932,0,0,0,0,1.0,1.0,1.0,1.0,1.0,1,0.5476616162312549,51
384,4,936,936,0,0,0,0,1.0,1.0,1.0,1.0,1.0,1,0.5730016024923498,50
385,2,938,938,0,0,0,0,1.0,1.0,1.0,1.0,1.0,1,0.5766381435679655,50
386,1,939,939,0,0,0,0,1.0,1.0,1.0,1.0,1.0,1,0.5966322407113974,48
387,2,941,941,0,0,0,0,1.0,1.0,1.0,1.0,1.0,1,0.5835944936511548,47
388,4,945,945,0,0,0,0,1.0,1.0,1.0,1.0,1.0,1,0.574775376949359,48
389,1,946,946,0,0,0,0,1.0,1.0,1.0,1.0,1.0,1,0.5666186355226454,47
390,3,949,949,0,0,0,0,1.0,1.0,1.0,1.0,1.0,1,0.5670860474108088,49
391,2,951,951,0,0,0,0,1.0,1.0,1.0,1.0,1.0,1,0.5610367321656893,46
392,2,953,953,0,0,0,0,1.0,1.0,1.0,1.0,1.0,1,0.5742798996316402,46
393,4,957,957,0,0,0,0,1.0,1.0,1.0,1.0,1.0,1,0.5366205028502353,44
394,3,960,960,0,0,0,0,1.0,1.0,1.0,1.0,1.0,1,0.5439191983714574,43
395,3,963,963,0,0,0,0,1.0,1.0,1.0,1.0,1.0,1,0.552573357610588,42
396,3,966,966,0,0,0,0,1.0,1.0,1.0,1.0,1.0,1,0.5486991897440296,39
397,4,970,970,0,0,0,0,1.0,1.0,1.0,1.0,1.0,1,0.5985516255766608,39
398,1,971,971,0,0,0,0,1.0,1.0,1.0,1.0,1.0,1,0.5988643641119807,36
399,0,971,971,0,0,0,0,1.0,1.0,1.0,1.0,1.0,1,0.5988643641119807,36
400,0,971,971,0,0,0,0,1.0,1.0,1.0,1.0,1.0,1,0.6188525602400587,34
401,1,972,972,0,0,0,0,1.0,1.0,1.0,1.0,1.0,1,0.5933243204767801,33
402,2,974,974,0,0,0,0,1.0,1.0,1.0,1.0,1.0,1,0.5698423266725919,34
403,2,976,976,0,0,0,0,1.0,1.0,1.0,1.0,1.0,1,0.5498124069143666,36
404,3,979,979,0,0,0,0,1.0,1.0,1.0,1.0,1.0,1,0.5685890353943329,36
405,4,983,983,0,0,0,0,1.0,1.0,1.0,1.0,1.0,1,0.5404137081464468,37
406,6,989,989,0,0,0,0,1.0,1.0,1.0,1.0,1.0,1,0.5261317334579549,37
407,8,997,997,0,0,0,0,1.0,1.0,1.0,1.0,1.0,1,0.5090928442878777,39
408,4,1001,1001,0,0,0,0,1.0,1.0,1.0,1.0,1.0,1,0.5006448246914859,40
409,3,1004,1004,0,0,0,0,1.0,1.0,1.0,1.0,1.0,1,0.49079659484360966,41
410,4,1008,1008,0,0,0,0,1.0,1.0,1.0,1.0,1.0,1,0.5044714138034798,42
411,1,1009,1009,0,0,0,0,1.0,1.0,1.0,1.0,1.0,1,0.5144719734346752,43
412,1,1010,1010,0,0,0,0,1.0,1.0,1.0,1.0,1.0,1,0.5192310902547035,44
413,0,1010,1010,0,0,0,0,1.0,1.0,1.0,1.0,1.0,1,0.5192310902547035,44
414,1,1011,1011,0,0,0,0,1.0,1.0,1.0,1.0,1.0,1,0.5270614825098457,45
415,1,1012,1012,0,0,0,0,1.0,1.0,1.0,1.0,1.0,1,0.5089121394636562,45
416,2,1014,1014,0,0,0,0,1.0,1.0,1.0,1.0,1.0,1,0.5090056303067322,46
417,0,1014,1014,0,0,0,0,1.0,1.0,1.0,1.0,1.0,1,0.5090056303067322,46
418,3,1017,1017,0,0,0,0,1.0,1.0,1.0,1.0,1.0,1,0.4854906328249887,47
419,3,1020,1020,0,0,0,0,1.0,1.0,1.0,1.0,1.0,1,0.4582499584904354,47
420,2,1022,1022,0,0,0,0,1.0,1.0,1.0,1.0,1.0,1,0.44773110128104937,47
421,3,1025,1025,0,0,0,0,1.0,1.0,1.0,1.0,1.0,1,0.4296615904070656,47
422,4,1029,1029,0,0,0,0,1.0,1.0,1.0,1.0,1.0,1,0.47861584178409006,49
423,1,1030,1030,0,0,0,0,1.0,1.0,1.0,1.0,1.0,1,0.48442308206079987,47
424,6,1036,1036,0,0,0,0,1.0,1.0,1.0,1.0,1.0,1,0.5439169412504044,45
425,5,1041,1041,0,0,0,0,1.0,1.0,1.0,1.0,1.0,1,0.5461807623756555,46
426,1,1042,1042,0,0,0,0,1.0,1.0,1.0,1.0,1.0,1,0.5400943729717953,46
427,3,1045,1045,0,0,0,0,1.0,1.0,1.0,1.0,1.0,1,0.5665058094810511,45
428,7,1052,1052,0,0,0,0,1.0,1.0,1.0,1.0,1.0,1,0.5779246892406792,45
429,5,1057,1057,0,0,0,0,1.0,1.0,1.0,1.0,1.0,1,0.6120402065882149,42
430,4,1061,1061,0,0,0,0,1.0,1.0,1.0,1.0,1.0,1,0.5875575795457935,40
431,6,1067,1067,0,0,0,0,1.0,1.0,1.0,1.0,1.0,1,0.5934648583288804,39
432,3,1070,1070,0,0,0,0,1.0,1.0,1.0,1.0,1.0,1,0.599876655167342,37
433,3,1073,1073,0,0,0,0,1.0,1.0,1.0,1.0,1.0,1,0.6475455918772677,35
434,2,1075,1075,0,0,0,0,1.0,1.0,1.0,1.0,1.0,1,0.6842455110876362,33
435,2,1077,1077,0,0,0,0,1.0,1.0,1.0,1.0,1.0,1,0.7225321804400384,33
436,3,1080,1080,0,0,0,0,1.0,1.0,1.0,1.0,1.0,1,0.6680538842257734,33
437,3,1083,1083,0,0,0,0,1.0,1.0,1.0,1.0,1.0,1,0.6903783937146547,33
438,2,1085,1085,0,0,0,0,1.0,1.0,1.0,1.0,1.0,1,0.6779827135827912,32
439,0,1085,1085,0,0,0,0,1.0,1.0,1.0,1.0,1.0,1,0.6393015176446861,34
440,2,1087,1087,0,0,0,0,1.0,1.0,1.0,1.0,1.0,1,0.618903909494057,34
441,3,1090,1090,0,0,0,0,1.0,1.0,1.0,1.0,1.0,1,0.5486569531352773,35
442,1,1091,1091,0,0,0,0,1.0,1.0,1.0,1.0,1.0,1,0.5293368809925545,37
443,3,1094,1094,0,0,0,0,1.0,1.0,1.0,1.0,1.0,1,0.535292786408988,37
444,1,1095,1095,0,0,0,0,1.0,1.0,1.0,1.0,1.0,1,0.5296287980898873,38
445,8,1103,1103,0,0,0,0,1.0,1.0,1.0,1.0,1.0,1,0.46523771050026547,39
446,0,1103,1103,0,0,0,0,1.0,1.0,1.0,1.0,1.0,1,0.46523771050026547,39
447,4,1107,1107,0,0,0,0,1.0,1.0,1.0,1.0,1.0,1,0.4431096203646514,41
448,0,1107,1107,0,0,0,0,1.0,1.0,1.0,1.0,1.0,1,0.4431096203646514,41
449,2,1109,1109,0,0,0,0,1.0,1.0,1.0,1.0,1.0,1,0.4683003280422049,40
450,0,1109,1109,0,0,0,0,1.0,1.0,1.0,1.0,1.0,1,0.462868928384495,40
451,2,1111,1111,0,0,0,0,1.0,1.0,1.0,1.0,1.0,1,0.49600003592428615,41
452,0,1111,1111,0,0,0,0,1.0,1.0,1.0,1.0,1.0,1,0.49600003592428615,41
453,6,1117,1117,0,0,0,0,1.0,1.0,1.0,1.0,1.0,1,0.5801096572789392,40
454,3,1120,1120,0,0,0,0,1.0,1.0,1.0,1.0,1.0,1,0.5974265478502839,41
455,3,1123,1123,0,0,0,0,1.0,1.0,1.0,1.0,1.0,1,0.5982749971721448,41
456,2,1125,1125,0,0,0,0,1.0,1.0,1.0,1.0,1.0,1,0.5525971691952306,43
457,4,1129,1129,0,0,0,0,1.0,1.0,1.0,1.0,1.0,1,0.5932888094594797,43
458,2,1131,1131,0,0,0,0,1.0,1.0,1.0,1.0,1.0,1,0.5676615204586323,43
459,3,1134,1134,0,0,0,0,1.0,1.0,1.0,1.0,1.0,1,0.5179992388717676,44
460,2,1136,1136,0,0,0,0,1.0,1.0,1.0,1.0,1.0,1,0.5176271608168176,47
461,4,1140,1140,0,0,0,0,1.0,1.0,1.0,1.0,1.0,1,0.5218929927909208,48
462,4,1144,1144,0,0,0,0,1.0,1.0,1.0,1.0,1.0,1,0.50481072573451,49
463,6,1150,1150,0,0,0,0,1.0,1.0,1.0,1.0,1.0,1,0.5392804315557255,47
464,4,1154,1154,0,0,0,0,1.0,1.0,1.0,1.0,1.0,1,0.4948200774029275,48
465,3,1157,1157,0,0,0,0,1.0,1.0,1.0,1.0,1.0,1,0.5206929446171873,47
466,4,1161,1161,0,0,0,0,1.0,1.0,1.0,1.0,1.0,1,0.5282289694855009,46
467,2,1163,1163,0,0,0,0,1.0,1.0,1.0,1.0,1.0,1,0.5656889003494155,44
468,3,1166,1166,0,0,0,0,1.0,1.0,1.0,1.0,1.0,1,0.5669636395983987,41
469,4,1170,1170,0,0,0,0,1.0,1.0,1.0,1.0,1.0,1,0.5244683272431427,40
470,7,1177,1177,0,0,0,0,1.0,1.0,1.0,1.0,1.0,1,0.5247323850664385,39
471,6,1183,1183,0,0,0,0,1.0,1.0,1.0,1.0,1.0,1,0.5112937247606123,38
472,5,1188,1188,0,0,0,0,1.0,1.0,1.0,1.0,1.0,1,0.5127070515779383,36
473,4,1192,1192,0,0,0,0,1.0,1.0,1.0,1.0,1.0,1,0.4804016773833069,36
474,2,1194,1194,0,0,0,0,1.0,1.0,1.0,1.0,1.0,1,0.5082435000139521,34
475,3,1197,1197,0,0,0,0,1.0,1.0,1.0,1.0,1.0,1,0.538365586379703,34
476,1,1198,1198,0,0,0,0,1.0,1.0,1.0,1.0,1.0,1,0.5666026103711169,32
477,0,1198,1198,0,0,0,0,1.0,1.0,1.0,1.0,1.0,1,0.5668399024416174,32
478,4,1202,1202,0,0,0,0,1.0,1.0,1.0,1.0,1.0,1,0.44735785675838197,30
479,2,1204,1204,0,0,0,0,1.0,1.0,1.0,1.0,1.0,1,0.41969678277099487,31
480,2,1206,1206,0,0,0,0,1.0,1.0,1.0,1.0,1.0,1,0.4911129295681268,27
481,1,1207,1207,0,0,0,0,1.0,1.0,1.0,1.0,1.0,1,0.47736170027558933,28
482,3,1210,1210,0,0,0,0,1.0,1.0,1.0,1.0,1.0,1,0.4795353989497929,28
483,3,1213,1213,0,0,0,0,1.0,1.0,1.0,1.0,1.0,1,0.43752756408946575,29
484,2,1215,1215,0,0,0,0,1.0,1.0,1.0,1.0,1.0,1,0.4501413078987756,29
485,2,1217,1217,0,0,0,0,1.0,1.0,1.0,1.0,1.0,1,0.48373204571467304,29
486,2,1219,1219,0,0,0,0,1.0,1.0,1.0,1.0,1.0,1,0.4891297703676865,31
487,4,1223,1223,0,0,0,0,1.0,1.0,1.0,1.0,1.0,1,0.47631252596910006,33
488,3,1226,1226,0,0,0,0,1.0,1.0,1.0,1.0,1.0,1,0.5298462133176519,34
489,1,1227,1227,0,0,0,0,1.0,1.0,1.0,1.0,1.0,1,0.5735009652914934,34
490,0,1227,1227,0,0,0,0,1.0,1.0,1.0,1.0,1.0,1,0.5735009652914934,34
491,1,1228,1228,0,0,0,0,1.0,1.0,1.0,1.0,1.0,1,0.5742649354439097,34
492,0,1228,1228,0,0,0,0,1.0,1.0,1.0,1.0,1.0,1,0.5742649354439097,34
493,1,1229,1229,0,0,0,0,1.0,1.0,1.0,1.0,1.0,1,0.5804811887920194,34
494,1,1230,1230,0,0,0,0,1.0,1.0,1.0,1.0,1.0,1,0.5927163847838215,36
495,2,1232,1232,0,0,0,0,1.0,1.0,1.0,1.0,1.0,1,0.6003945949360364,36
496,4,1236,1236,0,0,0,0,1.0,1.0,1.0,1.0,1.0,1,0.569021984749783,37
497,1,1237,1237,0,0,0,0,1.0,1.0,1.0,1.0,1.0,1,0.5229571763367994,39
498,2,1239,1239,0,0,0,0,1.0,1.0,1.0,1.0,1.0,1,0.5337100345255779,40
499,4,1243,1243,0,0,0,0,1.0,1.0,1.0,1.0,1.0,1,0.5263874704770531,40
500,4,1247,1247,0,0,0,0,1.0,1.0,1.0,1.0,1.0,1,0.5484919880742885,42
501,2,1249,1249,0,0,0,0,1.0,1.0,1.0,1.0,1.0,1,0.559815316382168,42
502,4,1253,1253,0,0,0,0,1.0,1.0,1.0,1.0,1.0,1,0.5586174937931204,42
503,4,1257,1257,0,0,0,0,1.0,1.0,1.0,1.0,1.0,1,0.5726003563535641,41
504,4,1261,1261,0,0,0,0,1.0,1.0,1.0,1.0,1.0,1,0.5772400770012129,42
505,3,1264,1264,0,0,0,0,1.0,1.0,1.0,1.0,1.0,1,0.5493661427667056,38
506,5,1269,1269,0,0,0,0,1.0,1.0,1.0,1.0,1.0,1,0.5545873922196553,37
507,5,1274,1274,0,0,0,0,1.0,1.0,1.0,1.0,1.0,1,0.5096243576884759,35
508,4,1278,1278,0,0,0,0,1.0,1.0,1.0,1.0,1.0,1,0.47955610555931427,35
509,3,1281,1281,0,0,0,0,1.0,1.0,1.0,1.0,1.0,1,0.5204438925994425,34
510,1,1282,1282,0,0,0,0,1.0,1.0,1.0,1.0,1.0,1,0.4945197996848805,34
511,2,1284,1284,0,0,0,0,1.0,1.0,1.0,1.0,1.0,1,0.5158769273602475,32
512,1,1285,1285,0,0,0,0,1.0,1.0,1.0,1.0,1.0,1,0.5571063365700463,30
513,3,1288,1288,0,0,0,0,1.0,1.0,1.0,1.0,1.0,1,0.5413149853957175,31
514,0,1288,1288,0,0,0,0,1.0,1.0,1.0,1.0,1.0,1,0.5413149853957175,31
515,4,1292,1292,0,0,0,0,1.0,1.0,1.0,1.0,1.0,1,0.5789139152900968,32
516,1,1293,1293,0,0,0,0,1.0,1.0,1.0,1.0,1.0,1,0.5881926596868442,31
517,4,1297,1297,0,0,0,0,1.0,1.0,1.0,1.0,1.0,1,0.5547079673878751,32
518,1,1298,1298,0,0,0,0,1.0,1.0,1.0,1.0,1.0,1,0.5363511144500315,31
519,4,1302,1302,0,0,0,0,1.0,1.0,1.0,1.0,1.0,1,0.49333685753634865,31
520,1,1303,1303,0,0,0,0,1.0,1.0,1.0,1.0,1.0,1,0.49307896813606533,33
521,0,1303,1303,0,0,0,0,1.0,1.0,1.0,1.0,1.0,1,0.47587695545316344,34
522,2,1305,1305,0,0,0,0,1.0,1.0,1.0,1.0,1.0,1,0.49620034320965567,34
523,1,1306,1306,0,0,0,0,1.0,1.0,1.0,1.0,1.0,1,0.4682997519422931,33
524,1,1307,1307,0,0,0,0,1.0,1.0,1.0,1.0,1.0,1,0.45468355823099305,34
525,2,1309,1309,0,0,0,0,1.0,1.0,1.0,1.0,1.0,1,0.47208491412396564,32
526,2,1311,1311,0,0,0,0,1.0,1.0,1.0,1.0,1.0,1,0.4585516911508568,32
527,2,1313,1313,0,0,0,0,1.0,1.0,1.0,1.0,1.0,1,0.48677784148608594,31
528,4,1317,1317,0,0,0,0,1.0,1.0,1.0,1.0,1.0,1,0.511283899522839,31
529,3,1320,1320,0,0,0,0,1.0,1.0,1.0,1.0,1.0,1,0.5408305827631326,30
530,2,1322,1322,0,0,0,0,1.0,1.0,1.0,1.0,1.0,1,0.5326635792769496,30
531,7,1329,1329,0,0,0,0,1.0,1.0,1.0,1.0,1.0,1,0.46505144088307576,32
532,4,1333,1333,0,0,0,0,1.0,1.0,1.0,1.0,1.0,1,0.4831844359973589,32
533,4,1337,1337,0,0,0,0,1.0,1.0,1.0,1.0,1.0,1,0.5018774436918549,34
534,2,1339,1339,0,0,0,0,1.0,1.0,1.0,1.0,1.0,1,0.49859485228589856,34
535,3,1342,1342,0,0,0,0,1.0,1.0,1.0,1.0,1.0,1,0.49927266398657416,37
536,0,1342,1342,0,0,0,0,1.0,1.0,1.0,1.0,1.0,1,0.49927266398657416,37
537,1,1343,1343,0,0,0,0,1.0,1.0,1.0,1.0,1.0,1,0.5080513566519388,37
538,0,1343,1343,0,0,0,0,1.0,1.0,1.0,1.0,1.0,1,0.5029479358395382,38
539,4,1347,1347,0,0,0,0,1.0,1.0,1.0,1.0,1.0,1,0.514647499487492,38
540,2,1349,1349,0,0,0,0,1.0,1.0,1.0,1.0,1.0,1,0.554149055315007,38
541,2,1351,1351,0,0,0,0,1.0,1.0,1.0,1.0,1.0,1,0.5129449475135219,39
542,3,1354,1354,0,0,0,0,1.0,1.0,1.0,1.0,1.0,1,0.5313209742713049,40
543,5,1359,1359,0,0,0,0,1.0,1.0,1.0,1.0,1.0,1,0.5426102069092585,37
544,3,1362,1362,0,0,0,0,1.0,1.0,1.0,1.0,1.0,1,0.540048603684048,35
545,5,1367,1367,0,0,0,0,1.0,1.0,1.0,1.0,1.0,1,0.5789151657766528,35
546,0,1367,1367,0,0,0,0,1.0,1.0,1.0,1.0,1.0,1,0.5789151657766528,35
547,4,1371,1371,0,0,0,0,1.0,1.0,1.0,1.0,1.0,1,0.6163600286473424,34
548,1,1372,1372,0,0,0,0,1.0,1.0,1.0,1.0,1.0,1,0.6077897846824349,34
549,1,1373,1373,0,0,0,0,1.0,1.0,1.0,1.0,1.0,1,0.6556590358072208,31
550,2,1375,1375,0,0,0,0,1.0,1.0,1.0,1.0,1.0,1,0.6638804763100081,30
551,1,1376,1376,0,0,0,0,1.0,1.0,1.0,1.0,1.0,1,0.6630880840439786,31
552,1,1377,1377,0,0,0,0,1.0,1.0,1.0,1.0,1.0,1,0.6445017807521017,29
553,2,1379,1379,0,0,0,0,1.0,1.0,1.0,1.0,1.0,1,0.5840580814457038,30
554,1,1380,1380,0,0,0,0,1.0,1.0,1.0,1.0,1.0,1,0.5929656835040532,30
555,1,1381,1381,0,0,0,0,1.0,1.0,1.0,1.0,1.0,1,0.5652103499251407,30
556,3,1384,1384,0,0,0,0,1.0,1.0,1.0,1.0,1.0,1,0.5199537092335385,31
557,1,1385,1385,0,0,0,0,1.0,1.0,1.0,1.0,1.0,1,0.5440845831143317,31
558,4,1389,1389,0,0,0,0,1.0,1.0,1.0,1.0,1.0,1,0.5663857875126458,31
559,3,1392,1392,0,0,0,0,1.0,1.0,1.0,1.0,1.0,1,0.5660293539064993,31
560,3,1395,1395,0,0,0,0,1.0,1.0,1.0,1.0,1.0,1,0.5775213220958177,32
561,2,1397,1397,0,0,0,0,1.0,1.0,1.0,1.0,1.0,1,0.5566885928884019,33
562,5,1402,1402,0,0,0,0,1.0,1.0,1.0,1.0,1.0,1,0.5735756865582677,33
563,4,1406,1406,0,0,0,0,1.0,1.0,1.0,1.0,1.0,1,0.5718119372988401,33
564,2,1408,1408,0,0,0,0,1.0,1.0,1.0,1.0,1.0,1,0.585872635996476,34
565,6,1414,1414,0,0,0,0,1.0,1.0,1.0,1.0,1.0,1,0.554291448657459,35
566,7,1421,1421,0,0,0,0,1.0,1.0,1.0,1.0,1.0,1,0.5638077274514754,36
567,6,1427,1427,0,0,0,0,1.0,1.0,1.0,1.0,1.0,1,0.5413957305061894,37
568,3,1430,1430,0,0,0,0,1.0,1.0,1.0,1.0,1.0,1,0.5605074117926719,36
569,2,1432,1432,0,0,0,0,1.0,1.0,1.0,1.0,1.0,1,0.5098195807180051,37
570,2,1434,1434,0,0,0,0,1.0,1.0,1.0,1.0,1.0,1,0.5203412621010618,38
571,2,1436,1436,0,0,0,0,1.0,1.0,1.0,1.0,1.0,1,0.5169137369611378,38
572,1,1437,1437,0,0,0,0,1.0,1.0,1.0,1.0,1.0,1,0.5056451225929869,39
573,2,1439,1439,0,0,0,0,1.0,1.0,1.0,1.0,1.0,1,0.48995482989668815,39
574,1,1440,1440,0,0,0,0,1.0,1.0,1.0,1.0,1.0,1,0.5025290102180308,41
575,2,1442,1442,0,0,0,0,1.0,1.0,1.0,1.0,1.0,1,0.4977655438789902,41
576,1,1443,1443,0,0,0,0,1.0,1.0,1.0,1.0,1.0,1,0.5098032890387887,42
577,3,1446,1446,0,0,0,0,1.0,1.0,1.0,1.0,1.0,1,0.5272649695427744,42
578,2,1448,1448,0,0,0,0,1.0,1.0,1.0,1.0,1.0,1,0.5788072575571813,41
579,1,1449,1449,0,0,0,0,1.0,1.0,1.0,1.0,1.0,1,0.5714522885506917,42
580,3,1452,1452,0,0,0,0,1.0,1.0,1.0,1.0,1.0,1,0.6096373729708296,43
581,2,1454,1454,0,0,0,0,1.0,1.0,1.0,1.0,1.0,1,0.6086020962170499,42
582,3,1457,1457,0,0,0,0,1.0,1.0,1.0,1.0,1.0,1,0.6172735044509435,41
583,2,1459,1459,0,0,0,0,1.0,1.0,1.0,1.0,1.0,1,0.6419977547209308,40
584,3,1462,1462,0,0,0,0,1.0,1.0,1.0,1.0,1.0,1,0.6638224594802675,38
585,3,1465,1465,0,0,0,0,1.0,1.0,1.0,1.0,1.0,1,0.6480328703347155,38
586,2,1467,1467,0,0,0,0,1.0,1.0,1.0,1.0,1.0,1,0.5910537517260064,37
587,3,1470,1470,0,0,0,0,1.0,1.0,1.0,1.0,1.0,1,0.611608312535642,35
588,5,1475,1475,0,0,0,0,1.0,1.0,1.0,1.0,1.0,1,0.5528759185999021,35
589,2,1477,1477,0,0,0,0,1.0,1.0,1.0,1.0,1.0,1,0.5766394158543513,34
590,2,1479,1479,0,0,0,0,1.0,1.0,1.0,1.0,1.0,1,0.5048192007302567,36
591,4,1483,1483,0,0,0,0,1.0,1.0,1.0,1.0,1.0,1,0.5143661803601829,35
592,5,1488,1488,0,0,0,0,1.0,1.0,1.0,1.0,1.0,1,0.516977575726701,37
593,2,1490,1490,0,0,0,0,1.0,1.0,1.0,1.0,1.0,1,0.5615816425453732,36
594,3,1493,1493,0,0,0,0,1.0,1.0,1.0,1.0,1.0,1,0.5852353424215859,35
595,1,1494,1494,0,0,0,0,1.0,1.0,1.0,1.0,1.0,1,0.6086583083771538,34
596,1,1495,1495,0,0,0,0,1.0,1.0,1.0,1.0,1.0,1,0.6067812608299786,34
597,3,1498,1498,0,0,0,0,1.0,1.0,1.0,1.0,1.0,1,0.5779306605580181,33
598,0,1498,1498,0,0,0,0,1.0,1.0,1.0,1.0,1.0,1,0.6168300362540385,33
599,3,1501,1501,0,0,0,0,1.0,1.0,1.0,1.0,1.0,1,0.6101132876174654,33
600,1,1502,1502,0,0,0,0,1.0,1.0,1.0,1.0,1.0,1,0.6186333543843625,33
601,1,1503,1503,0,0,0,0,1.0,1.0,1.0,1.0,1.0,1,0.6263366955884236,34
602,3,1506,1506,0,0,0,0,1.0,1.0,1.0,1.0,1.0,1,0.6568637739202597,35
603,1,1507,1507,0,0,0,0,1.0,1.0,1.0,1.0,1.0,1,0.655344469655192,35
604,1,1508,1508,0,0,0,0,1.0,1.0,1.0,1.0,1.0,1,0.6417362292402568,35
605,1,1509,1509,0,0,0,0,1.0,1.0,1.0,1.0,1.0,1,0.6796169095379058,35
606,0,1509,1509,0,0,0,0,1.0,1.0,1.0,1.0,1.0,1,0.6654779803381529,35
607,5,1514,1514,0,0,0,0,1.0,1.0,1.0,1.0,1.0,1,0.6643887259909348,35
608,3,1517,1517,0,0,0,0,1.0,1.0,1.0,1.0,1.0,1,0.6722433181327062,36
609,3,1520,1520,0,0,0,0,1.0,1.0,1.0,1.0,1.0,1,0.6363095499627541,37
610,6,1526,1526,0,0,0,0,1.0,1.0,1.0,1.0,1.0,1,0.6196157024346507,37
611,4,1530,1530,0,0,0,0,1.0,1.0,1.0,1.0,1.0,1,0.6481732407644907,39
612,4,1534,1534,0,0,0,0,1.0,1.0,1.0,1.0,1.0,1,0.6659886017343426,39
613,4,1538,1538,0,0,0,0,1.0,1.0,1.0,1.0,1.0,1,0.6202154932944975,39
614,3,1541,1541,0,0,0,0,1.0,1.0,1.0,1.0,1.0,1,0.6611681996294836,39
615,7,1548,1548,0,0,0,0,1.0,1.0,1.0,1.0,1.0,1,0.6466655005171669,39
616,2,1550,1550,0,0,0,0,1.0,1.0,1.0,1.0,1.0,1,0.6400988848480303,38
617,5,1555,1555,0,0,0,0,1.0,1.0,1.0,1.0,1.0,1,0.6396730575909081,39
618,1,1556,1556,0,0,0,0,1.0,1.0,1.0,1.0,1.0,1,0.6395035947528172,40
619,2,1558,1558,0,0,0,0,1.0,1.0,1.0,1.0,1.0,1,0.6046547877467991,39
620,4,1562,1562,0,0,0,0,1.0,1.0,1.0,1.0,1.0,1,0.5604691569045439,38
621,3,1565,1565,0,0,0,0,1.0,1.0,1.0,1.0,1.0,1,0.5224076808456832,38
622,4,1569,1569,0,0,0,0,1.0,1.0,1.0,1.0,1.0,1,0.5798537082239565,38
623,2,1571,1571,0,0,0,0,1.0,1.0,1.0,1.0,1.0,1,0.5816899300906841,37
624,6,1577,1577,0,0,0,0,1.0,1.0,1.0,1.0,1.0,1,0.49798588049879405,33
625,3,1580,1580,0,0,0,0,1.0,1.0,1.0,1.0,1.0,1,0.534687848569481,32
626,1,1581,1581,0,0,0,0,1.0,1.0,1.0,1.0,1.0,1,0.5490844726680745,31
627,5,1586,1586,0,0,0,0,1.0,1.0,1.0,1.0,1.0,1,0.5966169937404572,30
628,3,1589,1589,0,0,0,0,1.0,1.0,1.0,1.0,1.0,1,0.5790640420340015,32
629,2,1591,1591,0,0,0,0,1.0,1.0,1.0,1.0,1.0,1,0.5725625271571948,29
630,2,1593,1593,0,0,0,0,1.0,1.0,1.0,1.0,1.0,1,0.6012409555679097,29
631,1,1594,1594,0,0,0,0,1.0,1.0,1.0,1.0,1.0,1,0.6546328681042546,25
632,5,1599,1599,0,0,0,0,1.0,1.0,1.0,1.0,1.0,1,0.6126031500736345,24
633,4,1603,1603,0,0,0,0,1.0,1.0,1.0,1.0,1.0,1,0.5853064483387274,23
634,5,1608,1608,0,0,0,0,1.0,1.0,1.0,1.0,1.0,1,0.604696771718384,23
635,4,1612,1612,0,0,0,0,1.0,1.0,1.0,1.0,1.0,1,0.6478710303874804,22
636,2,1614,1614,0,0,0,0,1.0,1.0,1.0,1.0,1.0,1,0.6356990425276645,22
637,2,1616,1616,0,0,0,0,1.0,1.0,1.0,1.0,1.0,1,0.6247329185295564,23
638,0,1616,1616,0,0,0,0,1.0,1.0,1.0,1.0,1.0,1,0.6247329185295564,23
639,2,1618,1618,0,0,0,0,1.0,1.0,1.0,1.0,1.0,1,0.5999627590126109,24
640,4,1622,1622,0,0,0,0,1.0,1.0,1.0,1.0,1.0,1,0.6162657644206548,24
641,1,1623,1623,0,0,0,0,1.0,1.0,1.0,1.0,1.0,1,0.6131138595582161,25
642,2,1625,1625,0,0,0,0,1.0,1.0,1.0,1.0,1.0,1,0.5428245491966248,26
643,2,1627,1627,0,0,0,0,1.0,1.0,1.0,1.0,1.0,1,0.5558176450048298,28
644,1,1628,1628,0,0,0,0,1.0,1.0,1.0,1.0,1.0,1,0.5620117183190921,28
645,2,1630,1630,0,0,0,0,1.0,1.0,1.0,1.0,1.0,1,0.5642575986479116,28
646,2,1632,1632,0,0,0,0,1.0,1.0,1.0,1.0,1.0,1,0.5617369474096451,29
647,2,1634,1634,0,0,0,0,1.0,1.0,1.0,1.0,1.0,1,0.5431873198649828,30
648,2,1636,1636,0,0,0,0,1.0,1.0,1.0,1.0,1.0,1,0.550678122753806,30
649,5,1641,1641,0,0,0,0,1.0,1.0,1.0,1.0,1.0,1,0.5969243880029497,31
650,0,1641,1641,0,0,0,0,1.0,1.0,1.0,1.0,1.0,1,0.5969243880029497,31
651,4,1645,1645,0,0,0,0,1.0,1.0,1.0,1.0,1.0,1,0.6044728693649342,32
652,0,1645,1645,0,0,0,0,1.0,1.0,1.0,1.0,1.0,1,0.6044728693649342,32
653,1,1646,1646,0,0,0,0,1.0,1.0,1.0,1.0,1.0,1,0.5623218446684631,33
654,3,1649,1649,0,0,0,0,1.0,1.0,1.0,1.0,1.0,1,0.5695790601889601,33
655,3,1652,1652,0,0,0,0,1.0,1.0,1.0,1.0,1.0,1,0.5488930403016039,36
656,2,1654,1654,0,0,0,0,1.0,1.0,1.0,1.0,1.0,1,0.5374192447005837,36
657,1,1655,1655,0,0,0,0,1.0,1.0,1.0,1.0,1.0,1,0.5076016738981287,35
658,3,1658,1658,0,0,0,0,1.0,1.0,1.0,1.0,1.0,1,0.5325794316725418,33
659,2,1660,1660,0,0,0,0,1.0,1.0,1.0,1.0,1.0,1,0.5217026351453353,35
660,2,1662,1662,0,0,0,0,1.0,1.0,1.0,1.0,1.0,1,0.5172685579519632,34
661,2,1664,1664,0,0,0,0,1.0,1.0,1.0,1.0,1.0,1,0.5103729710679659,33
662,3,1667,1667,0,0,0,0,1.0,1.0,1.0,1.0,1.0,1,0.4975289077681762,31
663,2,1669,1669,0,0,0,0,1.0,1.0,1.0,1.0,1.0,1,0.509947563135504,29
664,2,1671,1671,0,0,0,0,1.0,1.0,1.0,1.0,1.0,1,0.5635079100766489,27
665,7,1678,1678,0,0,0,0,1.0,1.0,1.0,1.0,1.0,1,0.616966233492223,27
666,6,1684,1684,0,0,0,0,1.0,1.0,1.0,1.0,1.0,1,0.6183008460620618,28
667,3,1687,1687,0,0,0,0,1.0,1.0,1.0,1.0,1.0,1,0.6227377288028199,26
668,2,1689,1689,0,0,0,0,1.0,1.0,1.0,1.0,1.0,1,0.5414976777188402,26
669,5,1694,1694,0,0,0,0,1.0,1.0,1.0,1.0,1.0,1,0.5424401365507711,25
670,3,1697,1697,0,0,0,0,1.0,1.0,1.0,1.0,1.0,1,0.5688809950729234,24
671,2,1699,1699,0,0,0,0,1.0,1.0,1.0,1.0,1.0,1,0.6069427640848583,24
672,0,1699,1699,0,0,0,0,1.0,1.0,1.0,1.0,1.0,1,0.6085582679694633,25
673,1,1700,1700,0,0,0,0,1.0,1.0,1.0,1.0,1.0,1,0.6176636363163986,25
674,2,1702,1702,0,0,0,0,1.0,1.0,1.0,1.0,1.0,1,0.6045789556184181,25
675,3,1705,1705,0,0,0,0,1.0,1.0,1.0,1.0,1.0,1,0.6346361396007795,26
676,3,1708,1708,0,0,0,0,1.0,1.0,1.0,1.0,1.0,1,0.5938771158890221,27
677,2,1710,1710,0,0,0,0,1.0,1.0,1.0,1.0,1.0,1,0.578671691733116,28
678,2,1712,1712,0,0,0,0,1.0,1.0,1.0,1.0,1.0,1,0.5179123236293891,28
679,1,1713,1713,0,0,0,0,1.0,1.0,1.0,1.0,1.0,1,0.48205306884939686,30
680,1,1714,1714,0,0,0,0,1.0,1.0,1.0,1.0,1.0,1,0.490461065432218,29
681,2,1716,1716,0,0,0,0,1.0,1.0,1.0,1.0,1.0,1,0.4947282041753164,29
682,2,1718,1718,0,0,0,0,1.0,1.0,1.0,1.0,1.0,1,0.5032800058334045,30
683,3,1721,1721,0,0,0,0,1.0,1.0,1.0,1.0,1.0,1,0.5162882250641284,30
684,1,1722,1722,0,0,0,0,1.0,1.0,1.0,1.0,1.0,1,0.5192342771442763,31
685,6,1728,1728,0,0,0,0,1.0,1.0,1.0,1.0,1.0,1,0.47581916575419775,30
686,2,1730,1730,0,0,0,0,1.0,1.0,1.0,1.0,1.0,1,0.5260291560925303,30
687,3,1733,1733,0,0,0,0,1.0,1.0,1.0,1.0,1.0,1,0.540326243158402,30
688,1,1734,1734,0,0,0,0,1.0,1.0,1.0,1.0,1.0,1,0.5737143913637421,31
689,3,1737,1737,0,0,0,0,1.0,1.0,1.0,1.0,1.0,1,0.5818582324889865,32
690,1,1738,1738,0,0,0,0,1.0,1.0,1.0,1.0,1.0,1,0.6000577492920737,32
691,2,1740,1740,0,0,0,0,1.0,1.0,1.0,1.0,1.0,1,0.6301303694594022,32
692,0,1740,1740,0,0,0,0,1.0,1.0,1.0,1.0,1.0,1,0.6301303694594022,32
693,3,1743,1743,0,0,0,0,1.0,1.0,1.0,1.0,1.0,1,0.6047841870020638,34
694,1,1744,1744,0,0,0,0,1.0,1.0,1.0,1.0,1.0,1,0.5944441251931066,36
695,3,1747,1747,0,0,0,0,1.0,1.0,1.0,1.0,1.0,1,0.6227229280498561,34
696,0,1747,1747,0,0,0,0,1.0,1.0,1.0,1.0,1.0,1,0.6157307380135175,33
697,2,1749,1749,0,0,0,0,1.0,1.0,1.0,1.0,1.0,1,0.6306863330274756,33
698,1,1750,1750,0,0,0,0,1.0,1.0,1.0,1.0,1.0,1,0.6336041073418573,34
699,3,1753,1753,0,0,0,0,1.0,1.0,1.0,1.0,1.0,1,0.5967424056168723,33
700,2,1755,1755,0,0,0,0,1.0,1.0,1.0,1.0,1.0,1,0.5874668736733115,32
701,2,1757,1757,0,0,0,0,1.0,1.0,1.0,1.0,1.0,1,0.611973850119123,33
702,3,1760,1760,0,0,0,0,1.0,1.0,1.0,1.0,1.0,1,0.6219690678859671,34
703,3,1763,1763,0,0,0,0,1.0,1.0,1.0,1.0,1.0,1,0.6082610832111645,32
704,1,1764,1764,0,0,0,0,1.0,1.0,1.0,1.0,1.0,1,0.628057467232971,31
705,2,1766,1766,0,0,0,0,1.0,1.0,1.0,1.0,1.0,1,0.5655183877344458,33
706,3,1769,1769,0,0,0,0,1.0,1.0,1.0,1.0,1.0,1,0.6056875782148877,33
707,1,1770,1770,0,0,0,0,1.0,1.0,1.0,1.0,1.0,1,0.5959352001883808,31
708,0,1770,1770,0,0,0,0,1.0,1.0,1.0,1.0,1.0,1,0.5959352001883808,31
709,1,1771,1771,0,0,0,0,1.0,1.0,1.0,1.0,1.0,1,0.5901631655795914,30
710,1,1772,1772,0,0,0,0,1.0,1.0,1.0,1.0,1.0,1,0.6214908400766277,30
711,0,1772,1772,0,0,0,0,1.0,1.0,1.0,1.0,1.0,1,0.6183398440451539,30
712,0,1772,1772,0,0,0,0,1.0,1.0,1.0,1.0,1.0,1,0.6141038585035934,30
713,1,1773,1773,0,0,0,0,1.0,1.0,1.0,1.0,1.0,1,0.6330380508336559,31
714,0,1773,1773,0,0,0,0,1.0,1.0,1.0,1.0,1.0,1,0.6257722254426252,31
715,2,1775,1775,0,0,0,0,1.0,1.0,1.0,1.0,1.0,1,0.654337812244401,30
716,3,1778,1778,0,0,0,0,1.0,1.0,1.0,1.0,1.0,1,0.6684140221792685,31
717,0,1778,1778,0,0,0,0,1.0,1.0,1.0,1.0,1.0,1,0.6734895453457701,32
718,2,1780,1780,0,0,0,0,1.0,1.0,1.0,1.0,1.0,1,0.6860960028653441,32
719,1,1781,1781,0,0,0,0,1.0,1.0,1.0,1.0,1.0,1,0.6946517199089421,32
720,1,1782,1782,0,0,0,0,1.0,1.0,1.0,1.0,1.0,1,0.6569041030931236,34
721,1,1783,1783,0,0,0,0,1.0,1.0,1.0,1.0,1.0,1,0.6517495104287012,34
722,2,1785,1785,0,0,0,0,1.0,1.0,1.0,1.0,1.0,1,0.6725569244789648,34
723,2,1787,1787,0,0,0,0,1.0,1.0,1.0,1.0,1.0,1,0.7078419979916998,35
724,2,1789,1789,0,0,0,0,1.0,1.0,1.0,1.0,1.0,1,0.6956409057229804,36
725,2,1791,1791,0,0,0,0,0.9798175872846325,0.9675326404144089,0.9798175872846325,0.9675326404144089,1.0,1,0.6897097808650112,37
726,2,1793,1793,0,0,0,0,0.9539777152935944,0.9290489777442912,0.9539777152935944,0.9290489777442912,1.0,1,0.6795037237316528,37
727,0,1793,1793,0,0,0,0,0.9280902814366501,0.8906972277837082,0.9280902814366501,0.8906972277837082,1.0,1,0.6848906021308249,38
728,1,1794,1794,0,0,0,0,0.9299341203741719,0.8906972277837082,0.9299341203741719,0.8906972277837082,1.0,1,0.7013407373644202,39
729,1,1795,1795,0,0,0,0,0.9299341203741719,0.8906972277837082,0.9299341203741719,0.8906972277837082,1.0,1,0.7114795571180882,39
730,0,1795,1795,0,0,0,0,0.9316857673648176,0.8906972277837082,0.9316857673648176,0.8906972277837082,1.0,1,0.7106045137687165,40
731,0,1795,1795,0,0,0,0,0.9316857673648176,0.8906972277837082,0.9316857673648176,0.8906972277837082,1.0,1,0.7106045137687165,40
732,1,1796,1796,0,0,0,0,0.9015047572451033,0.8446805787326629,0.9015047572451033,0.8446805787326629,1.0,1,0.7277369266486144,41
733,1,1797,1797,0,0,0,0,0.9567569578493047,0.9261264696592288,0.9567569578493047,0.9261264696592288,1.0,1,0.7170832167149995,41
734,1,1798,1798,0,0,0,0,0.9577865540909879,0.9261264696592288,0.9577865540909879,0.9261264696592288,1.0,1,0.7253463182270008,42
735,1,1799,1799,0,0,0,0,1.0,1.0,1.0,1.0,1.0,1,0.6825333640523539,42
736,5,1804,1804,0,0,0,0,1.0,1.0,1.0,1.0,1.0,1,0.6321498441151664,41
737,3,1807,1807,0,0,0,0,1.0,1.0,1.0,1.0,1.0,1,0.6149032513400535,41
738,2,1809,1809,0,0,0,0,1.0,1.0,1.0,1.0,1.0,1,0.5862982643880904,39
739,7,1816,1816,0,0,0,0,1.0,1.0,1.0,1.0,1.0,1,0.5899345107318463,39
740,6,1822,1822,0,0,0,0,1.0,1.0,1.0,1.0,1.0,1,0.6001477090783994,39
741,6,1828,1828,0,0,0,0,1.0,1.0,1.0,1.0,1.0,1,0.6111253750807142,38
742,9,1837,1837,0,0,0,0,1.0,1.0,1.0,1.0,1.0,1,0.6110348024496881,39
743,4,1841,1841,0,0,0,0,1.0,1.0,1.0,1.0,1.0,1,0.6221186091543678,39
744,8,1849,1849,0,0,0,0,1.0,1.0,1.0,1.0,1.0,1,0.6288504091654289,39
745,4,1853,1853,0,0,0,0,1.0,1.0,1.0,1.0,1.0,1,0.6091454416175955,39
746,5,1858,1858,0,0,0,0,1.0,1.0,1.0,1.0,1.0,1,0.5965293157539469,40
747,3,1861,1861,0,0,0,0,1.0,1.0,1.0,1.0,1.0,1,0.5278815873455901,41
748,7,1868,1868,0,0,0,0,1.0,1.0,1.0,1.0,1.0,1,0.5356107894401289,41
749,2,1870,1870,0,0,0,0,1.0,1.0,1.0,1.0,1.0,1,0.5202409038618028,41
750,4,1874,1874,0,0,0,0,1.0,1.0,1.0,1.0,1.0,1,0.5638296136253971,39
751,0,1874,1874,0,0,0,0,1.0,1.0,1.0,1.0,1.0,1,0.5493570658850225,41
752,5,1879,1879,0,0,0,0,1.0,1.0,1.0,1.0,1.0,1,0.5703352887836148,41
753,3,1882,1882,0,0,0,0,1.0,1.0,1.0,1.0,1.0,1,0.6030572488770077,41
754,1,1883,1883,0,0,0,0,1.0,1.0,1.0,1.0,1.0,1,0.5969367591108152,41
755,2,1885,1885,0,0,0,0,1.0,1.0,1.0,1.0,1.0,1,0.6129992679639603,41
756,2,1887,1887,0,0,0,0,1.0,1.0,1.0,1.0,1.0,1,0.6213368455144298,41
757,0,1887,1887,0,0,0,0,1.0,1.0,1.0,1.0,1.0,1,0.652075425630128,39
758,0,1887,1887,0,0,0,0,1.0,1.0,1.0,1.0,1.0,1,0.6424152198103539,39
759,0,1887,1887,0,0,0,0,1.0,1.0,1.0,1.0,1.0,1,0.641936714237072,39
760,0,1887,1887,0,0,0,0,1.0,1.0,1.0,1.0,1.0,1,0.6498608049094254,40
761,0,1887,1887,0,0,0,0,1.0,1.0,1.0,1.0,1.0,1,0.6352952652465121,41
762,0,1887,1887,0,0,0,0,1.0,1.0,1.0,1.0,1.0,1,0.6293218690770478,42
763,3,1890,1890,0,0,0,0,1.0,1.0,1.0,1.0,1.0,1,0.6677344333141612,43
764,0,1890,1890,0,0,0,0,1.0,1.0,1.0,1.0,1.0,1,0.6677344333141612,43
765,1,1891,1891,0,0,0,0,1.0,1.0,1.0,1.0,1.0,1,0.6536557225804437,45
766,0,1891,1891,0,0,0,0,1.0,1.0,1.0,1.0,1.0,1,0.6536557225804437,45
767,2,1893,1893,0,0,0,0,1.0,1.0,1.0,1.0,1.0,1,0.6630585411699477,46
768,0,1893,1893,0,0,0,0,1.0,1.0,1.0,1.0,1.0,1,0.6596587228352073,45
769,2,1895,1895,0,0,0,0,1.0,1.0,1.0,1.0,1.0,1,0.6787314355503341,46
770,0,1895,1895,0,0,0,0,1.0,1.0,1.0,1.0,1.0,1,0.6686416051781457,47
771,1,1896,1896,0,0,0,0,1.0,1.0,1.0,1.0,1.0,1,0.6631970843691803,47
772,2,1898,1898,0,0,0,0,1.0,1.0,1.0,1.0,1.0,1,0.664022046547876,46
773,0,1898,1898,0,0,0,0,1.0,1.0,1.0,1.0,1.0,1,0.6577493654802854,45
774,0,1898,1898,0,0,0,0,1.0,1.0,1.0,1.0,1.0,1,0.6440616689576861,45
775,2,1900,1900,0,0,0,0,1.0,1.0,1.0,1.0,1.0,1,0.6454723515100119,45
776,1,1901,1901,0,0,0,0,1.0,1.0,1.0,1.0,1.0,1,0.6254244971790776,43
777,3,1904,1904,0,0,0,0,1.0,1.0,1.0,1.0,1.0,1,0.641615413549296,44
778,2,1906,1906,0,0,0,0,1.0,1.0,1.0,1.0,1.0,1,0.6548198500267004,45
779,3,1909,1909,0,0,0,0,1.0,1.0,1.0,1.0,1.0,1,0.667860003720317,45
780,1,1910,1910,0,0,0,0,1.0,1.0,1.0,1.0,1.0,1,0.6734953654208727,45
781,0,1910,1910,0,0,0,0,1.0,1.0,1.0,1.0,1.0,1,0.666926275641903,46
782,0,1910,1910,0,0,0,0,0.9855902746334735,0.9661371453886627,0.9855902746334735,0.9661371453886627,1.0,1,0.6781109590745744,47
783,1,1911,1911,0,0,0,0,1.0,1.0,1.0,1.0,1.0,1,0.6531336963392979,46
784,2,1913,1913,0,0,0,0,1.0,1.0,1.0,1.0,1.0,1,0.6567663529279457,45
785,0,1913,1913,0,0,0,0,1.0,1.0,1.0,1.0,1.0,1,0.6465887368659405,43
786,3,1916,1916,0,0,0,0,1.0,1.0,1.0,1.0,1.0,1,0.6402814425467073,43
787,4,1920,1920,0,0,0,0,1.0,1.0,1.0,1.0,1.0,1,0.619116126436528,43
788,6,1926,1926,0,0,0,0,1.0,1.0,1.0,1.0,1.0,1,0.6068294546826535,44
789,1,1927,1927,0,0,0,0,1.0,1.0,1.0,1.0,1.0,1,0.5940118102381386,46
790,4,1931,1931,0,0,0,0,1.0,1.0,1.0,1.0,1.0,1,0.5859154903239874,46
791,1,1932,1932,0,0,0,0,1.0,1.0,1.0,1.0,1.0,1,0.6029865558607097,46
792,1,1933,1933,0,0,0,0,1.0,1.0,1.0,1.0,1.0,1,0.5949985965032414,47
793,2,1935,1935,0,0,0,0,1.0,1.0,1.0,1.0,1.0,1,0.5854263654673724,48
794,4,1939,1939,0,0,0,0,1.0,1.0,1.0,1.0,1.0,1,0.6231735545201769,48
795,2,1941,1941,0,0,0,0,1.0,1.0,1.0,1.0,1.0,1,0.6425063308927129,47
796,2,1943,1943,0,0,0,0,1.0,1.0,1.0,1.0,1.0,1,0.6660533777951875,45
797,7,1950,1950,0,0,0,0,1.0,1.0,1.0,1.0,1.0,1,0.6910642028766175,47
798,2,1952,1952,0,0,0,0,1.0,1.0,1.0,1.0,1.0,1,0.671050882176512,48
799,6,1958,1958,0,0,0,0,0.9940616385547622,0.985747932531429,0.9940616385547622,0.985747932531429,1.0,1,0.6891594460271682,48
800,2,1960,1960,0,0,0,0,0.9940616385547622,0.985747932531429,0.9940616385547622,0.985747932531429,1.0,1,0.6722839555091695,48
801,5,1965,1965,0,0,0,0,0.994182829604665,0.985747932531429,0.994182829604665,0.985747932531429,1.0,1,0.6549748981138948,49
802,1,1966,1966,0,0,0,0,0.9697837098039439,0.9280564519141521,0.9697837098039439,0.9280564519141521,1.0,1,0.6498176700072379,50
803,1,1967,1967,0,0,0,0,0.9697837098039439,0.9280564519141521,0.9697837098039439,0.9280564519141521,1.0,1,0.6469468234297255,50
804,1,1968,1968,0,0,0,0,0.9697837098039439,0.9280564519141521,0.9697837098039439,0.9280564519141521,1.0,1,0.641513601867952,50
805,2,1970,1970,0,0,0,0,0.9697837098039439,0.9280564519141521,0.9697837098039439,0.9280564519141521,1.0,1,0.649193334702435,50
806,0,1970,1970,0,0,0,0,0.9703761860822979,0.9280564519141521,0.9703761860822979,0.9280564519141521,1.0,1,0.629188712056302,51
807,2,1972,1972,0,0,0,0,0.9703761860822979,0.9280564519141521,0.9703761860822979,0.9280564519141521,1.0,1,0.6592563124766762,51
808,0,1972,1972,0,0,0,0,0.9582442508244561,0.8994066042589167,0.9582442508244561,0.8994066042589167,1.0,1,0.6470025231574799,53
809,2,1974,1974,0,0,0,0,0.9881414849136986,0.9697607865299313,0.9881414849136986,0.9697607865299313,1.0,1,0.6503485952658064,51
810,2,1976,1976,0,0,0,0,0.9399941192503436,0.8643345304790377,0.9399941192503436,0.8643345304790377,1.0,1,0.6616676830637731,52
811,3,1979,1979,0,0,0,0,0.935931393222984,0.8607204200499651,0.935931393222984,0.8607204200499651,1.0,1,0.6437472643454007,50
812,2,1981,1981,0,0,0,0,0.9598885182718455,0.9070142923574599,0.9598885182718455,0.9070142923574599,1.0,1,0.6121263966169521,51
813,3,1984,1984,0,0,0,0,1.0,1.0,1.0,1.0,1.0,1,0.6130936073605133,51
814,5,1989,1989,0,0,0,0,1.0,1.0,1.0,1.0,1.0,1,0.5787814897902005,52
815,5,1994,1994,0,0,0,0,1.0,1.0,1.0,1.0,1.0,1,0.551609709024055,50
816,5,1999,1999,0,0,0,0,1.0,1.0,1.0,1.0,1.0,1,0.5268253933313769,50
817,3,2002,2002,0,0,0,0,1.0,1.0,1.0,1.0,1.0,1,0.5001583178379734,49
818,5,2007,2007,0,0,0,0,1.0,1.0,1.0,1.0,1.0,1,0.5046586740964093,49
819,3,2010,2010,0,0,0,0,1.0,1.0,1.0,1.0,1.0,1,0.5022983514813445,50
820,2,2012,2012,0,0,0,0,1.0,1.0,1.0,1.0,1.0,1,0.5267194447329027,49
821,6,2018,2018,0,0,0,0,1.0,1.0,1.0,1.0,1.0,1,0.5239132892419522,49
822,3,2021,2021,0,0,0,0,1.0,1.0,1.0,1.0,1.0,1,0.5412945229239955,49
823,5,2026,2026,0,0,0,0,1.0,1.0,1.0,1.0,1.0,1,0.5474690355907593,47
824,1,2027,2027,0,0,0,0,1.0,1.0,1.0,1.0,1.0,1,0.5599917460376977,45
825,8,2035,2035,0,0,0,0,1.0,1.0,1.0,1.0,1.0,1,0.607745421158053,43
826,3,2038,2038,0,0,0,0,1.0,1.0,1.0,1.0,1.0,1,0.5868614736815327,44
827,3,2041,2041,0,0,0,0,1.0,1.0,1.0,1.0,1.0,1,0.5678667993579012,43
828,4,2045,2045,0,0,0,0,1.0,1.0,1.0,1.0,1.0,1,0.5476578398324844,43
829,1,2046,2046,0,0,0,0,1.0,1.0,1.0,1.0,1.0,1,0.5317283598293766,45
830,3,2049,2049,0,0,0,0,1.0,1.0,1.0,1.0,1.0,1,0.534235126067465,46
831,1,2050,2050,0,0,0,0,1.0,1.0,1.0,1.0,1.0,1,0.5230635626651391,48
832,2,2052,2052,0,0,0,0,1.0,1.0,1.0,1.0,1.0,1,0.5283982181936339,47
833,3,2055,2055,0,0,0,0,1.0,1.0,1.0,1.0,1.0,1,0.5424739893940707,47
834,1,2056,2056,0,0,0,0,1.0,1.0,1.0,1.0,1.0,1,0.5378916007346621,46
835,1,2057,2057,0,0,0,0,1.0,1.0,1.0,1.0,1.0,1,0.5417047331420243,45
836,0,2057,2057,0,0,0,0,1.0,1.0,1.0,1.0,1.0,1,0.5489356597489079,46
837,2,2059,2059,0,0,0,0,1.0,1.0,1.0,1.0,1.0,1,0.5204049597406412,46
838,4,2063,2063,0,0,0,0,1.0,1.0,1.0,1.0,1.0,1,0.5189776084303938,45
839,3,2066,2066,0,0,0,0,1.0,1.0,1.0,1.0,1.0,1,0.5312732215546278,46
840,5,2071,2071,0,0,0,0,1.0,1.0,1.0,1.0,1.0,1,0.5231133192563769,46
841,7,2078,2078,0,0,0,0,1.0,1.0,1.0,1.0,1.0,1,0.5311171155609828,46
842,3,2081,2081,0,0,0,0,1.0,1.0,1.0,1.0,1.0,1,0.5200231102902875,46
843,5,2086,2086,0,0,0,0,1.0,1.0,1.0,1.0,1.0,1,0.5324088758456569,46
844,1,2087,2087,0,0,0,0,1.0,1.0,1.0,1.0,1.0,1,0.5412531330900938,47
845,2,2089,2089,0,0,0,0,1.0,1.0,1.0,1.0,1.0,1,0.5196299457605036,48
846,2,2091,2091,0,0,0,0,1.0,1.0,1.0,1.0,1.0,1,0.5117451168019069,47
847,2,2093,2093,0,0,0,0,1.0,1.0,1.0,1.0,1.0,1,0.5006957717866795,48
848,2,2095,2095,0,0,0,0,1.0,1.0,1.0,1.0,1.0,1,0.5131889570012105,48
849,0,2095,2095,0,0,0,0,1.0,1.0,1.0,1.0,1.0,1,0.5130517170064152,48
850,1,2096,2096,0,0,0,0,1.0,1.0,1.0,1.0,1.0,1,0.5442075708122538,46
851,1,2097,2097,0,0,0,0,1.0,1.0,1.0,1.0,1.0,1,0.5624151951918006,45
852,0,2097,2097,0,0,0,0,1.0,1.0,1.0,1.0,1.0,1,0.5648167948104483,44
853,3,2100,2100,0,0,0,0,1.0,1.0,1.0,1.0,1.0,1,0.5333849365646589,44
854,2,2102,2102,0,0,0,0,1.0,1.0,1.0,1.0,1.0,1,0.564083966830413,45
855,2,2104,2104,0,0,0,0,1.0,1.0,1.0,1.0,1.0,1,0.5454589283682617,46
856,3,2107,2107,0,0,0,0,1.0,1.0,1.0,1.0,1.0,1,0.5586139709072767,46
857,5,2112,2112,0,0,0,0,1.0,1.0,1.0,1.0,1.0,1,0.5584705658435934,47
858,4,2116,2116,0,0,0,0,0.9835407610292476,0.9604978264701942,0.9835407610292476,0.9604978264701942,1.0,1,0.6070818269826229,48
859,4,2120,2120,0,0,0,0,1.0,1.0,1.0,1.0,1.0,1,0.5669505344098633,48
860,4,2124,2124,0,0,0,0,1.0,1.0,1.0,1.0,1.0,1,0.5576342158727408,49
861,4,2128,2128,0,0,0,0,1.0,1.0,1.0,1.0,1.0,1,0.5440525864064505,49
862,5,2133,2133,0,0,0,0,1.0,1.0,1.0,1.0,1.0,1,0.5768976584466596,49
863,2,2135,2135,0,0,0,0,0.978222410823184,0.9477337859756415,0.978222410823184,0.9477337859756415,1.0,1,0.5995663146760394,48
864,4,2139,2139,0,0,0,0,1.0,1.0,1.0,1.0,1.0,1,0.5817371582222136,49
865,3,2142,2142,0,0,0,0,1.0,1.0,1.0,1.0,1.0,1,0.5642494545224753,48
866,3,2145,2145,0,0,0,0,1.0,1.0,1.0,1.0,1.0,1,0.5310046116209314,50
867,6,2151,2151,0,0,0,0,1.0,1.0,1.0,1.0,1.0,1,0.5548102518844497,50
868,4,2155,2155,0,0,0,0,1.0,1.0,1.0,1.0,1.0,1,0.5671490030356521,51
869,5,2160,2160,0,0,0,0,0.9965968863756379,0.991662371620313,0.9965968863756379,0.991662371620313,1.0,1,0.5901570400035276,49
870,5,2165,2165,0,0,0,0,1.0,1.0,1.0,1.0,1.0,1,0.5831270060454676,49
871,7,2172,2172,0,0,0,0,1.0,1.0,1.0,1.0,1.0,1,0.5841435705339338,49
872,5,2177,2177,0,0,0,0,1.0,1.0,1.0,1.0,1.0,1,0.5780280201053997,48
873,4,2181,2181,0,0,0,0,1.0,1.0,1.0,1.0,1.0,1,0.568232092882125,49
874,3,2184,2184,0,0,0,0,1.0,1.0,1.0,1.0,1.0,1,0.5810959846245208,49
875,6,2190,2190,0,0,0,0,1.0,1.0,1.0,1.0,1.0,1,0.5860979512907578,50
876,1,2191,2191,0,0,0,0,1.0,1.0,1.0,1.0,1.0,1,0.6027712901340343,50
877,2,2193,2193,0,0,0,0,1.0,1.0,1.0,1.0,1.0,1,0.6243267118269088,50
878,1,2194,2194,0,0,0,0,1.0,1.0,1.0,1.0,1.0,1,0.6345765270238063,49
879,5,2199,2199,0,0,0,0,1.0,1.0,1.0,1.0,1.0,1,0.6157539222899462,49
880,1,2200,2200,0,0,0,0,1.0,1.0,1.0,1.0,1.0,1,0.6115687685156832,48
881,1,2201,2201,0,0,0,0,1.0,1.0,1.0,1.0,1.0,1,0.6076069478529544,49
882,2,2203,2203,0,0,0,0,1.0,1.0,1.0,1.0,1.0,1,0.6062645519274431,48
883,1,2204,2204,0,0,0,0,1.0,1.0,1.0,1.0,1.0,1,0.585133163758799,50
884,0,2204,2204,0,0,0,0,1.0,1.0,1.0,1.0,1.0,1,0.5855685332777794,50
885,1,2205,2205,0,0,0,0,1.0,1.0,1.0,1.0,1.0,1,0.5719128359787339,49
886,0,2205,2205,0,0,0,0,1.0,1.0,1.0,1.0,1.0,1,0.5728961516236039,49
887,2,2207,2207,0,0,0,0,1.0,1.0,1.0,1.0,1.0,1,0.5747435725130624,49
888,3,2210,2210,0,0,0,0,1.0,1.0,1.0,1.0,1.0,1,0.6038381015523988,47
889,1,2211,2211,0,0,0,0,1.0,1.0,1.0,1.0,1.0,1,0.6213232659779967,46
890,0,2211,2211,0,0,0,0,1.0,1.0,1.0,1.0,1.0,1,0.6287144403103392,44
891,1,2212,2212,0,0,0,0,1.0,1.0,1.0,1.0,1.0,1,0.6189119756625472,45
892,1,2213,2213,0,0,0,0,1.0,1.0,1.0,1.0,1.0,1,0.6156426186731171,45
893,1,2214,2214,0,0,0,0,1.0,1.0,1.0,1.0,1.0,1,0.5947558044525068,45
894,3,2217,2217,0,0,0,0,1.0,1.0,1.0,1.0,1.0,1,0.5793077697524769,44
895,1,2218,2218,0,0,0,0,1.0,1.0,1.0,1.0,1.0,1,0.5800640276806078,45
896,2,2220,2220,0,0,0,0,1.0,1.0,1.0,1.0,1.0,1,0.5687100750524386,44
897,1,2221,2221,0,0,0,0,1.0,1.0,1.0,1.0,1.0,1,0.5458190030912645,44
898,3,2224,2224,0,0,0,0,1.0,1.0,1.0,1.0,1.0,1,0.5291423121143876,45
899,3,2227,2227,0,0,0,0,1.0,1.0,1.0,1.0,1.0,1,0.5579051085357863,44
900,3,2230,2230,0,0,0,0,1.0,1.0,1.0,1.0,1.0,1,0.519254370095535,46
901,0,2230,2230,0,0,0,0,1.0,1.0,1.0,1.0,1.0,1,0.5324837947147034,45
902,7,2237,2237,0,0,0,0,1.0,1.0,1.0,1.0,1.0,1,0.5086608771126152,45
903,1,2238,2238,0,0,0,0,1.0,1.0,1.0,1.0,1.0,1,0.5514500191002556,44
904,6,2244,2244,0,0,0,0,1.0,1.0,1.0,1.0,1.0,1,0.5456280192102625,45
905,6,2250,2250,0,0,0,0,1.0,1.0,1.0,1.0,1.0,1,0.5938548188639031,45
906,0,2250,2250,0,0,0,0,1.0,1.0,1.0,1.0,1.0,1,0.5938548188639031,45
907,3,2253,2253,0,0,0,0,1.0,1.0,1.0,1.0,1.0,1,0.6004875071019522,46
908,2,2255,2255,0,0,0,0,1.0,1.0,1.0,1.0,1.0,1,0.6190683657194582,46
909,1,2256,2256,0,0,0,0,1.0,1.0,1.0,1.0,1.0,1,0.595982187795194,46
910,1,2257,2257,0,0,0,0,1.0,1.0,1.0,1.0,1.0,1,0.5939404134637272,44
911,5,2262,2262,0,0,0,0,1.0,1.0,1.0,1.0,1.0,1,0.6282100058897667,45
912,2,2264,2264,0,0,0,0,1.0,1.0,1.0,1.0,1.0,1,0.6527469978212184,44
913,5,2269,2269,0,0,0,0,1.0,1.0,1.0,1.0,1.0,1,0.6650926672449029,45
914,1,2270,2270,0,0,0,0,1.0,1.0,1.0,1.0,1.0,1,0.671704105994547,45
915,2,2272,2272,0,0,0,0,1.0,1.0,1.0,1.0,1.0,1,0.6751119736515991,45
916,3,2275,2275,0,0,0,0,1.0,1.0,1.0,1.0,1.0,1,0.6496348699815051,45
917,2,2277,2277,0,0,0,0,1.0,1.0,1.0,1.0,1.0,1,0.6563254432609685,46
918,3,2280,2280,0,0,0,0,1.0,1.0,1.0,1.0,1.0,1,0.6515551892680165,47
919,5,2285,2285,0,0,0,0,1.0,1.0,1.0,1.0,1.0,1,0.6307471789581984,47
920,2,2287,2287,0,0,0,0,1.0,1.0,1.0,1.0,1.0,1,0.622729751274677,47
921,2,2289,2289,0,0,0,0,1.0,1.0,1.0,1.0,1.0,1,0.6198211632495739,49
922,4,2293,2293,0,0,0,0,1.0,1.0,1.0,1.0,1.0,1,0.5823283329565953,49
923,8,2301,2301,0,0,0,0,1.0,1.0,1.0,1.0,1.0,1,0.5347915408349312,47
924,1,2302,2302,0,0,0,0,1.0,1.0,1.0,1.0,1.0,1,0.5275280551084234,47
925,4,2306,2306,0,0,0,0,1.0,1.0,1.0,1.0,1.0,1,0.5437356147801594,47
926,4,2310,2310,0,0,0,0,1.0,1.0,1.0,1.0,1.0,1,0.5400940687485026,46
927,0,2310,2310,0,0,0,0,1.0,1.0,1.0,1.0,1.0,1,0.5014660439135531,45
928,2,2312,2312,0,0,0,0,1.0,1.0,1.0,1.0,1.0,1,0.46158732728004304,43
929,3,2315,2315,0,0,0,0,1.0,1.0,1.0,1.0,1.0,1,0.5143715879404825,42
930,1,2316,2316,0,0,0,0,1.0,1.0,1.0,1.0,1.0,1,0.5239034339874606,41
931,1,2317,2317,0,0,0,0,1.0,1.0,1.0,1.0,1.0,1,0.5584610292170231,40
932,1,2318,2318,0,0,0,0,1.0,1.0,1.0,1.0,1.0,1,0.5881879711596215,40
933,6,2324,2324,0,0,0,0,1.0,1.0,1.0,1.0,1.0,1,0.6214890301862405,39
934,1,2325,2325,0,0,0,0,1.0,1.0,1.0,1.0,1.0,1,0.5920887589216498,39
935,5,2330,2330,0,0,0,0,1.0,1.0,1.0,1.0,1.0,1,0.6192649475460364,41
936,1,2331,2331,0,0,0,0,1.0,1.0,1.0,1.0,1.0,1,0.5707058461407213,42
937,3,2334,2334,0,0,0,0,1.0,1.0,1.0,1.0,1.0,1,0.6183138786881266,43
938,2,2336,2336,0,0,0,0,1.0,1.0,1.0,1.0,1.0,1,0.6374027338244475,44
939,4,2340,2340,0,0,0,0,1.0,1.0,1.0,1.0,1.0,1,0.6158656688531433,46
940,2,2342,2342,0,0,0,0,0.9894403988079159,0.977920833871097,0.9894403988079159,0.977920833871097,1.0,1,0.6347158468679955,46
941,5,2347,2347,0,0,0,0,0.9615104476300231,0.9230208952600462,0.9615104476300231,0.9230208952600462,1.0,1,0.6309302305303366,46
942,3,2350,2350,0,0,0,0,0.9615104476300232,0.9230208952600462,0.9615104476300232,0.9230208952600462,1.0,1,0.6440862130806456,46
943,1,2351,2351,0,0,0,0,0.9606551242440236,0.9230208952600462,0.9606551242440236,0.9230208952600462,1.0,1,0.6624130396409789,45
944,2,2353,2353,0,0,0,0,0.9606551242440236,0.9230208952600462,0.9606551242440236,0.9230208952600462,1.0,1,0.667563712774374,45
945,1,2354,2354,0,0,0,0,0.931569553029621,0.874544180554305,0.931569553029621,0.874544180554305,1.0,1,0.6951401450990724,44
946,3,2357,2357,0,0,0,0,0.93454478985442,0.874544180554305,0.93454478985442,0.874544180554305,1.0,1,0.6865646050351342,46
947,0,2357,2357,0,0,0,0,0.931569553029621,0.874544180554305,0.931569553029621,0.874544180554305,1.0,1,0.695089312161748,44
948,1,2358,2358,0,0,0,0,0.9315695530296211,0.874544180554305,0.9315695530296211,0.874544180554305,1.0,1,0.6834628166877847,44
949,1,2359,2359,0,0,0,0,0.9050192532493814,0.832833885718911,0.9050192532493814,0.832833885718911,1.0,1,0.6762795058300557,44
950,1,2360,2360,0,0,0,0,0.9028103986737854,0.832833885718911,0.9028103986737854,0.832833885718911,1.0,1,0.6851206926815843,43
951,2,2362,2362,0,0,0,0,0.9004963605469708,0.832833885718911,0.9004963605469708,0.832833885718911,1.0,1,0.683113067515765,42
952,3,2365,2365,0,0,0,0,0.9004963605469708,0.832833885718911,0.9004963605469708,0.832833885718911,1.0,1,0.6889576766385069,42
953,0,2365,2365,0,0,0,0,0.8980694425115311,0.832833885718911,0.8980694425115311,0.832833885718911,1.0,1,0.6963017200164335,41
954,0,2365,2365,0,0,0,0,0.8955211785743196,0.832833885718911,0.8955211785743196,0.832833885718911,1.0,1,0.7036116701675832,40
955,1,2366,2366,0,0,0,0,0.8777728042933062,0.8025560684738022,0.8777728042933062,0.8025560684738022,1.0,1,0.7139861649009874,42
956,1,2367,2367,0,0,0,0,0.8806152972167177,0.8025560684738022,0.8806152972167177,0.8025560684738022,1.0,1,0.6977493597604895,43
957,3,2370,2370,0,0,0,0,0.8777728042933062,0.8025560684738022,0.8777728042933062,0.8025560684738022,1.0,1,0.6727545388692884,42
958,1,2371,2371,0,0,0,0,0.8539826919838429,0.7674539168631573,0.8539826919838429,0.7674539168631573,1.0,1,0.6928210681081598,43
959,1,2372,2372,0,0,0,0,0.8352509745053633,0.7352247804550481,0.8352509745053633,0.7352247804550481,1.0,1,0.6873693445376842,45
960,2,2374,2374,0,0,0,0,0.8422615713349223,0.7352247804550481,0.8422615713349223,0.7352247804550481,1.0,1,0.6625740993355022,47
961,0,2374,2374,0,0,0,0,0.8769414284072052,0.7870140107047783,0.8769414284072052,0.7870140107047783,1.0,1,0.6532745769797834,45
962,1,2375,2375,0,0,0,0,0.8793820837352837,0.7912382218495294,0.8793820837352837,0.7912382218495294,1.0,1,0.6675773644093831,45
963,3,2378,2378,0,0,0,0,0.9215191465569377,0.856118435354386,0.9215191465569377,0.856118435354386,1.0,1,0.6592788515204193,44
964,2,2380,2380,0,0,0,0,0.9790052316772208,0.9560109616094149,0.9790052316772208,0.9560109616094149,1.0,1,0.6331340059266573,44
965,5,2385,2385,0,0,0,0,0.9945907187154996,0.9884086829617849,0.9945907187154996,0.9884086829617849,1.0,1,0.6382698681342636,45
966,4,2389,2389,0,0,0,0,1.0,1.0,1.0,1.0,1.0,1,0.5889552083597731,43
967,4,2393,2393,0,0,0,0,1.0,1.0,1.0,1.0,1.0,1,0.5467022432960448,43
968,5,2398,2398,0,0,0,0,1.0,1.0,1.0,1.0,1.0,1,0.5376848477646949,43
969,4,2402,2402,0,0,0,0,1.0,1.0,1.0,1.0,1.0,1,0.5254360046369415,42
970,0,2402,2402,0,0,0,0,1.0,1.0,1.0,1.0,1.0,1,0.5304742688510494,42
971,2,2404,2404,0,0,0,0,1.0,1.0,1.0,1.0,1.0,1,0.5097872573732567,42
972,3,2407,2407,0,0,0,0,1.0,1.0,1.0,1.0,1.0,1,0.49430227286009004,42
973,1,2408,2408,0,0,0,0,1.0,1.0,1.0,1.0,1.0,1,0.5001126754905053,43
974,2,2410,2410,0,0,0,0,1.0,1.0,1.0,1.0,1.0,1,0.5190619298633596,43
975,2,2412,2412,0,0,0,0,1.0,1.0,1.0,1.0,1.0,1,0.5128412413178968,43
976,6,2418,2418,0,0,0,0,1.0,1.0,1.0,1.0,1.0,1,0.5033855661711073,45
977,0,2418,2418,0,0,0,0,1.0,1.0,1.0,1.0,1.0,1,0.5124530325145694,44
978,3,2421,2421,0,0,0,0,1.0,1.0,1.0,1.0,1.0,1,0.5252143649808574,44
979,4,2425,2425,0,0,0,0,1.0,1.0,1.0,1.0,1.0,1,0.5535029964467164,45
980,2,2427,2427,0,0,0,0,1.0,1.0,1.0,1.0,1.0,1,0.5604596586666227,45
981,4,2431,2431,0,0,0,0,1.0,1.0,1.0,1.0,1.0,1,0.5815464843465082,45
982,3,2434,2434,0,0,0,0,1.0,1.0,1.0,1.0,1.0,1,0.6243202573303754,46
983,2,2436,2436,0,0,0,0,1.0,1.0,1.0,1.0,1.0,1,0.6281093380523011,45
984,5,2441,2441,0,0,0,0,1.0,1.0,1.0,1.0,1.0,1,0.6421350540826819,45
985,3,2444,2444,0,0,0,0,1.0,1.0,1.0,1.0,1.0,1,0.6644422528948503,45
986,1,2445,2445,0,0,0,0,1.0,1.0,1.0,1.0,1.0,1,0.6714516087179189,44
987,2,2447,2447,0,0,0,0,1.0,1.0,1.0,1.0,1.0,1,0.6853771524058009,45
988,0,2447,2447,0,0,0,0,1.0,1.0,1.0,1.0,1.0,1,0.6858176469858777,44
989,1,2448,2448,0,0,0,0,1.0,1.0,1.0,1.0,1.0,1,0.7047325232689613,43
990,1,2449,2449,0,0,0,0,0.9780549876939405,0.958104976506614,0.9780549876939405,0.958104976506614,1.0,1,0.7206288532774697,42
991,1,2450,2450,0,0,0,0,0.9780549876939407,0.958104976506614,0.9780549876939407,0.958104976506614,1.0,1,0.7332656275498503,42
992,2,2452,2452,0,0,0,0,0.9785653368173375,0.958104976506614,0.9785653368173375,0.958104976506614,1.0,1,0.7152976650780822,43
993,1,2453,2453,0,0,0,0,0.9785653368173375,0.958104976506614,0.9785653368173375,0.958104976506614,1.0,1,0.7249927353759573,43
994,0,2453,2453,0,0,0,0,0.9630323633352637,0.9308865923224493,0.9630323633352637,0.9308865923224493,1.0,1,0.7287419184077064,43
995,2,2455,2455,0,0,0,0,0.9658732790389092,0.9361978695075259,0.9658732790389092,0.9361978695075259,1.0,1,0.719952666885955,43
996,0,2455,2455,0,0,0,0,0.9510209383280723,0.910205053601466,0.9510209383280723,0.910205053601466,1.0,1,0.7225926216904204,44
997,1,2456,2456,0,0,0,0,0.9510209383280723,0.910205053601466,0.9510209383280723,0.910205053601466,1.0,1,0.7327390013461722,44
998,0,2456,2456,0,0,0,0,0.9290893780203962,0.872360880436713,0.9290893780203962,0.872360880436713,1.0,1,0.7364608251034863,45
999,0,2456,2456,0,0,0,0,0.9605019606418631,0.9278731455199241,0.9605019606418631,0.9278731455199241,1.0,1,0.7380105667463084,42
1000,0,2456,2456,0,0,0,0,0.9614205196967037,0.9278731455199241,0.9614205196967037,0.9278731455199241,1.0,1,0.7362741394158355,43
1001,0,2456,2456,0,0,0,0,0.9898805052711763,0.9806809646086094,0.9898805052711763,0.9806809646086094,1.0,1,0.7315485809559373,42
1002,0,2456,2456,0,0,0,0,0.9901158423578932,0.9806809646086094,0.9901158423578932,0.9806809646086094,1.0,1,0.7107726930403193,43
1003,2,2458,2458,0,0,0,0,0.9901158423578932,0.9806809646086094,0.9901158423578932,0.9806809646086094,1.0,1,0.6965766832147376,43
1004,0,2458,2458,0,0,0,0,0.9901158423578932,0.9806809646086094,0.9901158423578932,0.9806809646086094,1.0,1,0.6965766832147376,43
1005,2,2460,2460,0,0,0,0,0.9682071311788445,0.9391788596464852,0.9682071311788445,0.9391788596464852,1.0,1,0.690849346725487,44
1006,1,2461,2461,0,0,0,0,0.9425684239787119,0.8899228126258646,0.9425684239787119,0.8899228126258646,1.0,1,0.6800057064368709,46
1007,2,2463,2463,0,0,0,0,0.9425684239787119,0.8899228126258646,0.9425684239787119,0.8899228126258646,1.0,1,0.6845754451994754,46
1008,3,2466,2466,0,0,0,0,0.925462844240048,0.8598701471712903,0.925462844240048,0.8598701471712903,1.0,1,0.6789882831263782,47
1009,3,2469,2469,0,0,0,0,0.9270157016517137,0.8598701471712903,0.9270157016517137,0.8598701471712903,1.0,1,0.6928750559763894,48
1010,1,2470,2470,0,0,0,0,0.9270157016517137,0.8598701471712903,0.9270157016517137,0.8598701471712903,1.0,1,0.6893823034717962,48
1011,1,2471,2471,0,0,0,0,0.9270157016517137,0.8598701471712903,0.9270157016517137,0.8598701471712903,1.0,1,0.6929088932757734,48
1012,3,2474,2474,0,0,0,0,0.9285051771282093,0.8598701471712903,0.9285051771282093,0.8598701471712903,1.0,1,0.6741818628538552,49
1013,3,2477,2477,0,0,0,0,0.9299350735856451,0.8598701471712903,0.9299350735856451,0.8598701471712903,1.0,1,0.6738864218274374,50
1014,3,2480,2480,0,0,0,0,0.9480008280645247,0.891668391801093,0.9480008280645247,0.891668391801093,1.0,1,0.6720495195793061,50
1015,4,2484,2484,0,0,0,0,0.9507364492451296,0.8953149546459003,0.9507364492451296,0.8953149546459003,1.0,1,0.6747669375029501,51
1016,4,2488,2488,0,0,0,0,0.9692561799407302,0.9318289207381409,0.9692561799407302,0.9318289207381409,1.0,1,0.6558842485719374,51
1017,1,2489,2489,0,0,0,0,0.9754494796966549,0.9444944758359154,0.9754494796966549,0.9444944758359154,1.0,1,0.6546908196306851,52
1018,5,2494,2494,0,0,0,0,1.0,1.0,1.0,1.0,1.0,1,0.6126425901040294,52
1019,3,2497,2497,0,0,0,0,1.0,1.0,1.0,1.0,1.0,1,0.6166789397205206,52
1020,3,2500,2500,0,0,0,0,1.0,1.0,1.0,1.0,1.0,1,0.5916752670650338,53
1021,2,2502,2502,0,0,0,0,1.0,1.0,1.0,1.0,1.0,1,0.5898499406937511,53
1022,1,2503,2503,0,0,0,0,1.0,1.0,1.0,1.0,1.0,1,0.5821268789231477,54
1023,4,2507,2507,0,0,0,0,1.0,1.0,1.0,1.0,1.0,1,0.5817003515596011,55
1024,1,2508,2508,0,0,0,0,1.0,1.0,1.0,1.0,1.0,1,0.5756391731867578,55
1025,3,2511,2511,0,0,0,0,1.0,1.0,1.0,1.0,1.0,1,0.5776580256749507,56
1026,3,2514,2514,0,0,0,0,1.0,1.0,1.0,1.0,1.0,1,0.5807778620913249,57
1027,2,2516,2516,0,0,0,0,1.0,1.0,1.0,1.0,1.0,1,0.5710484346690414,58
1028,2,2518,2518,0,0,0,0,1.0,1.0,1.0,1.0,1.0,1,0.5846093453767316,58
1029,4,2522,2522,0,0,0,0,0.9858108056503773,0.9651182305571776,0.9858108056503773,0.9651182305571776,1.0,1,0.6104473903332178,59
1030,4,2526,2526,0,0,0,0,0.9576286379134064,0.9022199336463224,0.9576286379134064,0.9022199336463224,1.0,1,0.6247649365401133,60
1031,1,2527,2527,0,0,0,0,0.9576286379134064,0.9022199336463224,0.9576286379134064,0.9022199336463224,1.0,1,0.6139913340133186,60
1032,4,2531,2531,0,0,0,0,0.932020122404705,0.8519009809531072,0.932020122404705,0.8519009809531072,1.0,1,0.6428069506149285,61
1033,3,2534,2534,0,0,0,0,0.9131791064394525,0.8203705650471432,0.9131791064394525,0.8203705650471432,1.0,1,0.6671511873542572,60
1034,2,2536,2536,0,0,0,0,0.9131791064394527,0.8203705650471432,0.9131791064394527,0.8203705650471432,1.0,1,0.6855969356457317,60
1035,5,2541,2541,0,0,0,0,0.9117075658706297,0.8203705650471432,0.9117075658706297,0.8203705650471432,1.0,1,0.6984928042730475,59
1036,4,2545,2545,0,0,0,0,0.9131791064394525,0.8203705650471432,0.9131791064394525,0.8203705650471432,1.0,1,0.679780620080312,60
1037,3,2548,2548,0,0,0,0,0.9157858995406488,0.8286678645826993,0.9157858995406488,0.8286678645826993,1.0,1,0.6788192054354532,59
1038,6,2554,2554,0,0,0,0,0.9034094257162766,0.8068188514325532,0.9034094257162766,0.8068188514325532,1.0,1,0.6448641712570177,60
1039,3,2557,2557,0,0,0,0,0.8994750994101419,0.798950198820284,0.8994750994101419,0.798950198820284,1.0,1,0.6412675722826446,60
1040,3,2560,2560,0,0,0,0,0.9389032689133715,0.8734424856062696,0.9389032689133715,0.8734424856062696,1.0,1,0.6210290875196857,58
1041,2,2562,2562,0,0,0,0,0.9746994204689897,0.9455064440870548,0.9746994204689897,0.9455064440870548,1.0,1,0.6286797442316185,56
1042,6,2568,2568,0,0,0,0,1.0,1.0,1.0,1.0,1.0,1,0.6128453767840799,55
1043,4,2572,2572,0,0,0,0,1.0,1.0,1.0,1.0,1.0,1,0.630047608539624,55
1044,4,2576,2576,0,0,0,0,1.0,1.0,1.0,1.0,1.0,1,0.6107400555412873,52
1045,5,2581,2581,0,0,0,0,1.0,1.0,1.0,1.0,1.0,1,0.6058599478136132,52
1046,5,2586,2586,0,0,0,0,1.0,1.0,1.0,1.0,1.0,1,0.6031827350825008,53
1047,2,2588,2588,0,0,0,0,1.0,1.0,1.0,1.0,1.0,1,0.5744139534330556,54
1048,2,2590,2590,0,0,0,0,1.0,1.0,1.0,1.0,1.0,1,0.5587923803314724,56
1049,1,2591,2591,0,0,0,0,1.0,1.0,1.0,1.0,1.0,1,0.5572330461573154,55
1050,2,2593,2593,0,0,0,0,1.0,1.0,1.0,1.0,1.0,1,0.5543960653878344,56
1051,0,2593,2593,0,0,0,0,1.0,1.0,1.0,1.0,1.0,1,0.552318967721303,55
1052,1,2594,2594,0,0,0,0,1.0,1.0,1.0,1.0,1.0,1,0.5654175675292645,56
1053,1,2595,2595,0,0,0,0,1.0,1.0,1.0,1.0,1.0,1,0.5788915139790755,56
1054,0,2595,2595,0,0,0,0,1.0,1.0,1.0,1.0,1.0,1,0.5575458743104755,57
1055,2,2597,2597,0,0,0,0,1.0,1.0,1.0,1.0,1.0,1,0.5364373319776796,58
1056,2,2599,2599,0,0,0,0,1.0,1.0,1.0,1.0,1.0,1,0.5334235013775089,59
1057,6,2605,2605,0,0,0,0,1.0,1.0,1.0,1.0,1.0,1,0.554098302463176,60
1058,3,2608,2608,0,0,0,0,1.0,1.0,1.0,1.0,1.0,1,0.5531760551967659,60
1059,6,2614,2614,0,0,0,0,1.0,1.0,1.0,1.0,1.0,1,0.5337232677212997,60
1060,3,2617,2617,0,0,0,0,1.0,1.0,1.0,1.0,1.0,1,0.5456993137628617,60
1061,4,2621,2621,0,0,0,0,0.9838939864074668,0.9586845738278496,0.9838939864074668,0.9586845738278496,1.0,1,0.5618427652512733,59
1062,6,2627,2627,0,0,0,0,0.9683148120858494,0.9221072463777129,0.9683148120858494,0.9221072463777129,1.0,1,0.5751303217212179,59
1063,4,2631,2631,0,0,0,0,0.9527413784521674,0.8903599980090285,0.9527413784521674,0.8903599980090285,1.0,1,0.5734998257348791,58
1064,5,2636,2636,0,0,0,0,0.9314088078213117,0.846988878986003,0.9314088078213117,0.846988878986003,1.0,1,0.5991594882264742,58
1065,7,2643,2643,0,0,0,0,0.909990133648091,0.7999780747735357,0.909990133648091,0.7999780747735357,1.0,1,0.6076547816928192,60
1066,4,2647,2647,0,0,0,0,0.9068863451531977,0.7999780747735357,0.9068863451531977,0.7999780747735357,1.0,1,0.6168283450500301,58
1067,5,2652,2652,0,0,0,0,0.898881009852447,0.7869278421890847,0.898881009852447,0.7869278421890847,1.0,1,0.6258419258972422,59
1068,2,2654,2654,0,0,0,0,0.898881009852447,0.7869278421890847,0.898881009852447,0.7869278421890847,1.0,1,0.6422981462832602,59
1069,3,2657,2657,0,0,0,0,0.9246427509522342,0.8318953675088303,0.9246427509522342,0.8318953675088303,1.0,1,0.6257894669598634,58
1070,4,2661,2661,0,0,0,0,0.9121242377641942,0.8112298440860467,0.9121242377641942,0.8112298440860467,1.0,1,0.6404701953772671,58
1071,1,2662,2662,0,0,0,0,0.9105825577249694,0.8112298440860467,0.9105825577249694,0.8112298440860467,1.0,1,0.6548738659070119,57
1072,1,2663,2663,0,0,0,0,0.9089858176843439,0.8112298440860467,0.9089858176843439,0.8112298440860467,1.0,1,0.6713079672086114,56
1073,6,2669,2669,0,0,0,0,0.9475056460098906,0.881887703522254,0.9475056460098906,0.881887703522254,1.0,1,0.7035616142097486,54
1074,2,2671,2671,0,0,0,0,0.9601716161442077,0.9064898813820524,0.9601716161442077,0.9064898813820524,1.0,1,0.6977503180316856,54
1075,3,2674,2674,0,0,0,0,0.9838376131815891,0.9625326487391382,0.9838376131815891,0.9625326487391382,1.0,1,0.7043176796113371,51
1076,2,2676,2676,0,0,0,0,0.9841467153740195,0.9632492038215908,0.9841467153740195,0.9632492038215908,1.0,1,0.7111353859667097,51
1077,3,2679,2679,0,0,0,0,0.9984010680352549,0.9961168795141905,0.9984010680352549,0.9961168795141905,1.0,1,0.6589614065448305,51
1078,1,2680,2680,0,0,0,0,0.957229237200989,0.9033008841065838,0.957229237200989,0.9033008841065838,1.0,1,0.6689609100231492,52
1079,4,2684,2684,0,0,0,0,0.9611646225397317,0.9138867717185355,0.9611646225397317,0.9138867717185355,1.0,1,0.6381372853404993,51
1080,1,2685,2685,0,0,0,0,0.977294922203428,0.9473655014715829,0.977294922203428,0.9473655014715829,1.0,1,0.6019982018451623,51
1081,3,2688,2688,0,0,0,0,0.9738312324852821,0.9429045072406155,0.9738312324852821,0.9429045072406155,1.0,1,0.623501256275798,48
1082,1,2689,2689,0,0,0,0,1.0,1.0,1.0,1.0,1.0,1,0.6122855443345028,47
1083,1,2690,2690,0,0,0,0,1.0,1.0,1.0,1.0,1.0,1,0.5982103747027837,46
1084,2,2692,2692,0,0,0,0,1.0,1.0,1.0,1.0,1.0,1,0.6112730677119992,45
1085,1,2693,2693,0,0,0,0,1.0,1.0,1.0,1.0,1.0,1,0.5904772601836533,46
1086,2,2695,2695,0,0,0,0,1.0,1.0,1.0,1.0,1.0,1,0.609065998414973,45
1087,0,2695,2695,0,0,0,0,1.0,1.0,1.0,1.0,1.0,1,0.6333811939763783,44
1088,1,2696,2696,0,0,0,0,1.0,1.0,1.0,1.0,1.0,1,0.6004587550767703,45
1089,1,2697,2697,0,0,0,0,1.0,1.0,1.0,1.0,1.0,1,0.6285694557886014,46
1090,2,2699,2699,0,0,0,0,1.0,1.0,1.0,1.0,1.0,1,0.6259351914507847,47
1091,1,2700,2700,0,0,0,0,1.0,1.0,1.0,1.0,1.0,1,0.644823865280909,47
1092,1,2701,2701,0,0,0,0,1.0,1.0,1.0,1.0,1.0,1,0.6495535095803826,48
1093,4,2705,2705,0,0,0,0,0.9885392235610914,0.9738039395682088,0.9885392235610914,0.9738039395682088,1.0,1,0.6394084763845536,48
1094,3,2708,2708,0,0,0,0,0.9707788716098008,0.93624481078502,0.9707788716098008,0.93624481078502,1.0,1,0.6705273439286821,48
1095,5,2713,2713,0,0,0,0,0.9312528023918715,0.8596411382167374,0.9312528023918715,0.8596411382167374,1.0,1,0.7005439563444376,49
1096,3,2716,2716,0,0,0,0,0.9066765291718725,0.81708599717687,0.9066765291718725,0.81708599717687,1.0,1,0.6960136845010062,49
1097,3,2719,2719,0,0,0,0,0.908542998588435,0.81708599717687,0.908542998588435,0.81708599717687,1.0,1,0.6875150280875191,50
1098,1,2720,2720,0,0,0,0,0.9152962391232786,0.8272043278114883,0.9152962391232786,0.8272043278114883,1.0,1,0.6857570137756485,51
1099,6,2726,2726,0,0,0,0,0.9205818213644953,0.8284567341473099,0.9205818213644953,0.8284567341473099,1.0,1,0.6258490542686885,54
1100,4,2730,2730,0,0,0,0,0.9205818213644953,0.8284567341473099,0.9205818213644953,0.8284567341473099,1.0,1,0.6215416456379248,54
1101,4,2734,2734,0,0,0,0,0.9205818213644953,0.8284567341473099,0.9205818213644953,0.8284567341473099,1.0,1,0.5896259530110454,54
1102,4,2738,2738,0,0,0,0,0.9205818213644953,0.8284567341473099,0.9205818213644953,0.8284567341473099,1.0,1,0.6106343470312544,54
1103,3,2741,2741,0,0,0,0,0.9190833651638254,0.8284567341473099,0.9190833651638254,0.8284567341473099,1.0,1,0.6097421100565195,53
1104,2,2743,2743,0,0,0,0,0.9190833651638254,0.8284567341473099,0.9190833651638254,0.8284567341473099,1.0,1,0.6199330484437582,53
1105,6,2749,2749,0,0,0,0,0.9175272760323606,0.8284567341473099,0.9175272760323606,0.8284567341473099,1.0,1,0.6502144034749335,52
1106,1,2750,2750,0,0,0,0,0.8975672055176938,0.7951344110353873,0.8975672055176938,0.7951344110353873,1.0,1,0.6451527747338331,52
1107,3,2753,2753,0,0,0,0,0.8653605674676481,0.7499553395827752,0.8653605674676481,0.7499553395827752,1.0,1,0.6537219084838851,52
1108,3,2756,2756,0,0,0,0,0.8627205785944647,0.7499553395827752,0.8627205785944647,0.7499553395827752,1.0,1,0.6551730267519077,51
1109,1,2757,2757,0,0,0,0,0.8571173369044429,0.7499553395827752,0.8571173369044429,0.7499553395827752,1.0,1,0.6664309119782749,49
1110,3,2760,2760,0,0,0,0,0.8320800960890627,0.7220636073198278,0.8320800960890627,0.7220636073198278,1.0,1,0.7140766187130819,48
1111,4,2764,2764,0,0,0,0,0.8038331861471658,0.6926719916305598,0.8038331861471658,0.6926719916305598,1.0,1,0.7331902203424093,47
1112,2,2766,2766,0,0,0,0,0.7995686901938434,0.6926719916305598,0.7995686901938434,0.6926719916305598,1.0,1,0.747218015731418,46
1113,1,2767,2767,0,0,0,0,0.8259975986330311,0.7327820264721551,0.8259975986330311,0.7327820264721551,1.0,1,0.7524797722684415,43
1114,2,2769,2769,0,0,0,0,0.8624700295348465,0.7831258158049501,0.8624700295348465,0.7831258158049501,1.0,1,0.7646351760342857,41
1115,3,2772,2772,0,0,0,0,0.9167882142878472,0.8613136904797455,0.9167882142878472,0.8613136904797455,1.0,1,0.7557975699964786,40
1116,5,2777,2777,0,0,0,0,0.9417914001542075,0.9012984611310472,0.9417914001542075,0.9012984611310472,1.0,1,0.7326689156459574,39
1117,5,2782,2782,0,0,0,0,1.0,1.0,1.0,1.0,1.0,1,0.7000436376815657,40
1118,5,2787,2787,0,0,0,0,1.0,1.0,1.0,1.0,1.0,1,0.6285028541464704,40
1119,5,2792,2792,0,0,0,0,1.0,1.0,1.0,1.0,1.0,1,0.631378228832609,40
1120,5,2797,2797,0,0,0,0,1.0,1.0,1.0,1.0,1.0,1,0.6455645923835615,40
1121,2,2799,2799,0,0,0,0,1.0,1.0,1.0,1.0,1.0,1,0.6400458964760163,40
1122,1,2800,2800,0,0,0,0,1.0,1.0,1.0,1.0,1.0,1,0.6628626097295677,41
1123,4,2804,2804,0,0,0,0,0.9962686578353538,0.9927149986309289,0.9962686578353538,0.9927149986309289,1.0,1,0.680584236729984,41
1124,2,2806,2806,0,0,0,0,0.9962686578353538,0.9927149986309289,0.9962686578353538,0.9927149986309289,1.0,1,0.6794191218652242,41
1125,1,2807,2807,0,0,0,0,0.9909979850510408,0.9824246374806036,0.9909979850510408,0.9824246374806036,1.0,1,0.6746772298209522,41
1126,2,2809,2809,0,0,0,0,1.0,1.0,1.0,1.0,1.0,1,0.642445654173755,41
1127,1,2810,2810,0,0,0,0,1.0,1.0,1.0,1.0,1.0,1,0.649106501603334,41
1128,2,2812,2812,0,0,0,0,0.9932124251251457,0.9864248502502916,0.9932124251251457,0.9864248502502916,1.0,1,0.6468129963904073,42
1129,2,2814,2814,0,0,0,0,0.993212425125146,0.9864248502502916,0.993212425125146,0.9864248502502916,1.0,1,0.6409897233308613,42
1130,1,2815,2815,0,0,0,0,0.9932124251251457,0.9864248502502916,0.9932124251251457,0.9864248502502916,1.0,1,0.6567090266109944,42
1131,2,2817,2817,0,0,0,0,0.9932124251251457,0.9864248502502916,0.9932124251251457,0.9864248502502916,1.0,1,0.6299103905281069,42
1132,2,2819,2819,0,0,0,0,0.9933702757036309,0.9864248502502916,0.9933702757036309,0.9864248502502916,1.0,1,0.6311768441511564,43
1133,1,2820,2820,0,0,0,0,0.9936649301168027,0.9864248502502916,0.9936649301168027,0.9864248502502916,1.0,1,0.5870137886320502,45
1134,2,2822,2822,0,0,0,0,0.9795603139389396,0.957262474599601,0.9795603139389396,0.957262474599601,1.0,1,0.6016335085339959,46
1135,1,2823,2823,0,0,0,0,0.9791060986931382,0.957262474599601,0.9791060986931382,0.957262474599601,1.0,1,0.5945389093036271,45
1136,1,2824,2824,0,0,0,0,0.9556292466692377,0.9074001669618872,0.9556292466692377,0.9074001669618872,1.0,1,0.5855573839343452,48
1137,0,2824,2824,0,0,0,0,0.9314894754150321,0.860124345639024,0.9314894754150321,0.860124345639024,1.0,1,0.5961540092139914,49
1138,3,2827,2827,0,0,0,0,0.9314894754150321,0.860124345639024,0.9314894754150321,0.860124345639024,1.0,1,0.6329931236404942,49
1139,6,2833,2833,0,0,0,0,0.9110924213771355,0.8257411458991857,0.9110924213771355,0.8257411458991857,1.0,1,0.6459212906116276,49
1140,6,2839,2839,0,0,0,0,0.9446775318954492,0.8821390896903049,0.9446775318954492,0.8821390896903049,1.0,1,0.6409107781590783,49
1141,3,2842,2842,0,0,0,0,0.933538220115723,0.8612971550241175,0.933538220115723,0.8612971550241175,1.0,1,0.664479902444301,48
1142,9,2851,2851,0,0,0,0,0.9729485498094349,0.938168113850137,0.9729485498094349,0.938168113850137,1.0,1,0.6597232126906389,48
1143,4,2855,2855,0,0,0,0,0.9992374768014264,0.9981699443234234,0.9992374768014264,0.9981699443234234,1.0,1,0.6319009756049735,48
1144,6,2861,2861,0,0,0,0,1.0,1.0,1.0,1.0,1.0,1,0.6048779711637728,48
1145,6,2867,2867,0,0,0,0,1.0,1.0,1.0,1.0,1.0,1,0.5765540059469092,48
1146,3,2870,2870,0,0,0,0,1.0,1.0,1.0,1.0,1.0,1,0.6082534492721623,48
1147,5,2875,2875,0,0,0,0,1.0,1.0,1.0,1.0,1.0,1,0.5941195567706804,46
1148,0,2875,2875,0,0,0,0,1.0,1.0,1.0,1.0,1.0,1,0.5941195567706804,46
1149,5,2880,2880,0,0,0,0,1.0,1.0,1.0,1.0,1.0,1,0.6560723202445129,45
1150,3,2883,2883,0,0,0,0,0.9669966485906706,0.9309929925077655,0.9669966485906706,0.9309929925077655,1.0,1,0.6871796585214983,46
1151,2,2885,2885,0,0,0,0,0.9595054481798883,0.9190108963597765,0.9595054481798883,0.9190108963597765,1.0,1,0.6865053340749759,44
1152,0,2885,2885,0,0,0,0,0.9837695498898835,0.9659933426264226,0.9837695498898835,0.9659933426264226,1.0,1,0.6650414858739618,44
1153,3,2888,2888,0,0,0,0,1.0,1.0,1.0,1.0,1.0,1,0.6353682770086022,43
1154,2,2890,2890,0,0,0,0,1.0,1.0,1.0,1.0,1.0,1,0.6296271923094767,43
1155,3,2893,2893,0,0,0,0,1.0,1.0,1.0,1.0,1.0,1,0.6230693817044165,43
1156,3,2896,2896,0,0,0,0,1.0,1.0,1.0,1.0,1.0,1,0.5838779638906225,42
1157,2,2898,2898,0,0,0,0,1.0,1.0,1.0,1.0,1.0,1,0.5927871486120387,42
1158,1,2899,2899,0,0,0,0,1.0,1.0,1.0,1.0,1.0,1,0.5613189551577782,41
1159,2,2901,2901,0,0,0,0,1.0,1.0,1.0,1.0,1.0,1,0.559942820173501,41
1160,1,2902,2902,0,0,0,0,1.0,1.0,1.0,1.0,1.0,1,0.5658979967683007,41
1161,1,2903,2903,0,0,0,0,1.0,1.0,1.0,1.0,1.0,1,0.5694698005044208,42
1162,0,2903,2903,0,0,0,0,1.0,1.0,1.0,1.0,1.0,1,0.5631646552591288,43
1163,1,2904,2904,0,0,0,0,1.0,1.0,1.0,1.0,1.0,1,0.595636125890352,43
1164,1,2905,2905,0,0,0,0,1.0,1.0,1.0,1.0,1.0,1,0.589627130975965,44
1165,1,2906,2906,0,0,0,0,1.0,1.0,1.0,1.0,1.0,1,0.5988192948774473,44
1166,2,2908,2908,0,0,0,0,1.0,1.0,1.0,1.0,1.0,1,0.6471668228369555,46
1167,2,2910,2910,0,0,0,0,1.0,1.0,1.0,1.0,1.0,1,0.6785852845404489,46
1168,1,2911,2911,0,0,0,0,1.0,1.0,1.0,1.0,1.0,1,0.6739110727331011,47
1169,1,2912,2912,0,0,0,0,0.9997783485874289,0.9994902017510865,0.9997783485874289,0.9994902017510865,1.0,1,0.6765437370671026,46
1170,3,2915,2915,0,0,0,0,0.9854703110384252,0.9667892823735436,0.9854703110384252,0.9667892823735436,1.0,1,0.6777714906764906,48
1171,1,2916,2916,0,0,0,0,0.9857668353029473,0.9667892823735436,0.9857668353029473,0.9667892823735436,1.0,1,0.6530431489003139,49
1172,0,2916,2916,0,0,0,0,0.9857668353029472,0.9667892823735436,0.9857668353029472,0.9667892823735436,1.0,1,0.6530431489003139,49
1173,2,2918,2918,0,0,0,0,0.9712740204638208,0.9360194092148737,0.9712740204638208,0.9360194092148737,1.0,1,0.6429214051370996,49
1174,1,2919,2919,0,0,0,0,0.9712740204638208,0.9360194092148737,0.9712740204638208,0.9360194092148737,1.0,1,0.6561853096839381,49
1175,0,2919,2919,0,0,0,0,0.9583344508193687,0.9094227191725407,0.9583344508193687,0.9094227191725407,1.0,1,0.6591700424845961,50
1176,0,2919,2919,0,0,0,0,0.9352438620838074,0.859695034514916,0.9352438620838074,0.859695034514916,1.0,1,0.6612658830955439,52
1177,0,2919,2919,0,0,0,0,0.9352438620838074,0.859695034514916,0.9352438620838074,0.859695034514916,1.0,1,0.6612658830955439,52
1178,2,2921,2921,0,0,0,0,0.9352438620838074,0.859695034514916,0.9352438620838074,0.859695034514916,1.0,1,0.6352745011595982,52
1179,4,2925,2925,0,0,0,0,0.9364656760067545,0.859695034514916,0.9364656760067545,0.859695034514916,1.0,1,0.6339563344755874,53
1180,1,2926,2926,0,0,0,0,0.9376422375621849,0.859695034514916,0.9376422375621849,0.859695034514916,1.0,1,0.6384941907465054,54
1181,4,2930,2930,0,0,0,0,0.885804675569557,0.7673798946787272,0.885804675569557,0.7673798946787272,1.0,1,0.6737674194623376,55
1182,0,2930,2930,0,0,0,0,0.8858046755695571,0.7673798946787272,0.8858046755695571,0.7673798946787272,1.0,1,0.6737674194623376,55
1183,1,2931,2931,0,0,0,0,0.8606063327588882,0.7361477012936098,0.8606063327588882,0.7361477012936098,1.0,1,0.6917696119319661,53
1184,1,2932,2932,0,0,0,0,0.843304217336067,0.7082216460740558,0.843304217336067,0.7082216460740558,1.0,1,0.6855270619747096,54
1185,0,2932,2932,0,0,0,0,0.8403476931348607,0.7082216460740558,0.8403476931348607,0.7082216460740558,1.0,1,0.6953705689773491,53
1186,0,2932,2932,0,0,0,0,0.824412000705,0.683941601269,0.824412000705,0.683941601269,1.0,1,0.6934947260699249,54
1187,0,2932,2932,0,0,0,0,0.8105192052230641,0.6638243963635009,0.8105192052230641,0.6638243963635009,1.0,1,0.69667986775053,55
1188,2,2934,2934,0,0,0,0,0.8432487750854437,0.7027131941275657,0.8432487750854437,0.7027131941275657,1.0,1,0.6898642936066568,55
1189,1,2935,2935,0,0,0,0,0.8705174195031875,0.7410348390063751,0.8705174195031875,0.7410348390063751,1.0,1,0.6839889733422478,54
1190,2,2937,2937,0,0,0,0,0.9246585119950891,0.8273424233220792,0.9246585119950891,0.8273424233220792,1.0,1,0.6615939263526279,55
1191,5,2942,2942,0,0,0,0,0.9592321952853377,0.8999335702458289,0.9592321952853377,0.8999335702458289,1.0,1,0.6664250003188379,54
1192,3,2945,2945,0,0,0,0,1.0,1.0,1.0,1.0,1.0,1,0.645338211781629,52
1193,7,2952,2952,0,0,0,0,1.0,1.0,1.0,1.0,1.0,1,0.6415034520409117,53
1194,3,2955,2955,0,0,0,0,1.0,1.0,1.0,1.0,1.0,1,0.6176984355942795,53
1195,4,2959,2959,0,0,0,0,1.0,1.0,1.0,1.0,1.0,1,0.5930040035161596,54
1196,3,2962,2962,0,0,0,0,1.0,1.0,1.0,1.0,1.0,1,0.6275475369765643,56
1197,6,2968,2968,0,0,0,0,1.0,1.0,1.0,1.0,1.0,1,0.6163134768996847,56
1198,4,2972,2972,0,0,0,0,1.0,1.0,1.0,1.0,1.0,1,0.5909318107650836,58
1199,2,2974,2974,0,0,0,0,1.0,1.0,1.0,1.0,1.0,1,0.5680220664836492,58
1200,1,2975,2975,0,0,0,0,1.0,1.0,1.0,1.0,1.0,1,0.5723592083257837,58
1201,2,2977,2977,0,0,0,0,1.0,1.0,1.0,1.0,1.0,1,0.576346444492913,58
1202,1,2978,2978,0,0,0,0,1.0,1.0,1.0,1.0,1.0,1,0.5501188775778377,60
1203,1,2979,2979,0,0,0,0,1.0,1.0,1.0,1.0,1.0,1,0.5626596449742276,58
1204,2,2981,2981,0,0,0,0,1.0,1.0,1.0,1.0,1.0,1,0.5831146467907563,59
1205,1,2982,2982,0,0,0,0,1.0,1.0,1.0,1.0,1.0,1,0.5864992546552287,59
1206,0,2982,2982,0,0,0,0,1.0,1.0,1.0,1.0,1.0,1,0.5971032479886607,58
1207,1,2983,2983,0,0,0,0,1.0,1.0,1.0,1.0,1.0,1,0.5914515233359111,60
1208,1,2984,2984,0,0,0,0,1.0,1.0,1.0,1.0,1.0,1,0.5799988728222847,60
1209,1,2985,2985,0,0,0,0,0.9865171774719835,0.9626158102632273,0.9865171774719835,0.9626158102632273,1.0,1,0.5957899403672,61
1210,1,2986,2986,0,0,0,0,0.9865171774719836,0.9626158102632273,0.9865171774719836,0.9626158102632273,1.0,1,0.5879041051437233,61
1211,0,2986,2986,0,0,0,0,0.9869452035839842,0.9626158102632273,0.9869452035839842,0.9626158102632273,1.0,1,0.5733814632469348,63
1212,3,2989,2989,0,0,0,0,0.9679280216763482,0.9121506680699969,0.9679280216763482,0.9121506680699969,1.0,1,0.5760779213538944,63
1213,4,2993,2993,0,0,0,0,0.9627808192333449,0.8980518092043793,0.9627808192333449,0.8980518092043793,1.0,1,0.5742642309659007,63
1214,3,2996,2996,0,0,0,0,0.9335842643926834,0.8352889756938549,0.9335842643926834,0.8352889756938549,1.0,1,0.597050709218892,62
1215,2,2998,2998,0,0,0,0,0.937588530853634,0.842723097751158,0.937588530853634,0.842723097751158,1.0,1,0.583101731087361,63
1216,2,3000,3000,0,0,0,0,0.909738824167961,0.7860475832129448,0.909738824167961,0.7860475832129448,1.0,1,0.5945048915878798,64
1217,4,3004,3004,0,0,0,0,0.9067660029814888,0.7755477849554362,0.9067660029814888,0.7755477849554362,1.0,1,0.5938468350042685,65
1218,2,3006,3006,0,0,0,0,0.9053092217780746,0.7755477849554362,0.9053092217780746,0.7755477849554362,1.0,1,0.6119778754523256,64
1219,6,3012,3012,0,0,0,0,0.9060331533839419,0.773783517405786,0.9060331533839419,0.773783517405786,1.0,1,0.6033733869240849,65
1220,5,3017,3017,0,0,0,0,0.904564921405566,0.773783517405786,0.904564921405566,0.773783517405786,1.0,1,0.6232141030926144,64
1221,5,3022,3022,0,0,0,0,0.9220027717648418,0.8050069294121045,0.9220027717648418,0.8050069294121045,1.0,1,0.6015619060625517,65
1222,2,3024,3024,0,0,0,0,0.923184547950223,0.8050069294121045,0.923184547950223,0.8050069294121045,1.0,1,0.600479630784757,66
1223,7,3031,3031,0,0,0,0,0.9207840650736675,0.8050069294121045,0.9207840650736675,0.8050069294121045,1.0,1,0.5762191675947286,64
1224,3,3034,3034,0,0,0,0,0.923184547950223,0.8050069294121045,0.923184547950223,0.8050069294121045,1.0,1,0.565282065264587,66
1225,3,3037,3037,0,0,0,0,0.910204324400754,0.7804994596462879,0.910204324400754,0.7804994596462879,1.0,1,0.5882394450884035,66
1226,4,3041,3041,0,0,0,0,0.895209527530238,0.7455088525734349,0.895209527530238,0.7455088525734349,1.0,1,0.5698059252646285,68
1227,3,3044,3044,0,0,0,0,0.9206439846195716,0.8046621159866378,0.9206439846195716,0.8046621159866378,1.0,1,0.5720848255151396,64
1228,2,3046,3046,0,0,0,0,0.9180841131556868,0.8046621159866378,0.9180841131556868,0.8046621159866378,1.0,1,0.5931648065996346,62
1229,3,3049,3049,0,0,0,0,0.9349793398140135,0.8413495891461928,0.9349793398140135,0.8413495891461928,1.0,1,0.6102937212007853,61
1230,1,3050,3050,0,0,0,0,0.9484596831236526,0.875444234215494,0.9484596831236526,0.875444234215494,1.0,1,0.6058340814921823,58
1231,2,3052,3052,0,0,0,0,0.947759069995242,0.8759277912386997,0.947759069995242,0.8759277912386997,1.0,1,0.6145629949544671,57
1232,0,3052,3052,0,0,0,0,0.9835040968992073,0.9602598698026356,0.9835040968992073,0.9602598698026356,1.0,1,0.6256207189113652,53
1233,2,3054,3054,0,0,0,0,0.9835040968992071,0.9602598698026356,0.9835040968992071,0.9602598698026356,1.0,1,0.644913420005723,53
1234,2,3056,3056,0,0,0,0,0.983809576586259,0.9602598698026356,0.983809576586259,0.9602598698026356,1.0,1,0.6322108407243071,54
1235,1,3057,3057,0,0,0,0,0.924883422233576,0.8347435289138673,0.924883422233576,0.8347435289138673,1.0,1,0.6530446784846384,55
1236,2,3059,3059,0,0,0,0,0.924883422233576,0.8347435289138673,0.924883422233576,0.8347435289138673,1.0,1,0.6434445083060562,55
1237,2,3061,3061,0,0,0,0,0.9253983840625276,0.8358764449375607,0.9253983840625276,0.8358764449375607,1.0,1,0.6382681192931079,55
1238,2,3063,3063,0,0,0,0,0.9684193242927276,0.9258540657307517,0.9684193242927276,0.9258540657307517,1.0,1,0.6407760918827036,54
1239,2,3065,3065,0,0,0,0,0.9740159021353779,0.9378641138019909,0.9740159021353779,0.9378641138019909,1.0,1,0.6294941065008334,55
1240,3,3068,3068,0,0,0,0,0.9864705154596989,0.9661762886492473,0.9864705154596989,0.9661762886492473,1.0,1,0.6280544238400839,55
1241,1,3069,3069,0,0,0,0,1.0,1.0,1.0,1.0,1.0,1,0.615861851000324,54
1242,2,3071,3071,0,0,0,0,1.0,1.0,1.0,1.0,1.0,1,0.611619160482794,54
1243,2,3073,3073,0,0,0,0,1.0,1.0,1.0,1.0,1.0,1,0.6284271488084573,55
1244,6,3079,3079,0,0,0,0,1.0,1.0,1.0,1.0,1.0,1,0.6143667176692171,55
1245,3,3082,3082,0,0,0,0,1.0,1.0,1.0,1.0,1.0,1,0.6392896312136842,55
1246,4,3086,3086,0,0,0,0,0.9795072543796249,0.9509956082991031,0.9795072543796249,0.9509956082991031,1.0,1,0.6328884929277053,55
1247,3,3089,3089,0,0,0,0,0.9660914947744034,0.919467300089208,0.9660914947744034,0.919467300089208,1.0,1,0.6573743473331684,57
1248,3,3092,3092,0,0,0,0,0.9439594048623446,0.8744690668916519,0.9439594048623446,0.8744690668916519,1.0,1,0.6704025283964081,56
1249,4,3096,3096,0,0,0,0,0.9439594048623446,0.8744690668916519,0.9439594048623446,0.8744690668916519,1.0,1,0.6657453863451028,56
1250,5,3101,3101,0,0,0,0,0.9439594048623446,0.8744690668916519,0.9439594048623446,0.8744690668916519,1.0,1,0.6379773664967718,56
1251,3,3104,3104,0,0,0,0,0.9317997906340559,0.8478610714144323,0.9317997906340559,0.8478610714144323,1.0,1,0.6161932363514856,58
1252,3,3107,3107,0,0,0,0,0.9317997906340559,0.8478610714144323,0.9317997906340559,0.8478610714144323,1.0,1,0.6235788271288196,58
1253,2,3109,3109,0,0,0,0,0.9317997906340559,0.8478610714144323,0.9317997906340559,0.8478610714144323,1.0,1,0.6423456364280086,58
1254,2,3111,3111,0,0,0,0,0.8935000692979199,0.7717858627812568,0.8935000692979199,0.7717858627812568,1.0,1,0.6231654088911428,60
1255,2,3113,3113,0,0,0,0,0.8613706006604808,0.7181202213429775,0.8613706006604808,0.7181202213429775,1.0,1,0.6264872949778931,61
1256,2,3115,3115,0,0,0,0,0.8613706006604808,0.7181202213429775,0.8613706006604808,0.7181202213429775,1.0,1,0.6290862447591253,61
1257,0,3115,3115,0,0,0,0,0.863606558714344,0.7181202213429775,0.863606558714344,0.7181202213429775,1.0,1,0.6165142632996838,62
1258,3,3118,3118,0,0,0,0,0.8504348176643198,0.6960449520274884,0.8504348176643198,0.6960449520274884,1.0,1,0.6265462331657023,63
1259,4,3122,3122,0,0,0,0,0.8504348176643197,0.6960449520274884,0.8504348176643197,0.6960449520274884,1.0,1,0.6202756909308619,63
1260,1,3123,3123,0,0,0,0,0.8504348176643197,0.6960449520274884,0.8504348176643197,0.6960449520274884,1.0,1,0.6220372820941704,63
1261,3,3126,3126,0,0,0,0,0.8504348176643197,0.6960449520274884,0.8504348176643197,0.6960449520274884,1.0,1,0.6334184222000301,63
1262,3,3129,3129,0,0,0,0,0.8391784636814492,0.6783569273628983,0.8391784636814492,0.6783569273628983,1.0,1,0.638999813622415,64
1263,4,3133,3133,0,0,0,0,0.839113104690078,0.6832539248585913,0.839113104690078,0.6832539248585913,1.0,1,0.6339025211123611,63
1264,5,3138,3138,0,0,0,0,0.8746746250020964,0.7368167125044026,0.8746746250020964,0.7368167125044026,1.0,1,0.6260343877945774,63
1265,6,3144,3144,0,0,0,0,0.9007874525887966,0.7874016841188499,0.9007874525887966,0.7874016841188499,1.0,1,0.6245060961319362,60
1266,4,3148,3148,0,0,0,0,0.9317067615379695,0.8397735559160052,0.9317067615379695,0.8397735559160052,1.0,1,0.5934166031731098,61
1267,6,3154,3154,0,0,0,0,0.9306794022590147,0.845361743500879,0.9306794022590147,0.845361743500879,1.0,1,0.5888825785927075,58
1268,5,3159,3159,0,0,0,0,1.0,1.0,1.0,1.0,1.0,1,0.573764414865011,54
1269,3,3162,3162,0,0,0,0,1.0,1.0,1.0,1.0,1.0,1,0.5658520128521615,54
1270,2,3164,3164,0,0,0,0,1.0,1.0,1.0,1.0,1.0,1,0.5640731774183154,51
1271,1,3165,3165,0,0,0,0,1.0,1.0,1.0,1.0,1.0,1,0.5862087254824762,50
1272,4,3169,3169,0,0,0,0,1.0,1.0,1.0,1.0,1.0,1,0.6100647179045309,47
1273,1,3170,3170,0,0,0,0,1.0,1.0,1.0,1.0,1.0,1,0.6145607879609316,47
1274,4,3174,3174,0,0,0,0,1.0,1.0,1.0,1.0,1.0,1,0.6487654780124422,49
1275,2,3176,3176,0,0,0,0,1.0,1.0,1.0,1.0,1.0,1,0.6770865492983459,48
1276,4,3180,3180,0,0,0,0,1.0,1.0,1.0,1.0,1.0,1,0.6415508749702847,49
1277,2,3182,3182,0,0,0,0,1.0,1.0,1.0,1.0,1.0,1,0.6294607791364072,50
1278,4,3186,3186,0,0,0,0,1.0,1.0,1.0,1.0,1.0,1,0.6242246953221816,51
1279,4,3190,3190,0,0,0,0,1.0,1.0,1.0,1.0,1.0,1,0.6437680073753451,51
1280,1,3191,3191,0,0,0,0,1.0,1.0,1.0,1.0,1.0,1,0.6177416175196156,52
1281,4,3195,3195,0,0,0,0,0.9846847587391893,0.9653742371494712,0.9846847587391893,0.9653742371494712,1.0,1,0.627655295663298,52
1282,3,3198,3198,0,0,0,0,0.9439814881819719,0.8834814954185015,0.9439814881819719,0.8834814954185015,1.0,1,0.6275085575134721,52
1283,1,3199,3199,0,0,0,0,0.943981488181972,0.8834814954185015,0.943981488181972,0.8834814954185015,1.0,1,0.6311010839237258,52
1284,2,3201,3201,0,0,0,0,0.9255635579506657,0.8511271159013315,0.9255635579506657,0.8511271159013315,1.0,1,0.6439769180286612,52
1285,0,3201,3201,0,0,0,0,0.9056524452485702,0.8217879521361883,0.9056524452485702,0.8217879521361883,1.0,1,0.6676407308505397,51
1286,0,3201,3201,0,0,0,0,0.8871029693704494,0.7903340859736917,0.8871029693704494,0.7903340859736917,1.0,1,0.6720826099974161,52
1287,2,3203,3203,0,0,0,0,0.8588236867445208,0.7458826361401373,0.8588236867445208,0.7458826361401373,1.0,1,0.6862537032800239,54
1288,2,3205,3205,0,0,0,0,0.8780663485822736,0.7687465231732776,0.8780663485822736,0.7687465231732776,1.0,1,0.6731655851248272,55
1289,3,3208,3208,0,0,0,0,0.9146645161639089,0.8230078853769962,0.9146645161639089,0.8230078853769962,1.0,1,0.6300338331779164,56
1290,4,3212,3212,0,0,0,0,0.9388135928771857,0.865860568999984,0.9388135928771857,0.865860568999984,1.0,1,0.611119937702527,57
1291,7,3219,3219,0,0,0,0,0.9551683523399848,0.8959905774287645,0.9551683523399848,0.8959905774287645,1.0,1,0.6155796905940973,58
1292,3,3222,3222,0,0,0,0,0.9934186737801541,0.9831174675230044,0.9934186737801541,0.9831174675230044,1.0,1,0.5879339786285308,59
1293,5,3227,3227,0,0,0,0,1.0,1.0,1.0,1.0,1.0,1,0.5814837746144302,59
1294,4,3231,3231,0,0,0,0,0.995203762338539,0.9876966077379914,0.995203762338539,0.9876966077379914,1.0,1,0.567390008523839,59
1295,2,3233,3233,0,0,0,0,0.995203762338539,0.9876966077379914,0.995203762338539,0.9876966077379914,1.0,1,0.5631811207218484,59
1296,3,3236,3236,0,0,0,0,0.9771473654148566,0.9438206066448557,0.9771473654148566,0.9438206066448557,1.0,1,0.5906971652235513,59
1297,2,3238,3238,0,0,0,0,0.9735654067162857,0.9328120754038925,0.9735654067162857,0.9328120754038925,1.0,1,0.5856900638944444,61
1298,2,3240,3240,0,0,0,0,0.9570070453346028,0.8950971906164306,0.9570070453346028,0.8950971906164306,1.0,1,0.5974533396536,61
1299,8,3248,3248,0,0,0,0,0.9509103343985574,0.882184802556538,0.9509103343985574,0.882184802556538,1.0,1,0.6169718687425367,60
1300,1,3249,3249,0,0,0,0,0.9500783061680246,0.882184802556538,0.9500783061680246,0.882184802556538,1.0,1,0.6235845973166203,59
1301,5,3254,3254,0,0,0,0,0.9500783061680246,0.882184802556538,0.9500783061680246,0.882184802556538,1.0,1,0.6321360844991736,59
1302,1,3255,3255,0,0,0,0,0.9500783061680246,0.882184802556538,0.9500783061680246,0.882184802556538,1.0,1,0.64995266490289,59
1303,4,3259,3259,0,0,0,0,0.9833576286952832,0.9602030251408946,0.9833576286952832,0.9602030251408946,1.0,1,0.6570572559454426,55
1304,6,3265,3265,0,0,0,0,0.9836548138971531,0.9602030251408946,0.9836548138971531,0.9602030251408946,1.0,1,0.6298110906606451,56
1305,8,3273,3273,0,0,0,0,0.9565742352316009,0.9022920292711021,0.9565742352316009,0.9022920292711021,1.0,1,0.6472851148949977,54
1306,0,3273,3273,0,0,0,0,0.9734139668052504,0.9387365322034033,0.9734139668052504,0.9387365322034033,1.0,1,0.6431253930680154,53
1307,5,3278,3278,0,0,0,0,0.9762900803016259,0.9463949641601975,0.9762900803016259,0.9463949641601975,1.0,1,0.6210494755926507,52
1308,5,3283,3283,0,0,0,0,0.9549213106341591,0.9023295063740114,0.9549213106341591,0.9023295063740114,1.0,1,0.612588506833015,52
1309,3,3286,3286,0,0,0,0,0.9397943227943342,0.8699557372357616,0.9397943227943342,0.8699557372357616,1.0,1,0.6054022723356587,54
1310,1,3287,3287,0,0,0,0,0.9622929001474796,0.9183012836528723,0.9622929001474796,0.9183012836528723,1.0,1,0.6189276636413298,52
1311,2,3289,3289,0,0,0,0,0.9610027360028841,0.9171308140061291,0.9610027360028841,0.9171308140061291,1.0,1,0.6202258113682046,51
1312,2,3291,3291,0,0,0,0,0.9842464429094898,0.9664380740245652,0.9842464429094898,0.9664380740245652,1.0,1,0.6478632911012865,49
1313,1,3292,3292,0,0,0,0,1.0,1.0,1.0,1.0,1.0,1,0.6491403285604223,47
1314,2,3294,3294,0,0,0,0,1.0,1.0,1.0,1.0,1.0,1,0.6340630015041776,46
1315,0,3294,3294,0,0,0,0,1.0,1.0,1.0,1.0,1.0,1,0.6508381740683983,45
1316,5,3299,3299,0,0,0,0,1.0,1.0,1.0,1.0,1.0,1,0.6087420373870412,46
1317,1,3300,3300,0,0,0,0,1.0,1.0,1.0,1.0,1.0,1,0.5976611068625031,45
1318,3,3303,3303,0,0,0,0,1.0,1.0,1.0,1.0,1.0,1,0.5974612046063656,46
1319,1,3304,3304,0,0,0,0,1.0,1.0,1.0,1.0,1.0,1,0.5808252776642735,46
1320,2,3306,3306,0,0,0,0,1.0,1.0,1.0,1.0,1.0,1,0.5638894407078191,46
1321,3,3309,3309,0,0,0,0,1.0,1.0,1.0,1.0,1.0,1,0.5455543540466282,48
1322,2,3311,3311,0,0,0,0,1.0,1.0,1.0,1.0,1.0,1,0.544811862967606,49
1323,3,3314,3314,0,0,0,0,1.0,1.0,1.0,1.0,1.0,1,0.5378527769023871,49
1324,1,3315,3315,0,0,0,0,1.0,1.0,1.0,1.0,1.0,1,0.5537400494174254,50
1325,3,3318,3318,0,0,0,0,1.0,1.0,1.0,1.0,1.0,1,0.5506641706754567,49
1326,2,3320,3320,0,0,0,0,1.0,1.0,1.0,1.0,1.0,1,0.5661945796469939,50
1327,1,3321,3321,0,0,0,0,1.0,1.0,1.0,1.0,1.0,1,0.582797677388165,50
1328,1,3322,3322,0,0,0,0,1.0,1.0,1.0,1.0,1.0,1,0.625942618904397,49
1329,0,3322,3322,0,0,0,0,1.0,1.0,1.0,1.0,1.0,1,0.6223064206182275,50
1330,3,3325,3325,0,0,0,0,1.0,1.0,1.0,1.0,1.0,1,0.653038318207252,50
1331,1,3326,3326,0,0,0,0,1.0,1.0,1.0,1.0,1.0,1,0.6663580077742572,50
1332,1,3327,3327,0,0,0,0,1.0,1.0,1.0,1.0,1.0,1,0.6385366490913549,51
1333,4,3331,3331,0,0,0,0,1.0,1.0,1.0,1.0,1.0,1,0.6182571914632912,52
1334,2,3333,3333,0,0,0,0,0.9988123397309914,0.996946016451121,0.9988123397309914,0.996946016451121,1.0,1,0.6369665086985327,54
1335,4,3337,3337,0,0,0,0,0.9806588681592255,0.9525263127544629,0.9806588681592255,0.9525263127544629,1.0,1,0.6643669557399476,54
1336,3,3340,3340,0,0,0,0,0.9420314072075976,0.8647399501510612,0.9420314072075976,0.8647399501510612,1.0,1,0.6453919171273781,56
1337,3,3343,3343,0,0,0,0,0.9031814037563947,0.7877438466967112,0.9031814037563947,0.7877438466967112,1.0,1,0.6562966977609271,57
1338,2,3345,3345,0,0,0,0,0.8889456701961577,0.7655519704141107,0.8889456701961577,0.7655519704141107,1.0,1,0.6554567050440746,57
1339,7,3352,3352,0,0,0,0,0.9257205685002394,0.8276717189205555,0.9257205685002394,0.8276717189205555,1.0,1,0.6258356727149035,58
1340,2,3354,3354,0,0,0,0,0.9075377467363681,0.7901818099017583,0.9075377467363681,0.7901818099017583,1.0,1,0.6293156801390992,59
1341,4,3358,3358,0,0,0,0,0.957784313372749,0.8953785157498559,0.957784313372749,0.8953785157498559,1.0,1,0.6118261421958617,57
1342,4,3362,3362,0,0,0,0,0.989703715910386,0.9720529431853333,0.989703715910386,0.9720529431853333,1.0,1,0.6076117111703655,57
1343,1,3363,3363,0,0,0,0,1.0,1.0,1.0,1.0,1.0,1,0.6014287680902487,55
1344,4,3367,3367,0,0,0,0,1.0,1.0,1.0,1.0,1.0,1,0.5893488628047119,54
1345,2,3369,3369,0,0,0,0,1.0,1.0,1.0,1.0,1.0,1,0.594188559777381,53
1346,3,3372,3372,0,0,0,0,1.0,1.0,1.0,1.0,1.0,1,0.5956159933316968,53
1347,2,3374,3374,0,0,0,0,1.0,1.0,1.0,1.0,1.0,1,0.6027515806360587,51
1348,0,3374,3374,0,0,0,0,1.0,1.0,1.0,1.0,1.0,1,0.6103555918356004,52
1349,3,3377,3377,0,0,0,0,1.0,1.0,1.0,1.0,1.0,1,0.6036726761914649,50
1350,1,3378,3378,0,0,0,0,1.0,1.0,1.0,1.0,1.0,1,0.6121031027185355,51
1351,2,3380,3380,0,0,0,0,0.9855269230379465,0.9655402929474919,0.9855269230379465,0.9655402929474919,1.0,1,0.6320498762295071,50
1352,4,3384,3384,0,0,0,0,0.9855269230379465,0.9655402929474919,0.9855269230379465,0.9655402929474919,1.0,1,0.6694004047140119,50
1353,2,3386,3386,0,0,0,0,0.9855269230379465,0.9655402929474919,0.9855269230379465,0.9655402929474919,1.0,1,0.6779047530524704,50
1354,3,3389,3389,0,0,0,0,0.9674329433636566,0.9245036414339312,0.9674329433636566,0.9245036414339312,1.0,1,0.6848485835922753,51
1355,1,3390,3390,0,0,0,0,0.9522240799351093,0.8899076624591649,0.9522240799351093,0.8899076624591649,1.0,1,0.6666527099519194,53
1356,2,3392,3392,0,0,0,0,0.9504607046992661,0.8879981149722539,0.9504607046992661,0.8879981149722539,1.0,1,0.6651190790629701,52
1357,2,3394,3394,0,0,0,0,0.9504607046992661,0.8879981149722539,0.9504607046992661,0.8879981149722539,1.0,1,0.6754911895147243,52
1358,3,3397,3397,0,0,0,0,0.9513954083841858,0.8879981149722539,0.9513954083841858,0.8879981149722539,1.0,1,0.669343335156461,53
1359,1,3398,3398,0,0,0,0,0.9318307946095536,0.8466192878714957,0.9318307946095536,0.8466192878714957,1.0,1,0.6678609455603453,54
1360,2,3400,3400,0,0,0,0,0.9199573027220393,0.8239060659884866,0.9199573027220393,0.8239060659884866,1.0,1,0.6482794692844899,55
1361,0,3400,3400,0,0,0,0,0.9199573027220393,0.8239060659884866,0.9199573027220393,0.8239060659884866,1.0,1,0.6482794692844899,55
1362,2,3402,3402,0,0,0,0,0.921386636602003,0.8239060659884866,0.921386636602003,0.8239060659884866,1.0,1,0.6357421449412667,56
1363,1,3403,3403,0,0,0,0,0.9213866366020029,0.8239060659884866,0.9213866366020029,0.8239060659884866,1.0,1,0.6422888702992707,56
1364,4,3407,3407,0,0,0,0,0.9773092695225756,0.9432731738064389,0.9773092695225756,0.9432731738064389,1.0,1,0.6424952636197622,55
1365,2,3409,3409,0,0,0,0,0.9589997488698376,0.9001733015961263,0.9589997488698376,0.9001733015961263,1.0,1,0.6567430524743908,56
1366,4,3413,3413,0,0,0,0,0.9886310929783506,0.971698207532432,0.9886310929783506,0.971698207532432,1.0,1,0.646129150322977,57
1367,4,3417,3417,0,0,0,0,0.9698652898967485,0.9219237056415757,0.9698652898967485,0.9219237056415757,1.0,1,0.6575377875641404,57
1368,2,3419,3419,0,0,0,0,0.9670144866742613,0.9219866706918922,0.9670144866742613,0.9219866706918922,1.0,1,0.6539299409832874,58
1369,6,3425,3425,0,0,0,0,0.956813933303458,0.8892183506480009,0.956813933303458,0.8892183506480009,1.0,1,0.6381469728078468,59
1370,4,3429,3429,0,0,0,0,0.9571860334991462,0.8883113917369031,0.9571860334991462,0.8883113917369031,1.0,1,0.6133270305347215,60
1371,6,3435,3435,0,0,0,0,0.959823709412474,0.8969390806667811,0.959823709412474,0.8969390806667811,1.0,1,0.6180442604787795,59
1372,3,3438,3438,0,0,0,0,0.9417912353302451,0.8569034535201858,0.9417912353302451,0.8569034535201858,1.0,1,0.6231015371197024,59
1373,4,3442,3442,0,0,0,0,0.9417912353302451,0.8569034535201858,0.9417912353302451,0.8569034535201858,1.0,1,0.6000945780743133,59
1374,4,3446,3446,0,0,0,0,0.9168659610254692,0.8038036680201074,0.9168659610254692,0.8038036680201074,1.0,1,0.6137410678905976,59
1375,2,3448,3448,0,0,0,0,0.8855290546624853,0.7371407921879294,0.8855290546624853,0.7371407921879294,1.0,1,0.6066710954150402,62
1376,1,3449,3449,0,0,0,0,0.8836524817880999,0.7371407921879294,0.8836524817880999,0.7371407921879294,1.0,1,0.6156617687973454,61
1377,1,3450,3450,0,0,0,0,0.872501328959274,0.7131279901583666,0.872501328959274,0.7131279901583666,1.0,1,0.5926416004905761,63
1378,2,3452,3452,0,0,0,0,0.8873693080154886,0.7413665591466774,0.8873693080154886,0.7413665591466774,1.0,1,0.5708728547226553,62
1379,5,3457,3457,0,0,0,0,0.8942243061621249,0.7518339490726775,0.8942243061621249,0.7518339490726775,1.0,1,0.5747857113139361,61
1380,1,3458,3458,0,0,0,0,0.9063026756434593,0.7751264215443023,0.9063026756434593,0.7751264215443023,1.0,1,0.5726623964027563,60
1381,5,3463,3463,0,0,0,0,0.9213842273649946,0.8100118827987371,0.9213842273649946,0.8100118827987371,1.0,1,0.5652350357987178,58
1382,3,3466,3466,0,0,0,0,0.9454399338267381,0.8611198315589698,0.9454399338267381,0.8611198315589698,1.0,1,0.5639892904639439,56
1383,8,3474,3474,0,0,0,0,0.9463971279701286,0.8611198315589698,0.9463971279701286,0.8611198315589698,1.0,1,0.600842750970173,57
1384,3,3477,3477,0,0,0,0,0.9690319772370601,0.9188932737161097,0.9690319772370601,0.9188932737161097,1.0,1,0.6041789271451398,55
1385,4,3481,3481,0,0,0,0,0.96903197723706,0.9188932737161097,0.96903197723706,0.9188932737161097,1.0,1,0.6120875785602106,55
1386,2,3483,3483,0,0,0,0,0.9563711566150319,0.8929110207823511,0.9563711566150319,0.8929110207823511,1.0,1,0.6293092633046423,54
1387,2,3485,3485,0,0,0,0,0.9555479708907872,0.8929110207823511,0.9555479708907872,0.8929110207823511,1.0,1,0.6236078575939284,53
1388,2,3487,3487,0,0,0,0,0.9546931241771486,0.8929110207823511,0.9546931241771486,0.8929110207823511,1.0,1,0.6624682810575834,52
1389,1,3488,3488,0,0,0,0,0.9359240068791211,0.8551325372919258,0.9359240068791211,0.8551325372919258,1.0,1,0.6802966337933415,52
1390,0,3488,3488,0,0,0,0,0.9346676148571431,0.8551325372919258,0.9346676148571431,0.8551325372919258,1.0,1,0.6842245203014305,51
1391,0,3488,3488,0,0,0,0,0.9176742884855138,0.8216276250519464,0.9176742884855138,0.8216276250519464,1.0,1,0.688091550627698,52
1392,1,3489,3489,0,0,0,0,0.9140416937828073,0.8173385992884655,0.9140416937828073,0.8173385992884655,1.0,1,0.6890265337716994,51
1393,0,3489,3489,0,0,0,0,0.9140416937828073,0.8173385992884655,0.9140416937828073,0.8173385992884655,1.0,1,0.6890265337716994,51
1394,1,3490,3490,0,0,0,0,0.893473327687622,0.7784245215902539,0.893473327687622,0.7784245215902539,1.0,1,0.7083723821887333,52
1395,1,3491,3491,0,0,0,0,0.893473327687622,0.7784245215902539,0.893473327687622,0.7784245215902539,1.0,1,0.715406832537407,52
1396,2,3493,3493,0,0,0,0,0.8954832649010631,0.7784245215902539,0.8954832649010631,0.7784245215902539,1.0,1,0.707317780619907,53
1397,1,3494,3494,0,0,0,0,0.8829714013932068,0.7479384030007531,0.8829714013932068,0.7479384030007531,1.0,1,0.7075659699999589,56
1398,2,3496,3496,0,0,0,0,0.852227582576709,0.7044551651534183,0.852227582576709,0.7044551651534183,1.0,1,0.7142928954740148,56
1399,3,3499,3499,0,0,0,0,0.8548200811279949,0.7044551651534183,0.8548200811279949,0.7044551651534183,1.0,1,0.7064180518903401,57
1400,4,3503,3503,0,0,0,0,0.8162561972223191,0.6508867747224063,0.8162561972223191,0.6508867747224063,1.0,1,0.7009521144539991,57
1401,0,3503,3503,0,0,0,0,0.8162561972223191,0.6508867747224063,0.8162561972223191,0.6508867747224063,1.0,1,0.7009521144539991,57
1402,4,3507,3507,0,0,0,0,0.7966838423450163,0.6261606133440621,0.7966838423450163,0.6261606133440621,1.0,1,0.7001877276192526,57
1403,1,3508,3508,0,0,0,0,0.7930531966726059,0.6261606133440621,0.7930531966726059,0.6261606133440621,1.0,1,0.6942256490812668,56
1404,4,3512,3512,0,0,0,0,0.7863930977145052,0.6128374896075407,0.7863930977145052,0.6128374896075407,1.0,1,0.6637273970640996,58
1405,1,3513,3513,0,0,0,0,0.7687380656947846,0.593539630615076,0.7687380656947846,0.593539630615076,1.0,1,0.6673173908878929,58
1406,2,3515,3515,0,0,0,0,0.7687380656947846,0.593539630615076,0.7687380656947846,0.593539630615076,1.0,1,0.6631072204295023,58
1407,0,3515,3515,0,0,0,0,0.7646808387771492,0.593539630615076,0.7646808387771492,0.593539630615076,1.0,1,0.6667086327434554,57
1408,1,3516,3516,0,0,0,0,0.7511869589212721,0.5755542240421699,0.7511869589212721,0.5755542240421699,1.0,1,0.6498510602684355,58
1409,0,3516,3516,0,0,0,0,0.7468218178497154,0.5755542240421699,0.7468218178497154,0.5755542240421699,1.0,1,0.6594890459848436,57
1410,1,3517,3517,0,0,0,0,0.7468218178497154,0.5755542240421699,0.7468218178497154,0.5755542240421699,1.0,1,0.6741767309464649,57
1411,1,3518,3518,0,0,0,0,0.742300778882746,0.5755542240421699,0.742300778882746,0.5755542240421699,1.0,1,0.6752008983381439,56
1412,1,3519,3519,0,0,0,0,0.7376153384987958,0.5755542240421699,0.7376153384987958,0.5755542240421699,1.0,1,0.7062569954259369,55
1413,2,3521,3521,0,0,0,0,0.7697759640858509,0.6023403016028334,0.7697759640858509,0.6023403016028334,1.0,1,0.6957081215566805,57
1414,2,3523,3523,0,0,0,0,0.7902937743987404,0.6264607856477563,0.7902937743987404,0.6264607856477563,1.0,1,0.7056125739929909,57
1415,3,3526,3526,0,0,0,0,0.7956998198967512,0.6169371623064085,0.7956998198967512,0.6169371623064085,1.0,1,0.715794959791406,60
1416,5,3531,3531,0,0,0,0,0.8348830853052085,0.6642622734539241,0.8348830853052085,0.6642622734539241,1.0,1,0.6810553672575822,61
1417,6,3537,3537,0,0,0,0,0.8730762558212438,0.7226481145723478,0.8730762558212438,0.7226481145723478,1.0,1,0.646865897663171,59
1418,3,3540,3540,0,0,0,0,0.9127178071506553,0.790522737161573,0.9127178071506553,0.790522737161573,1.0,1,0.6381180666318828,60
1419,5,3545,3545,0,0,0,0,0.9476899365461727,0.865813315488008,0.9476899365461727,0.865813315488008,1.0,1,0.603232471537982,59
1420,2,3547,3547,0,0,0,0,0.9648336336820384,0.9072886706162833,0.9648336336820384,0.9072886706162833,1.0,1,0.6014489432245581,58
1421,4,3551,3551,0,0,0,0,0.9853142453532652,0.9601386659588627,0.9853142453532652,0.9601386659588627,1.0,1,0.5644049232038801,57
1422,2,3553,3553,0,0,0,0,1.0,1.0,1.0,1.0,1.0,1,0.5687457719679238,57
1423,3,3556,3556,0,0,0,0,1.0,1.0,1.0,1.0,1.0,1,0.5701048788502718,56
1424,2,3558,3558,0,0,0,0,1.0,1.0,1.0,1.0,1.0,1,0.5678194863160649,57
1425,5,3563,3563,0,0,0,0,1.0,1.0,1.0,1.0,1.0,1,0.5815627235281627,54
1426,2,3565,3565,0,0,0,0,0.9779967171317103,0.9434201297672551,0.9779967171317103,0.9434201297672551,1.0,1,0.6111084862877861,54
1427,1,3566,3566,0,0,0,0,0.9631963672604138,0.9113367029455421,0.9631963672604138,0.9113367029455421,1.0,1,0.6148037709213965,53
1428,5,3571,3571,0,0,0,0,0.9422778815718422,0.8694978192059044,0.9422778815718422,0.8694978192059044,1.0,1,0.5877549253150932,52
1429,6,3577,3577,0,0,0,0,0.9422778815718422,0.8694978192059044,0.9422778815718422,0.8694978192059044,1.0,1,0.6089581535002573,52
1430,2,3579,3579,0,0,0,0,0.9411460753281529,0.8694978192059044,0.9411460753281529,0.8694978192059044,1.0,1,0.5965523383538365,51
1431,9,3588,3588,0,0,0,0,0.9411460753281529,0.8694978192059044,0.9411460753281529,0.8694978192059044,1.0,1,0.6034188069089023,51
1432,2,3590,3590,0,0,0,0,0.9422778815718422,0.8694978192059044,0.9422778815718422,0.8694978192059044,1.0,1,0.6225913644634894,52
1433,3,3593,3593,0,0,0,0,0.9422778815718422,0.8694978192059044,0.9422778815718422,0.8694978192059044,1.0,1,0.6031356709402412,52
1434,3,3596,3596,0,0,0,0,0.9190165784111891,0.8245359198909101,0.9190165784111891,0.8245359198909101,1.0,1,0.6149605867687459,52
1435,6,3602,3602,0,0,0,0,0.9157772415476368,0.8245359198909101,0.9157772415476368,0.8245359198909101,1.0,1,0.6327848329204991,50
1436,3,3605,3605,0,0,0,0,0.9157772415476368,0.8245359198909101,0.9157772415476368,0.8245359198909101,1.0,1,0.6500519807970074,50
1437,2,3607,3607,0,0,0,0,0.9140584097424866,0.8245359198909101,0.9140584097424866,0.8245359198909101,1.0,1,0.641882158292021,49
1438,7,3614,3614,0,0,0,0,0.8927773772996284,0.7898436595072716,0.8927773772996284,0.7898436595072716,1.0,1,0.6699089447951319,49
1439,5,3619,3619,0,0,0,0,0.9137962823265435,0.8204089215136325,0.9137962823265435,0.8204089215136325,1.0,1,0.6554722641488073,50
1440,3,3622,3622,0,0,0,0,0.8808869956261677,0.7709365300503226,0.8808869956261677,0.7709365300503226,1.0,1,0.6436358733351552,50
1441,3,3625,3625,0,0,0,0,0.883222544731537,0.7709365300503226,0.883222544731537,0.7709365300503226,1.0,1,0.6312963055716151,51
1442,4,3629,3629,0,0,0,0,0.8405068978148574,0.7151908889551026,0.8405068978148574,0.7151908889551026,1.0,1,0.6526114431291119,50
1443,1,3630,3630,0,0,0,0,0.8436342135439778,0.7151908889551026,0.8436342135439778,0.7151908889551026,1.0,1,0.649817381355865,51
1444,0,3630,3630,0,0,0,0,0.8436342135439778,0.7151908889551026,0.8436342135439778,0.7151908889551026,1.0,1,0.649817381355865,51
1445,2,3632,3632,0,0,0,0,0.8436342135439778,0.7151908889551026,0.8436342135439778,0.7151908889551026,1.0,1,0.6705509779408277,51
1446,3,3635,3635,0,0,0,0,0.8436342135439778,0.7151908889551026,0.8436342135439778,0.7151908889551026,1.0,1,0.6584924726139175,51
1447,4,3639,3639,0,0,0,0,0.8854141253498551,0.7752353997247157,0.8854141253498551,0.7752353997247157,1.0,1,0.6688460807436124,51
1448,2,3641,3641,0,0,0,0,0.90701408261811,0.8103087285409446,0.90701408261811,0.8103087285409446,1.0,1,0.6721930795162151,51
1449,4,3645,3645,0,0,0,0,0.8912204631825948,0.7866247547043207,0.8912204631825948,0.7866247547043207,1.0,1,0.6453412899273459,51
1450,2,3647,3647,0,0,0,0,0.8741071013820044,0.7575396026616381,0.8741071013820044,0.7575396026616381,1.0,1,0.6226285508697138,52
1451,0,3647,3647,0,0,0,0,0.8571804535156801,0.7245623032088117,0.8571804535156801,0.7245623032088117,1.0,1,0.6145820273185163,54
1452,2,3649,3649,0,0,0,0,0.8270523606815136,0.677164406605492,0.8270523606815136,0.677164406605492,1.0,1,0.6279219204599472,56
1453,0,3649,3649,0,0,0,0,0.8270523606815136,0.677164406605492,0.8270523606815136,0.677164406605492,1.0,1,0.6184911089741935,56
1454,2,3651,3651,0,0,0,0,0.798026366397896,0.6339227890961864,0.798026366397896,0.6339227890961864,1.0,1,0.6462585309975554,58
1455,3,3654,3654,0,0,0,0,0.8064751201361764,0.6566494066932161,0.8064751201361764,0.6566494066932161,1.0,1,0.6531417741041983,55
1456,4,3658,3658,0,0,0,0,0.7921276272776431,0.6362233477358755,0.7921276272776431,0.6362233477358755,1.0,1,0.6888385964596216,56
1457,3,3661,3661,0,0,0,0,0.8011657117320659,0.6536434978558566,0.8011657117320659,0.6536434978558566,1.0,1,0.7139474888586917,54
1458,3,3664,3664,0,0,0,0,0.8304756584868956,0.6960253186661577,0.8304756584868956,0.6960253186661577,1.0,1,0.7235298281152569,52
1459,2,3666,3666,0,0,0,0,0.8304756584868956,0.6960253186661577,0.8304756584868956,0.6960253186661577,1.0,1,0.7166733916395641,52
1460,6,3672,3672,0,0,0,0,0.8239666707189691,0.6964942598602917,0.8239666707189691,0.6964942598602917,1.0,1,0.7246527368830749,50
1461,1,3673,3673,0,0,0,0,0.8120481965940904,0.667951813982893,0.8120481965940904,0.667951813982893,1.0,1,0.7082837948537917,53
1462,4,3677,3677,0,0,0,0,0.8413813678301963,0.7110874914050004,0.8413813678301963,0.7110874914050004,1.0,1,0.7103996640156873,51
1463,3,3680,3680,0,0,0,0,0.8380088789391831,0.7049447437820836,0.8380088789391831,0.7049447437820836,1.0,1,0.7152686331297925,51
1464,5,3685,3685,0,0,0,0,0.859073764314134,0.7338059992600307,0.859073764314134,0.7338059992600307,1.0,1,0.7140102852872986,51
1465,3,3688,3688,0,0,0,0,0.8898803223309666,0.7841654317686945,0.8898803223309666,0.7841654317686945,1.0,1,0.7029702886373226,49
1466,6,3694,3694,0,0,0,0,0.8892222261147913,0.7828755631849912,0.8892222261147913,0.7828755631849912,1.0,1,0.6964660145185158,49
1467,4,3698,3698,0,0,0,0,0.9312215957128647,0.859452826021941,0.9312215957128647,0.859452826021941,1.0,1,0.6937804230675281,47
1468,4,3702,3702,0,0,0,0,0.9405198486342728,0.875867510193265,0.9405198486342728,0.875867510193265,1.0,1,0.6771799954129473,48
1469,4,3706,3706,0,0,0,0,0.9547538744990033,0.9033378227933253,0.9547538744990033,0.9033378227933253,1.0,1,0.6847516608032893,47
1470,1,3707,3707,0,0,0,0,0.956600655131697,0.9033378227933253,0.956600655131697,0.9033378227933253,1.0,1,0.6613482289602761,49
1471,0,3707,3707,0,0,0,0,0.9556965021136073,0.9033378227933253,0.9556965021136073,0.9033378227933253,1.0,1,0.672747328927325,48
1472,1,3708,3708,0,0,0,0,0.9556965021136073,0.9033378227933253,0.9556965021136073,0.9033378227933253,1.0,1,0.6591363489516455,48
1473,1,3709,3709,0,0,0,0,0.961973605380327,0.915304848347092,0.961973605380327,0.915304848347092,1.0,1,0.6579344286708264,49
1474,1,3710,3710,0,0,0,0,0.9619736053803271,0.915304848347092,0.9619736053803271,0.915304848347092,1.0,1,0.6507961196319891,49
1475,1,3711,3711,0,0,0,0,0.9619736053803271,0.915304848347092,0.9619736053803271,0.915304848347092,1.0,1,0.6427644044253735,49
1476,3,3714,3714,0,0,0,0,0.942951436060392,0.8735010103947823,0.942951436060392,0.8735010103947823,1.0,1,0.6145270306586076,51
1477,1,3715,3715,0,0,0,0,0.942951436060392,0.8735010103947823,0.942951436060392,0.8735010103947823,1.0,1,0.6294900994914565,51
1478,4,3719,3719,0,0,0,0,0.9440485238284614,0.8735010103947823,0.9440485238284614,0.8735010103947823,1.0,1,0.611141299865173,52
1479,2,3721,3721,0,0,0,0,0.9260715548133949,0.8367413502129138,0.9260715548133949,0.8367413502129138,1.0,1,0.6080562758682997,53
1480,3,3724,3724,0,0,0,0,0.9044215239647502,0.7973736308052705,0.9044215239647502,0.7973736308052705,1.0,1,0.5802908180633197,53
1481,0,3724,3724,0,0,0,0,0.9044215239647502,0.7973736308052705,0.9044215239647502,0.7973736308052705,1.0,1,0.5802908180633197,53
1482,3,3727,3727,0,0,0,0,0.9025834763486877,0.7973736308052705,0.9025834763486877,0.7973736308052705,1.0,1,0.5874429779702729,52
1483,3,3730,3730,0,0,0,0,0.9025834763486877,0.7973736308052705,0.9025834763486877,0.7973736308052705,1.0,1,0.6141865507775599,52
1484,2,3732,3732,0,0,0,0,0.887241438076523,0.7701460083867584,0.887241438076523,0.7701460083867584,1.0,1,0.6395233989831766,53
1485,2,3734,3734,0,0,0,0,0.887241438076523,0.7701460083867584,0.887241438076523,0.7701460083867584,1.0,1,0.6725416937096363,53
1486,1,3735,3735,0,0,0,0,0.8685856024533991,0.7371712049067981,0.8685856024533991,0.7371712049067981,1.0,1,0.6788695904677295,54
1487,1,3736,3736,0,0,0,0,0.8564581896457188,0.7180428725183763,0.8564581896457188,0.7180428725183763,1.0,1,0.673359463060979,55
1488,4,3740,3740,0,0,0,0,0.8664865453494139,0.7282047530327356,0.8664865453494139,0.7282047530327356,1.0,1,0.6692549181927235,57
1489,6,3746,3746,0,0,0,0,0.8995454456637538,0.7759090710960664,0.8995454456637538,0.7759090710960664,1.0,1,0.64269500838611,58
1490,2,3748,3748,0,0,0,0,0.8995454456637538,0.7759090710960664,0.8995454456637538,0.7759090710960664,1.0,1,0.6453045715231367,58
1491,5,3753,3753,0,0,0,0,0.9448740897457757,0.8644821372916988,0.9448740897457757,0.8644821372916988,1.0,1,0.6363913648322924,59
1492,6,3759,3759,0,0,0,0,0.9791043037347721,0.9439615418341615,0.9791043037347721,0.9439615418341615,1.0,1,0.624374231692153,59
1493,3,3762,3762,0,0,0,0,0.98356485007265,0.9600805270249212,0.98356485007265,0.9600805270249212,1.0,1,0.6290901261845994,58
1494,4,3766,3766,0,0,0,0,0.9852983496064158,0.959395441770101,0.9852983496064158,0.959395441770101,1.0,1,0.6286648262179041,58
1495,3,3769,3769,0,0,0,0,0.9857434634610971,0.9613036865372636,0.9857434634610971,0.9613036865372636,1.0,1,0.618799143002952,57
1496,0,3769,3769,0,0,0,0,0.9845066776568067,0.9564711419881713,0.9845066776568067,0.9564711419881713,1.0,1,0.6019725154250064,59
1497,2,3771,3771,0,0,0,0,0.9981818662290534,0.9947274120642545,0.9981818662290534,0.9947274120642545,1.0,1,0.5979387956494908,58
1498,1,3772,3772,0,0,0,0,0.9981818662290532,0.9947274120642545,0.9981818662290532,0.9947274120642545,1.0,1,0.5953036768240803,58
1499,4,3776,3776,0,0,0,0,1.0,1.0,1.0,1.0,1.0,1,0.5580434511377064,56
1500,3,3779,3779,0,0,0,0,1.0,1.0,1.0,1.0,1.0,1,0.536388603380498,57
1501,3,3782,3782,0,0,0,0,1.0,1.0,1.0,1.0,1.0,1,0.5091809189622568,55
1502,2,3784,3784,0,0,0,0,1.0,1.0,1.0,1.0,1.0,1,0.49752130633177155,55
1503,2,3786,3786,0,0,0,0,1.0,1.0,1.0,1.0,1.0,1,0.49630588109503304,54
1504,4,3790,3790,0,0,0,0,1.0,1.0,1.0,1.0,1.0,1,0.49677168240937875,55
1505,5,3795,3795,0,0,0,0,1.0,1.0,1.0,1.0,1.0,1,0.4962132111717249,53
1506,2,3797,3797,0,0,0,0,1.0,1.0,1.0,1.0,1.0,1,0.5192509814714261,55
1507,5,3802,3802,0,0,0,0,1.0,1.0,1.0,1.0,1.0,1,0.5381828103378065,53
1508,2,3804,3804,0,0,0,0,1.0,1.0,1.0,1.0,1.0,1,0.5582478178435362,53
1509,1,3805,3805,0,0,0,0,1.0,1.0,1.0,1.0,1.0,1,0.5748990065640034,52
1510,2,3807,3807,0,0,0,0,0.9864581724050265,0.9677575533453011,0.9864581724050265,0.9677575533453011,1.0,1,0.6038195336748122,50
1511,2,3809,3809,0,0,0,0,0.9861818085765577,0.9677575533453011,0.9861818085765577,0.9677575533453011,1.0,1,0.6235474469563399,49
1512,2,3811,3811,0,0,0,0,0.9858939295885693,0.9677575533453011,0.9858939295885693,0.9677575533453011,1.0,1,0.6180638167740327,48
1513,3,3814,3814,0,0,0,0,0.9598874452982131,0.9143049967734554,0.9598874452982131,0.9143049967734554,1.0,1,0.6342191817854864,47
1514,2,3816,3816,0,0,0,0,0.9607231235211672,0.9143049967734554,0.9607231235211672,0.9143049967734554,1.0,1,0.6237500186753568,48
1515,3,3819,3819,0,0,0,0,0.9607231235211672,0.9143049967734554,0.9607231235211672,0.9143049967734554,1.0,1,0.6126258208866748,48
1516,1,3820,3820,0,0,0,0,0.9598874452982132,0.9143049967734554,0.9598874452982132,0.9143049967734554,1.0,1,0.6224675820486648,47
1517,3,3823,3823,0,0,0,0,0.9366443744921268,0.867779564157482,0.9366443744921268,0.867779564157482,1.0,1,0.6354308152005019,48
1518,3,3826,3826,0,0,0,0,0.9610015379648837,0.9149124464688371,0.9610015379648837,0.9149124464688371,1.0,1,0.607584353358387,48
1519,2,3828,3828,0,0,0,0,0.9862928651073861,0.9693221266689119,0.9862928651073861,0.9693221266689119,1.0,1,0.6196923613462613,47
1520,7,3835,3835,0,0,0,0,1.0,1.0,1.0,1.0,1.0,1,0.6056296821003375,48
1521,1,3836,3836,0,0,0,0,1.0,1.0,1.0,1.0,1.0,1,0.5918372203580131,49
1522,6,3842,3842,0,0,0,0,1.0,1.0,1.0,1.0,1.0,1,0.5846480229766368,48
1523,3,3845,3845,0,0,0,0,1.0,1.0,1.0,1.0,1.0,1,0.585813257667302,49
1524,5,3850,3850,0,0,0,0,1.0,1.0,1.0,1.0,1.0,1,0.5876006074442426,49
1525,2,3852,3852,0,0,0,0,1.0,1.0,1.0,1.0,1.0,1,0.5927528378401301,51
1526,2,3854,3854,0,0,0,0,1.0,1.0,1.0,1.0,1.0,1,0.5444772448680486,52
1527,2,3856,3856,0,0,0,0,1.0,1.0,1.0,1.0,1.0,1,0.527453916907449,54
1528,1,3857,3857,0,0,0,0,1.0,1.0,1.0,1.0,1.0,1,0.514955014263027,54
1529,0,3857,3857,0,0,0,0,1.0,1.0,1.0,1.0,1.0,1,0.514955014263027,54
1530,1,3858,3858,0,0,0,0,1.0,1.0,1.0,1.0,1.0,1,0.4996387622324277,54
1531,0,3858,3858,0,0,0,0,1.0,1.0,1.0,1.0,1.0,1,0.49347764643836567,54
1532,2,3860,3860,0,0,0,0,1.0,1.0,1.0,1.0,1.0,1,0.5018249297175488,54
1533,2,3862,3862,0,0,0,0,1.0,1.0,1.0,1.0,1.0,1,0.503954519410932,54
1534,1,3863,3863,0,0,0,0,1.0,1.0,1.0,1.0,1.0,1,0.49730441402300185,54
1535,0,3863,3863,0,0,0,0,1.0,1.0,1.0,1.0,1.0,1,0.49730441402300185,54
1536,1,3864,3864,0,0,0,0,1.0,1.0,1.0,1.0,1.0,1,0.49488092736918055,55
1537,0,3864,3864,0,0,0,0,1.0,1.0,1.0,1.0,1.0,1,0.4952187856990547,53
1538,4,3868,3868,0,0,0,0,1.0,1.0,1.0,1.0,1.0,1,0.5156691000407148,54
1539,2,3870,3870,0,0,0,0,1.0,1.0,1.0,1.0,1.0,1,0.528539362249313,54
1540,2,3872,3872,0,0,0,0,1.0,1.0,1.0,1.0,1.0,1,0.556566574036288,54
1541,5,3877,3877,0,0,0,0,1.0,1.0,1.0,1.0,1.0,1,0.5691729971704943,54
1542,1,3878,3878,0,0,0,0,1.0,1.0,1.0,1.0,1.0,1,0.5618756216738402,57
1543,6,3884,3884,0,0,0,0,0.9925482270924189,0.9795076245041516,0.9925482270924189,0.9795076245041516,1.0,1,0.5912577700447821,55
1544,5,3889,3889,0,0,0,0,0.992410231297834,0.9795076245041516,0.992410231297834,0.9795076245041516,1.0,1,0.6024973012314493,54
1545,8,3897,3897,0,0,0,0,1.0,1.0,1.0,1.0,1.0,1,0.612117277639077,54
1546,5,3902,3902,0,0,0,0,1.0,1.0,1.0,1.0,1.0,1,0.5984026609244447,53
1547,6,3908,3908,0,0,0,0,1.0,1.0,1.0,1.0,1.0,1,0.5799026623442584,53
1548,6,3914,3914,0,0,0,0,1.0,1.0,1.0,1.0,1.0,1,0.5427978808373819,54
1549,8,3922,3922,0,0,0,0,1.0,1.0,1.0,1.0,1.0,1,0.5938020678271312,52
1550,6,3928,3928,0,0,0,0,1.0,1.0,1.0,1.0,1.0,1,0.598326762871286,52
1551,8,3936,3936,0,0,0,0,1.0,1.0,1.0,1.0,1.0,1,0.5576571510417835,52
1552,5,3941,3941,0,0,0,0,1.0,1.0,1.0,1.0,1.0,1,0.5591498399104733,51
1553,7,3948,3948,0,0,0,0,1.0,1.0,1.0,1.0,1.0,1,0.5898671467533269,51
1554,5,3953,3953,0,0,0,0,1.0,1.0,1.0,1.0,1.0,1,0.5695222653619291,51
1555,11,3964,3964,0,0,0,0,0.9965108635263421,0.9908180619114269,0.9965108635263421,0.9908180619114269,1.0,1,0.6010470122815443,50
1556,9,3973,3973,0,0,0,0,1.0,1.0,1.0,1.0,1.0,1,0.5331145891822372,51
1557,2,3975,3975,0,0,0,0,1.0,1.0,1.0,1.0,1.0,1,0.5468320622108666,51
1558,4,3979,3979,0,0,0,0,1.0,1.0,1.0,1.0,1.0,1,0.5445661114001609,52
1559,3,3982,3982,0,0,0,0,1.0,1.0,1.0,1.0,1.0,1,0.5102726305916798,53
1560,1,3983,3983,0,0,0,0,1.0,1.0,1.0,1.0,1.0,1,0.538273119372382,51
1561,1,3984,3984,0,0,0,0,1.0,1.0,1.0,1.0,1.0,1,0.5305395691164629,51
1562,4,3988,3988,0,0,0,0,1.0,1.0,1.0,1.0,1.0,1,0.5269034721253583,52
1563,1,3989,3989,0,0,0,0,1.0,1.0,1.0,1.0,1.0,1,0.5232391956042991,52
1564,3,3992,3992,0,0,0,0,1.0,1.0,1.0,1.0,1.0,1,0.5297460728885329,51
1565,1,3993,3993,0,0,0,0,1.0,1.0,1.0,1.0,1.0,1,0.5325169089665449,53
1566,0,3993,3993,0,0,0,0,1.0,1.0,1.0,1.0,1.0,1,0.5458625189762553,53
1567,0,3993,3993,0,0,0,0,1.0,1.0,1.0,1.0,1.0,1,0.5356865095799594,52
1568,2,3995,3995,0,0,0,0,1.0,1.0,1.0,1.0,1.0,1,0.5652278894805628,52
1569,3,3998,3998,0,0,0,0,1.0,1.0,1.0,1.0,1.0,1,0.5933830226323648,49
1570,1,3999,3999,0,0,0,0,1.0,1.0,1.0,1.0,1.0,1,0.6111813833037518,48
1571,3,4002,4002,0,0,0,0,1.0,1.0,1.0,1.0,1.0,1,0.632191761977729,46
1572,3,4005,4005,0,0,0,0,1.0,1.0,1.0,1.0,1.0,1,0.6003032449110483,47
1573,5,4010,4010,0,0,0,0,1.0,1.0,1.0,1.0,1.0,1,0.5937012281707058,48
1574,2,4012,4012,0,0,0,0,1.0,1.0,1.0,1.0,1.0,1,0.586375351057879,46
1575,3,4015,4015,0,0,0,0,1.0,1.0,1.0,1.0,1.0,1,0.575960367466761,47
1576,1,4016,4016,0,0,0,0,1.0,1.0,1.0,1.0,1.0,1,0.5622730462487013,46
1577,0,4016,4016,0,0,0,0,1.0,1.0,1.0,1.0,1.0,1,0.5596667116372419,45
1578,2,4018,4018,0,0,0,0,1.0,1.0,1.0,1.0,1.0,1,0.5513278485319327,44
1579,3,4021,4021,0,0,0,0,1.0,1.0,1.0,1.0,1.0,1,0.5041919458123253,43
1580,1,4022,4022,0,0,0,0,1.0,1.0,1.0,1.0,1.0,1,0.4926394867828033,43
1581,4,4026,4026,0,0,0,0,1.0,1.0,1.0,1.0,1.0,1,0.48455931998253204,42
1582,4,4030,4030,0,0,0,0,1.0,1.0,1.0,1.0,1.0,1,0.520549106812877,42
1583,1,4031,4031,0,0,0,0,1.0,1.0,1.0,1.0,1.0,1,0.5332949274922502,43
1584,7,4038,4038,0,0,0,0,1.0,1.0,1.0,1.0,1.0,1,0.6263507348029852,41
1585,1,4039,4039,0,0,0,0,1.0,1.0,1.0,1.0,1.0,1,0.5881192003981245,43
1586,6,4045,4045,0,0,0,0,1.0,1.0,1.0,1.0,1.0,1,0.5991508874176037,42
1587,2,4047,4047,0,0,0,0,1.0,1.0,1.0,1.0,1.0,1,0.5861514542145431,42
1588,4,4051,4051,0,0,0,0,1.0,1.0,1.0,1.0,1.0,1,0.5859100678998798,42
1589,1,4052,4052,0,0,0,0,1.0,1.0,1.0,1.0,1.0,1,0.5695351131239756,42
1590,2,4054,4054,0,0,0,0,1.0,1.0,1.0,1.0,1.0,1,0.5719731189044537,41
1591,3,4057,4057,0,0,0,0,1.0,1.0,1.0,1.0,1.0,1,0.6074091137830812,40
1592,0,4057,4057,0,0,0,0,1.0,1.0,1.0,1.0,1.0,1,0.619498111594691,39
1593,2,4059,4059,0,0,0,0,1.0,1.0,1.0,1.0,1.0,1,0.6297463103736625,39
1594,1,4060,4060,0,0,0,0,1.0,1.0,1.0,1.0,1.0,1,0.6431727458354957,39
1595,5,4065,4065,0,0,0,0,1.0,1.0,1.0,1.0,1.0,1,0.5876498171572918,42
1596,1,4066,4066,0,0,0,0,1.0,1.0,1.0,1.0,1.0,1,0.5916296474948008,41
1597,3,4069,4069,0,0,0,0,1.0,1.0,1.0,1.0,1.0,1,0.5770676794572839,41
1598,4,4073,4073,0,0,0,0,1.0,1.0,1.0,1.0,1.0,1,0.6050397356263648,39
1599,4,4077,4077,0,0,0,0,1.0,1.0,1.0,1.0,1.0,1,0.5930333719245037,39
1600,4,4081,4081,0,0,0,0,1.0,1.0,1.0,1.0,1.0,1,0.5878568740927294,40
1601,7,4088,4088,0,0,0,0,1.0,1.0,1.0,1.0,1.0,1,0.5992400537014533,41
1602,5,4093,4093,0,0,0,0,1.0,1.0,1.0,1.0,1.0,1,0.5750104445359803,41
1603,3,4096,4096,0,0,0,0,1.0,1.0,1.0,1.0,1.0,1,0.5478154503520271,43
1604,3,4099,4099,0,0,0,0,1.0,1.0,1.0,1.0,1.0,1,0.5566608924542389,43
1605,2,4101,4101,0,0,0,0,1.0,1.0,1.0,1.0,1.0,1,0.5722294486434909,44
1606,4,4105,4105,0,0,0,0,1.0,1.0,1.0,1.0,1.0,1,0.5482208232589509,44
1607,2,4107,4107,0,0,0,0,1.0,1.0,1.0,1.0,1.0,1,0.5373599174470458,42
1608,2,4109,4109,0,0,0,0,1.0,1.0,1.0,1.0,1.0,1,0.5616800960399677,41
1609,1,4110,4110,0,0,0,0,1.0,1.0,1.0,1.0,1.0,1,0.5905077848176604,39
1610,3,4113,4113,0,0,0,0,1.0,1.0,1.0,1.0,1.0,1,0.5808665152904422,39
1611,0,4113,4113,0,0,0,0,1.0,1.0,1.0,1.0,1.0,1,0.5668783005204747,40
1612,3,4116,4116,0,0,0,0,1.0,1.0,1.0,1.0,1.0,1,0.5942714422543026,39
1613,2,4118,4118,0,0,0,0,1.0,1.0,1.0,1.0,1.0,1,0.5759917615852127,41
1614,2,4120,4120,0,0,0,0,1.0,1.0,1.0,1.0,1.0,1,0.5621708877883342,41
1615,4,4124,4124,0,0,0,0,1.0,1.0,1.0,1.0,1.0,1,0.5531083100876271,41
1616,2,4126,4126,0,0,0,0,1.0,1.0,1.0,1.0,1.0,1,0.5532215498193886,43
1617,1,4127,4127,0,0,0,0,1.0,1.0,1.0,1.0,1.0,1,0.5490119835535723,44
1618,1,4128,4128,0,0,0,0,1.0,1.0,1.0,1.0,1.0,1,0.5529600762248902,44
1619,5,4133,4133,0,0,0,0,1.0,1.0,1.0,1.0,1.0,1,0.5220533093058554,44
1620,1,4134,4134,0,0,0,0,1.0,1.0,1.0,1.0,1.0,1,0.529790243933897,45
1621,3,4137,4137,0,0,0,0,1.0,1.0,1.0,1.0,1.0,1,0.52821703942158,44
1622,2,4139,4139,0,0,0,0,1.0,1.0,1.0,1.0,1.0,1,0.5553743621612283,44
1623,4,4143,4143,0,0,0,0,1.0,1.0,1.0,1.0,1.0,1,0.5976551895745076,43
1624,2,4145,4145,0,0,0,0,1.0,1.0,1.0,1.0,1.0,1,0.6100198495468449,43
1625,1,4146,4146,0,0,0,0,1.0,1.0,1.0,1.0,1.0,1,0.6221819078146094,43
1626,1,4147,4147,0,0,0,0,1.0,1.0,1.0,1.0,1.0,1,0.6419546275838275,42
1627,3,4150,4150,0,0,0,0,1.0,1.0,1.0,1.0,1.0,1,0.6346056497871685,42
1628,2,4152,4152,0,0,0,0,1.0,1.0,1.0,1.0,1.0,1,0.6169888476532316,42
1629,2,4154,4154,0,0,0,0,1.0,1.0,1.0,1.0,1.0,1,0.5935077248923178,41
1630,5,4159,4159,0,0,0,0,1.0,1.0,1.0,1.0,1.0,1,0.5734635568990074,41
1631,4,4163,4163,0,0,0,0,1.0,1.0,1.0,1.0,1.0,1,0.5614277729281865,40
1632,5,4168,4168,0,0,0,0,1.0,1.0,1.0,1.0,1.0,1,0.5897391201412464,39
1633,5,4173,4173,0,0,0,0,1.0,1.0,1.0,1.0,1.0,1,0.6533692460390527,39
1634,4,4177,4177,0,0,0,0,1.0,1.0,1.0,1.0,1.0,1,0.6315746703996741,39
1635,3,4180,4180,0,0,0,0,1.0,1.0,1.0,1.0,1.0,1,0.6333317228395583,40
1636,5,4185,4185,0,0,0,0,1.0,1.0,1.0,1.0,1.0,1,0.6221156568080422,41
1637,2,4187,4187,0,0,0,0,1.0,1.0,1.0,1.0,1.0,1,0.6239298706819633,41
1638,1,4188,4188,0,0,0,0,1.0,1.0,1.0,1.0,1.0,1,0.606232667010239,42
1639,3,4191,4191,0,0,0,0,1.0,1.0,1.0,1.0,1.0,1,0.600001429915177,43
1640,2,4193,4193,0,0,0,0,1.0,1.0,1.0,1.0,1.0,1,0.5702484711894317,43
1641,2,4195,4195,0,0,0,0,1.0,1.0,1.0,1.0,1.0,1,0.5512375158783014,44
1642,2,4197,4197,0,0,0,0,1.0,1.0,1.0,1.0,1.0,1,0.5281086999029865,45
1643,3,4200,4200,0,0,0,0,1.0,1.0,1.0,1.0,1.0,1,0.5166601660337911,44
1644,3,4203,4203,0,0,0,0,1.0,1.0,1.0,1.0,1.0,1,0.512743343156895,45
1645,4,4207,4207,0,0,0,0,1.0,1.0,1.0,1.0,1.0,1,0.49115142842114906,44
1646,3,4210,4210,0,0,0,0,1.0,1.0,1.0,1.0,1.0,1,0.4873115592549356,43
1647,3,4213,4213,0,0,0,0,1.0,1.0,1.0,1.0,1.0,1,0.4561530295649286,43
1648,0,4213,4213,0,0,0,0,1.0,1.0,1.0,1.0,1.0,1,0.4615974512753904,42
1649,1,4214,4214,0,0,0,0,1.0,1.0,1.0,1.0,1.0,1,0.4575796072845878,41
1650,0,4214,4214,0,0,0,0,1.0,1.0,1.0,1.0,1.0,1,0.4575796072845878,41
1651,0,4214,4214,0,0,0,0,1.0,1.0,1.0,1.0,1.0,1,0.4750608403797697,40
1652,5,4219,4219,0,0,0,0,1.0,1.0,1.0,1.0,1.0,1,0.49491455028578885,39
1653,4,4223,4223,0,0,0,0,1.0,1.0,1.0,1.0,1.0,1,0.5450570408968655,39
1654,6,4229,4229,0,0,0,0,1.0,1.0,1.0,1.0,1.0,1,0.5722237050008513,39
1655,4,4233,4233,0,0,0,0,1.0,1.0,1.0,1.0,1.0,1,0.5626393532356616,40
1656,6,4239,4239,0,0,0,0,1.0,1.0,1.0,1.0,1.0,1,0.5948762995634828,40
1657,6,4245,4245,0,0,0,0,1.0,1.0,1.0,1.0,1.0,1,0.6188955440933381,40
1658,3,4248,4248,0,0,0,0,1.0,1.0,1.0,1.0,1.0,1,0.6290372192480715,40
1659,6,4254,4254,0,0,0,0,1.0,1.0,1.0,1.0,1.0,1,0.5580973147424794,40
1660,2,4256,4256,0,0,0,0,1.0,1.0,1.0,1.0,1.0,1,0.5183631653617716,41
1661,3,4259,4259,0,0,0,0,1.0,1.0,1.0,1.0,1.0,1,0.49106191935874766,42
1662,7,4266,4266,0,0,0,0,1.0,1.0,1.0,1.0,1.0,1,0.5038370639453575,44
1663,3,4269,4269,0,0,0,0,1.0,1.0,1.0,1.0,1.0,1,0.48058695458334294,43
1664,3,4272,4272,0,0,0,0,1.0,1.0,1.0,1.0,1.0,1,0.5192765326751276,42
1665,3,4275,4275,0,0,0,0,1.0,1.0,1.0,1.0,1.0,1,0.4951019317963628,42
1666,4,4279,4279,0,0,0,0,1.0,1.0,1.0,1.0,1.0,1,0.526365581860999,43
1667,4,4283,4283,0,0,0,0,1.0,1.0,1.0,1.0,1.0,1,0.5225860117941362,40
1668,0,4283,4283,0,0,0,0,1.0,1.0,1.0,1.0,1.0,1,0.5082466953207064,40
1669,2,4285,4285,0,0,0,0,1.0,1.0,1.0,1.0,1.0,1,0.49685502985963376,40
1670,3,4288,4288,0,0,0,0,1.0,1.0,1.0,1.0,1.0,1,0.5177168677263516,39
1671,1,4289,4289,0,0,0,0,1.0,1.0,1.0,1.0,1.0,1,0.5333578909103217,39
1672,2,4291,4291,0,0,0,0,1.0,1.0,1.0,1.0,1.0,1,0.5705550508690115,38
1673,1,4292,4292,0,0,0,0,1.0,1.0,1.0,1.0,1.0,1,0.5447505513659395,38
1674,3,4295,4295,0,0,0,0,1.0,1.0,1.0,1.0,1.0,1,0.6000175804534168,38
1675,1,4296,4296,0,0,0,0,1.0,1.0,1.0,1.0,1.0,1,0.5714581227922131,39
1676,1,4297,4297,0,0,0,0,1.0,1.0,1.0,1.0,1.0,1,0.5591008982074747,39
1677,4,4301,4301,0,0,0,0,1.0,1.0,1.0,1.0,1.0,1,0.532587345921748,40
1678,0,4301,4301,0,0,0,0,1.0,1.0,1.0,1.0,1.0,1,0.5413811541087764,39
1679,5,4306,4306,0,0,0,0,1.0,1.0,1.0,1.0,1.0,1,0.5742557839946503,39
1680,4,4310,4310,0,0,0,0,1.0,1.0,1.0,1.0,1.0,1,0.5831565782495142,40
1681,2,4312,4312,0,0,0,0,1.0,1.0,1.0,1.0,1.0,1,0.5863921186030471,41
1682,4,4316,4316,0,0,0,0,1.0,1.0,1.0,1.0,1.0,1,0.6194065872724738,40
1683,3,4319,4319,0,0,0,0,1.0,1.0,1.0,1.0,1.0,1,0.611538173037013,43
1684,3,4322,4322,0,0,0,0,1.0,1.0,1.0,1.0,1.0,1,0.6202135200189203,42
1685,7,4329,4329,0,0,0,0,1.0,1.0,1.0,1.0,1.0,1,0.5729916949364926,41
1686,4,4333,4333,0,0,0,0,1.0,1.0,1.0,1.0,1.0,1,0.5520825249753388,39
1687,6,4339,4339,0,0,0,0,1.0,1.0,1.0,1.0,1.0,1,0.5584202308056044,41
1688,6,4345,4345,0,0,0,0,1.0,1.0,1.0,1.0,1.0,1,0.4905978293032669,39
1689,3,4348,4348,0,0,0,0,1.0,1.0,1.0,1.0,1.0,1,0.47992825250964743,37
1690,2,4350,4350,0,0,0,0,1.0,1.0,1.0,1.0,1.0,1,0.5127902257101488,36
1691,0,4350,4350,0,0,0,0,1.0,1.0,1.0,1.0,1.0,1,0.5160159441206154,36
1692,0,4350,4350,0,0,0,0,1.0,1.0,1.0,1.0,1.0,1,0.5090366114069375,34
1693,3,4353,4353,0,0,0,0,1.0,1.0,1.0,1.0,1.0,1,0.5140221181767199,33
1694,1,4354,4354,0,0,0,0,1.0,1.0,1.0,1.0,1.0,1,0.55765742195419,32
1695,4,4358,4358,0,0,0,0,1.0,1.0,1.0,1.0,1.0,1,0.652587141011204,32
1696,2,4360,4360,0,0,0,0,1.0,1.0,1.0,1.0,1.0,1,0.6158789745207395,34
1697,1,4361,4361,0,0,0,0,1.0,1.0,1.0,1.0,1.0,1,0.6313839758337146,34
1698,3,4364,4364,0,0,0,0,1.0,1.0,1.0,1.0,1.0,1,0.5703325303090268,36
1699,3,4367,4367,0,0,0,0,1.0,1.0,1.0,1.0,1.0,1,0.5363187898536704,36
1700,3,4370,4370,0,0,0,0,1.0,1.0,1.0,1.0,1.0,1,0.5455800250764573,37
1701,3,4373,4373,0,0,0,0,1.0,1.0,1.0,1.0,1.0,1,0.5074525521258468,39
1702,3,4376,4376,0,0,0,0,1.0,1.0,1.0,1.0,1.0,1,0.5391705128136195,39
1703,2,4378,4378,0,0,0,0,1.0,1.0,1.0,1.0,1.0,1,0.5425121986492767,38
1704,2,4380,4380,0,0,0,0,1.0,1.0,1.0,1.0,1.0,1,0.5187585449170461,38
1705,4,4384,4384,0,0,0,0,1.0,1.0,1.0,1.0,1.0,1,0.573647390518283,37
1706,3,4387,4387,0,0,0,0,1.0,1.0,1.0,1.0,1.0,1,0.597118112429304,37
1707,2,4389,4389,0,0,0,0,1.0,1.0,1.0,1.0,1.0,1,0.6326874755954006,36
1708,2,4391,4391,0,0,0,0,1.0,1.0,1.0,1.0,1.0,1,0.6573805805788291,34
1709,3,4394,4394,0,0,0,0,1.0,1.0,1.0,1.0,1.0,1,0.6342744379687596,34
1710,1,4395,4395,0,0,0,0,1.0,1.0,1.0,1.0,1.0,1,0.6852536487712038,33
1711,3,4398,4398,0,0,0,0,1.0,1.0,1.0,1.0,1.0,1,0.6785523424735332,32
1712,0,4398,4398,0,0,0,0,1.0,1.0,1.0,1.0,1.0,1,0.6874560750007616,31
1713,4,4402,4402,0,0,0,0,1.0,1.0,1.0,1.0,1.0,1,0.7270834325858206,32
1714,1,4403,4403,0,0,0,0,1.0,1.0,1.0,1.0,1.0,1,0.7334092754979666,32
1715,2,4405,4405,0,0,0,0,1.0,1.0,1.0,1.0,1.0,1,0.7526380816239727,32
1716,0,4405,4405,0,0,0,0,1.0,1.0,1.0,1.0,1.0,1,0.7460383694577085,34
1717,1,4406,4406,0,0,0,0,1.0,1.0,1.0,1.0,1.0,1,0.7527469295661231,34
1718,1,4407,4407,0,0,0,0,0.9793049929634755,0.9680168073071895,0.9793049929634755,0.9680168073071895,1.0,1,0.77773213812271,34
1719,0,4407,4407,0,0,0,0,0.9793049929634755,0.9680168073071895,0.9793049929634755,0.9680168073071895,1.0,1,0.77773213812271,34
1720,0,4407,4407,0,0,0,0,0.9995632093014651,0.9992928150595152,0.9995632093014651,0.9992928150595152,1.0,1,0.7658356054696813,34
1721,0,4407,4407,0,0,0,0,0.9958424822678091,0.9930708037796819,0.9958424822678091,0.9930708037796819,1.0,1,0.7459611960612749,35
1722,1,4408,4408,0,0,0,0,1.0,1.0,1.0,1.0,1.0,1,0.7230679916661352,35
1723,0,4408,4408,0,0,0,0,1.0,1.0,1.0,1.0,1.0,1,0.7185716018988172,34
1724,3,4411,4411,0,0,0,0,1.0,1.0,1.0,1.0,1.0,1,0.6943148441685613,33
1725,0,4411,4411,0,0,0,0,1.0,1.0,1.0,1.0,1.0,1,0.6893100495558921,35
1726,3,4414,4414,0,0,0,0,1.0,1.0,1.0,1.0,1.0,1,0.6770990645982867,34
1727,1,4415,4415,0,0,0,0,1.0,1.0,1.0,1.0,1.0,1,0.681813827515943,34
1728,2,4417,4417,0,0,0,0,1.0,1.0,1.0,1.0,1.0,1,0.6437212684744543,35
1729,1,4418,4418,0,0,0,0,1.0,1.0,1.0,1.0,1.0,1,0.6475612406097129,35
1730,1,4419,4419,0,0,0,0,1.0,1.0,1.0,1.0,1.0,1,0.6430140763181106,35
1731,2,4421,4421,0,0,0,0,1.0,1.0,1.0,1.0,1.0,1,0.6457170947392531,35
1732,3,4424,4424,0,0,0,0,1.0,1.0,1.0,1.0,1.0,1,0.6538658246635087,35
1733,5,4429,4429,0,0,0,0,1.0,1.0,1.0,1.0,1.0,1,0.6146720014317106,33
1734,4,4433,4433,0,0,0,0,1.0,1.0,1.0,1.0,1.0,1,0.6657236370093409,34
1735,7,4440,4440,0,0,0,0,1.0,1.0,1.0,1.0,1.0,1,0.6861842535537711,33
1736,4,4444,4444,0,0,0,0,1.0,1.0,1.0,1.0,1.0,1,0.7147859560363983,33
1737,6,4450,4450,0,0,0,0,1.0,1.0,1.0,1.0,1.0,1,0.6763119674577435,35
1738,4,4454,4454,0,0,0,0,1.0,1.0,1.0,1.0,1.0,1,0.596791784093018,36
1739,5,4459,4459,0,0,0,0,1.0,1.0,1.0,1.0,1.0,1,0.57295431490489,36
1740,5,4464,4464,0,0,0,0,1.0,1.0,1.0,1.0,1.0,1,0.5676418025650404,37
1741,2,4466,4466,0,0,0,0,1.0,1.0,1.0,1.0,1.0,1,0.5755584384744634,36
1742,3,4469,4469,0,0,0,0,1.0,1.0,1.0,1.0,1.0,1,0.5802786644936352,36
1743,1,4470,4470,0,0,0,0,1.0,1.0,1.0,1.0,1.0,1,0.591568711825025,37
1744,2,4472,4472,0,0,0,0,1.0,1.0,1.0,1.0,1.0,1,0.5979362184677639,37
1745,2,4474,4474,0,0,0,0,1.0,1.0,1.0,1.0,1.0,1,0.598177011000452,38
1746,0,4474,4474,0,0,0,0,1.0,1.0,1.0,1.0,1.0,1,0.600202575495989,38
1747,1,4475,4475,0,0,0,0,1.0,1.0,1.0,1.0,1.0,1,0.6109338343332628,37
1748,0,4475,4475,0,0,0,0,1.0,1.0,1.0,1.0,1.0,1,0.6061364996761818,38
1749,5,4480,4480,0,0,0,0,1.0,1.0,1.0,1.0,1.0,1,0.5945416028050542,38
1750,0,4480,4480,0,0,0,0,1.0,1.0,1.0,1.0,1.0,1,0.6022481099729516,39
1751,1,4481,4481,0,0,0,0,1.0,1.0,1.0,1.0,1.0,1,0.5909743650147377,41
1752,1,4482,4482,0,0,0,0,1.0,1.0,1.0,1.0,1.0,1,0.5952144668219937,41
1753,1,4483,4483,0,0,0,0,1.0,1.0,1.0,1.0,1.0,1,0.5857896669592723,41
1754,1,4484,4484,0,0,0,0,1.0,1.0,1.0,1.0,1.0,1,0.5774560686238251,40
1755,9,4493,4493,0,0,0,0,1.0,1.0,1.0,1.0,1.0,1,0.5325738450626601,41
1756,1,4494,4494,0,0,0,0,1.0,1.0,1.0,1.0,1.0,1,0.5570378408340421,41
1757,5,4499,4499,0,0,0,0,1.0,1.0,1.0,1.0,1.0,1,0.5710090211204968,40
1758,5,4504,4504,0,0,0,0,1.0,1.0,1.0,1.0,1.0,1,0.5134634950780731,41
1759,6,4510,4510,0,0,0,0,1.0,1.0,1.0,1.0,1.0,1,0.5795719120831371,38
1760,3,4513,4513,0,0,0,0,1.0,1.0,1.0,1.0,1.0,1,0.5682340383180675,38
1761,8,4521,4521,0,0,0,0,1.0,1.0,1.0,1.0,1.0,1,0.583746724248108,37
1762,3,4524,4524,0,0,0,0,1.0,1.0,1.0,1.0,1.0,1,0.5792948311285552,37
1763,6,4530,4530,0,0,0,0,1.0,1.0,1.0,1.0,1.0,1,0.6087424901610999,37
1764,3,4533,4533,0,0,0,0,1.0,1.0,1.0,1.0,1.0,1,0.650332088289467,36
1765,4,4537,4537,0,0,0,0,1.0,1.0,1.0,1.0,1.0,1,0.6199878476156803,36
1766,1,4538,4538,0,0,0,0,1.0,1.0,1.0,1.0,1.0,1,0.6159109960278372,37
1767,2,4540,4540,0,0,0,0,1.0,1.0,1.0,1.0,1.0,1,0.6231637700015592,37
1768,0,4540,4540,0,0,0,0,1.0,1.0,1.0,1.0,1.0,1,0.6152677709857275,37
1769,3,4543,4543,0,0,0,0,1.0,1.0,1.0,1.0,1.0,1,0.597298592554947,38
1770,1,4544,4544,0,0,0,0,1.0,1.0,1.0,1.0,1.0,1,0.5805362992979368,39
1771,1,4545,4545,0,0,0,0,1.0,1.0,1.0,1.0,1.0,1,0.600886963738719,39
1772,3,4548,4548,0,0,0,0,1.0,1.0,1.0,1.0,1.0,1,0.5802000977673425,39
1773,1,4549,4549,0,0,0,0,1.0,1.0,1.0,1.0,1.0,1,0.5735935435634698,41
1774,2,4551,4551,0,0,0,0,1.0,1.0,1.0,1.0,1.0,1,0.5637241389936911,41
1775,0,4551,4551,0,0,0,0,1.0,1.0,1.0,1.0,1.0,1,0.5736148310084689,42
1776,1,4552,4552,0,0,0,0,1.0,1.0,1.0,1.0,1.0,1,0.5347846175792311,43
1777,0,4552,4552,0,0,0,0,1.0,1.0,1.0,1.0,1.0,1,0.5347846175792311,43
1778,2,4554,4554,0,0,0,0,1.0,1.0,1.0,1.0,1.0,1,0.5147493228364357,44
1779,2,4556,4556,0,0,0,0,1.0,1.0,1.0,1.0,1.0,1,0.5034892736681973,46
1780,4,4560,4560,0,0,0,0,1.0,1.0,1.0,1.0,1.0,1,0.48341810838138366,46
1781,1,4561,4561,0,0,0,0,1.0,1.0,1.0,1.0,1.0,1,0.46679245494149885,46
1782,3,4564,4564,0,0,0,0,1.0,1.0,1.0,1.0,1.0,1,0.5147559337623226,46
1783,2,4566,4566,0,0,0,0,1.0,1.0,1.0,1.0,1.0,1,0.5212596486912617,44
1784,4,4570,4570,0,0,0,0,1.0,1.0,1.0,1.0,1.0,1,0.520527128878736,45
1785,2,4572,4572,0,0,0,0,1.0,1.0,1.0,1.0,1.0,1,0.5287735833645115,42
1786,5,4577,4577,0,0,0,0,1.0,1.0,1.0,1.0,1.0,1,0.516231847680236,43
1787,7,4584,4584,0,0,0,0,1.0,1.0,1.0,1.0,1.0,1,0.5234119618983163,41
1788,4,4588,4588,0,0,0,0,1.0,1.0,1.0,1.0,1.0,1,0.541269426976281,41
1789,7,4595,4595,0,0,0,0,1.0,1.0,1.0,1.0,1.0,1,0.5585148867220852,41
1790,4,4599,4599,0,0,0,0,1.0,1.0,1.0,1.0,1.0,1,0.6023450831557192,41
1791,7,4606,4606,0,0,0,0,1.0,1.0,1.0,1.0,1.0,1,0.5982999363117366,40
1792,6,4612,4612,0,0,0,0,1.0,1.0,1.0,1.0,1.0,1,0.5717881802767992,40
1793,4,4616,4616,0,0,0,0,1.0,1.0,1.0,1.0,1.0,1,0.5485066383368475,41
1794,3,4619,4619,0,0,0,0,1.0,1.0,1.0,1.0,1.0,1,0.5029460865423926,41
1795,1,4620,4620,0,0,0,0,1.0,1.0,1.0,1.0,1.0,1,0.5522005408241548,40
1796,2,4622,4622,0,0,0,0,1.0,1.0,1.0,1.0,1.0,1,0.544436926077692,40
1797,2,4624,4624,0,0,0,0,1.0,1.0,1.0,1.0,1.0,1,0.555728014561576,37
1798,2,4626,4626,0,0,0,0,1.0,1.0,1.0,1.0,1.0,1,0.564378845992245,37
1799,0,4626,4626,0,0,0,0,1.0,1.0,1.0,1.0,1.0,1,0.5573977273706212,36
1800,1,4627,4627,0,0,0,0,1.0,1.0,1.0,1.0,1.0,1,0.5820302740353808,36
1801,2,4629,4629,0,0,0,0,1.0,1.0,1.0,1.0,1.0,1,0.5722556865050679,34
1802,2,4631,4631,0,0,0,0,1.0,1.0,1.0,1.0,1.0,1,0.5547075906308754,33
1803,3,4634,4634,0,0,0,0,1.0,1.0,1.0,1.0,1.0,1,0.5800276290618243,33
1804,2,4636,4636,0,0,0,0,1.0,1.0,1.0,1.0,1.0,1,0.5695464238995314,33
1805,6,4642,4642,0,0,0,0,1.0,1.0,1.0,1.0,1.0,1,0.5479549326711413,35
1806,2,4644,4644,0,0,0,0,1.0,1.0,1.0,1.0,1.0,1,0.5657408188628952,35
1807,3,4647,4647,0,0,0,0,1.0,1.0,1.0,1.0,1.0,1,0.4801830618541762,35
1808,2,4649,4649,0,0,0,0,1.0,1.0,1.0,1.0,1.0,1,0.4208257440432593,36
1809,2,4651,4651,0,0,0,0,1.0,1.0,1.0,1.0,1.0,1,0.4061538157448271,36
1810,1,4652,4652,0,0,0,0,1.0,1.0,1.0,1.0,1.0,1,0.40984894409828176,35
1811,0,4652,4652,0,0,0,0,1.0,1.0,1.0,1.0,1.0,1,0.4130407117392615,36
1812,1,4653,4653,0,0,0,0,1.0,1.0,1.0,1.0,1.0,1,0.4016491316035581,36
1813,1,4654,4654,0,0,0,0,1.0,1.0,1.0,1.0,1.0,1,0.42916251459041077,36
1814,2,4656,4656,0,0,0,0,1.0,1.0,1.0,1.0,1.0,1,0.4822826263920709,34
1815,3,4659,4659,0,0,0,0,1.0,1.0,1.0,1.0,1.0,1,0.5485359909316743,35
1816,0,4659,4659,0,0,0,0,1.0,1.0,1.0,1.0,1.0,1,0.5672978162354564,34
1817,3,4662,4662,0,0,0,0,1.0,1.0,1.0,1.0,1.0,1,0.6498487171917685,34
1818,2,4664,4664,0,0,0,0,1.0,1.0,1.0,1.0,1.0,1,0.5937929447385016,34
1819,5,4669,4669,0,0,0,0,1.0,1.0,1.0,1.0,1.0,1,0.5591473671893354,35
1820,3,4672,4672,0,0,0,0,1.0,1.0,1.0,1.0,1.0,1,0.49174937212525927,36
1821,2,4674,4674,0,0,0,0,1.0,1.0,1.0,1.0,1.0,1,0.4762502544847987,36
1822,5,4679,4679,0,0,0,0,1.0,1.0,1.0,1.0,1.0,1,0.45932190917495686,37
1823,2,4681,4681,0,0,0,0,1.0,1.0,1.0,1.0,1.0,1,0.4789912482902869,38
1824,2,4683,4683,0,0,0,0,1.0,1.0,1.0,1.0,1.0,1,0.4844398527332983,37
1825,1,4684,4684,0,0,0,0,1.0,1.0,1.0,1.0,1.0,1,0.5261385157528048,36
1826,3,4687,4687,0,0,0,0,1.0,1.0,1.0,1.0,1.0,1,0.5738035775503835,35
1827,0,4687,4687,0,0,0,0,1.0,1.0,1.0,1.0,1.0,1,0.5744817002397814,35
1828,2,4689,4689,0,0,0,0,1.0,1.0,1.0,1.0,1.0,1,0.5681019864527027,33
1829,1,4690,4690,0,0,0,0,1.0,1.0,1.0,1.0,1.0,1,0.5982637561930075,32
1830,3,4693,4693,0,0,0,0,1.0,1.0,1.0,1.0,1.0,1,0.5673651639500261,32
1831,2,4695,4695,0,0,0,0,1.0,1.0,1.0,1.0,1.0,1,0.6120590675371842,30
1832,6,4701,4701,0,0,0,0,1.0,1.0,1.0,1.0,1.0,1,0.5830634362015901,30
1833,5,4706,4706,0,0,0,0,1.0,1.0,1.0,1.0,1.0,1,0.566582230711622,29
1834,4,4710,4710,0,0,0,0,1.0,1.0,1.0,1.0,1.0,1,0.5699480896027039,28
1835,2,4712,4712,0,0,0,0,1.0,1.0,1.0,1.0,1.0,1,0.5656937696738168,28
1836,1,4713,4713,0,0,0,0,1.0,1.0,1.0,1.0,1.0,1,0.5704208844251933,29
1837,1,4714,4714,0,0,0,0,1.0,1.0,1.0,1.0,1.0,1,0.5549740766219042,28
1838,1,4715,4715,0,0,0,0,1.0,1.0,1.0,1.0,1.0,1,0.5588071838065706,28
1839,0,4715,4715,0,0,0,0,1.0,1.0,1.0,1.0,1.0,1,0.5702338835171433,27
1840,3,4718,4718,0,0,0,0,1.0,1.0,1.0,1.0,1.0,1,0.6262503058554902,26
1841,0,4718,4718,0,0,0,0,1.0,1.0,1.0,1.0,1.0,1,0.6296505539647913,25
1842,1,4719,4719,0,0,0,0,1.0,1.0,1.0,1.0,1.0,1,0.6469479216800544,26
1843,2,4721,4721,0,0,0,0,1.0,1.0,1.0,1.0,1.0,1,0.6757341346289951,26
1844,1,4722,4722,0,0,0,0,1.0,1.0,1.0,1.0,1.0,1,0.6913095939174635,26
1845,3,4725,4725,0,0,0,0,1.0,1.0,1.0,1.0,1.0,1,0.6584564125152413,26
1846,3,4728,4728,0,0,0,0,1.0,1.0,1.0,1.0,1.0,1,0.5703928080386109,26
1847,2,4730,4730,0,0,0,0,1.0,1.0,1.0,1.0,1.0,1,0.5128073188279708,26
1848,1,4731,4731,0,0,0,0,1.0,1.0,1.0,1.0,1.0,1,0.5343738243150712,27
1849,1,4732,4732,0,0,0,0,1.0,1.0,1.0,1.0,1.0,1,0.5561548978452144,27
1850,2,4734,4734,0,0,0,0,1.0,1.0,1.0,1.0,1.0,1,0.5704671892495928,28
1851,0,4734,4734,0,0,0,0,1.0,1.0,1.0,1.0,1.0,1,0.5704671892495928,28
1852,2,4736,4736,0,0,0,0,1.0,1.0,1.0,1.0,1.0,1,0.577451567990012,28
1853,2,4738,4738,0,0,0,0,1.0,1.0,1.0,1.0,1.0,1,0.5715573522068281,27
1854,1,4739,4739,0,0,0,0,1.0,1.0,1.0,1.0,1.0,1,0.5734439081434878,28
1855,4,4743,4743,0,0,0,0,1.0,1.0,1.0,1.0,1.0,1,0.5953504319512312,28
1856,5,4748,4748,0,0,0,0,1.0,1.0,1.0,1.0,1.0,1,0.6320283292215972,30
1857,4,4752,4752,0,0,0,0,1.0,1.0,1.0,1.0,1.0,1,0.6480598557401236,31
1858,2,4754,4754,0,0,0,0,1.0,1.0,1.0,1.0,1.0,1,0.6339431348424431,31
1859,3,4757,4757,0,0,0,0,1.0,1.0,1.0,1.0,1.0,1,0.615032541909351,31
1860,4,4761,4761,0,0,0,0,1.0,1.0,1.0,1.0,1.0,1,0.5958069528479794,31
1861,2,4763,4763,0,0,0,0,1.0,1.0,1.0,1.0,1.0,1,0.6220134811902522,31
1862,2,4765,4765,0,0,0,0,1.0,1.0,1.0,1.0,1.0,1,0.6419616830867001,31
1863,5,4770,4770,0,0,0,0,1.0,1.0,1.0,1.0,1.0,1,0.623823486463756,31
1864,1,4771,4771,0,0,0,0,1.0,1.0,1.0,1.0,1.0,1,0.644600962912102,30
1865,3,4774,4774,0,0,0,0,1.0,1.0,1.0,1.0,1.0,1,0.6058327112664386,27
1866,1,4775,4775,0,0,0,0,1.0,1.0,1.0,1.0,1.0,1,0.5849035178965507,28
1867,4,4779,4779,0,0,0,0,1.0,1.0,1.0,1.0,1.0,1,0.6265918834707352,26
1868,1,4780,4780,0,0,0,0,1.0,1.0,1.0,1.0,1.0,1,0.6223467112965155,26
1869,1,4781,4781,0,0,0,0,1.0,1.0,1.0,1.0,1.0,1,0.6751339473800364,25
1870,1,4782,4782,0,0,0,0,1.0,1.0,1.0,1.0,1.0,1,0.6851961193073783,25
1871,1,4783,4783,0,0,0,0,1.0,1.0,1.0,1.0,1.0,1,0.6619902630002732,26
1872,0,4783,4783,0,0,0,0,1.0,1.0,1.0,1.0,1.0,1,0.6710883961735928,25
1873,1,4784,4784,0,0,0,0,1.0,1.0,1.0,1.0,1.0,1,0.7175179275753875,23
1874,2,4786,4786,0,0,0,0,1.0,1.0,1.0,1.0,1.0,1,0.7307689416546996,23
1875,0,4786,4786,0,0,0,0,1.0,1.0,1.0,1.0,1.0,1,0.7863650559939517,21
1876,1,4787,4787,0,0,0,0,1.0,1.0,1.0,1.0,1.0,1,0.7368553251463446,24
1877,0,4787,4787,0,0,0,0,1.0,1.0,1.0,1.0,1.0,1,0.7368553251463446,24
1878,0,4787,4787,0,0,0,0,1.0,1.0,1.0,1.0,1.0,1,0.7021184579089325,26
1879,0,4787,4787,0,0,0,0,1.0,1.0,1.0,1.0,1.0,1,0.7021184579089325,26
1880,2,4789,4789,0,0,0,0,1.0,1.0,1.0,1.0,1.0,1,0.7067072873672416,26
1881,0,4789,4789,0,0,0,0,1.0,1.0,1.0,1.0,1.0,1,0.7067072873672416,26
1882,0,4789,4789,0,0,0,0,1.0,1.0,1.0,1.0,1.0,1,0.7199385185261038,25
1883,1,4790,4790,0,0,0,0,1.0,1.0,1.0,1.0,1.0,1,0.7335955232475725,25
1884,0,4790,4790,0,0,0,0,1.0,1.0,1.0,1.0,1.0,1,0.7335955232475725,25
1885,2,4792,4792,0,0,0,0,1.0,1.0,1.0,1.0,1.0,1,0.7824678625898586,25
1886,0,4792,4792,0,0,0,0,1.0,1.0,1.0,1.0,1.0,1,0.764966883404842,26
1887,1,4793,4793,0,0,0,0,1.0,1.0,1.0,1.0,1.0,1,0.7494694211790238,26
1888,0,4793,4793,0,0,0,0,1.0,1.0,1.0,1.0,1.0,1,0.7387068319576883,27
1889,0,4793,4793,0,0,0,0,1.0,1.0,1.0,1.0,1.0,1,0.7355250950139658,28
1890,1,4794,4794,0,0,0,0,1.0,1.0,1.0,1.0,1.0,1,0.7208603964419704,28
1891,1,4795,4795,0,0,0,0,1.0,1.0,1.0,1.0,1.0,1,0.7358312695178754,29
1892,0,4795,4795,0,0,0,0,1.0,1.0,1.0,1.0,1.0,1,0.7358312695178754,29
1893,1,4796,4796,0,0,0,0,1.0,1.0,1.0,1.0,1.0,1,0.7432904041661853,29
1894,1,4797,4797,0,0,0,0,1.0,1.0,1.0,1.0,1.0,1,0.7316405202662234,29
1895,0,4797,4797,0,0,0,0,1.0,1.0,1.0,1.0,1.0,1,0.691849769153313,31
1896,0,4797,4797,0,0,0,0,1.0,1.0,1.0,1.0,1.0,1,0.691849769153313,31
1897,1,4798,4798,0,0,0,0,1.0,1.0,1.0,1.0,1.0,1,0.6766064849395022,31
1898,1,4799,4799,0,0,0,0,1.0,1.0,1.0,1.0,1.0,1,0.691849769153313,31
1899,0,4799,4799,0,0,0,0,1.0,1.0,1.0,1.0,1.0,1,0.6834389742751892,32
1900,1,4800,4800,0,0,0,0,1.0,1.0,1.0,1.0,1.0,1,0.673622258734829,32
1901,0,4800,4800,0,0,0,0,1.0,1.0,1.0,1.0,1.0,1,0.673622258734829,32
1902,1,4801,4801,0,0,0,0,1.0,1.0,1.0,1.0,1.0,1,0.7041843427786175,32
1903,1,4802,4802,0,0,0,0,1.0,1.0,1.0,1.0,1.0,1,0.7170360934279224,32
1904,2,4804,4804,0,0,0,0,1.0,1.0,1.0,1.0,1.0,1,0.7021792334008874,34
1905,2,4806,4806,0,0,0,0,1.0,1.0,1.0,1.0,1.0,1,0.7149878093466674,34
1906,0,4806,4806,0,0,0,0,1.0,1.0,1.0,1.0,1.0,1,0.7140596835549461,35
1907,1,4807,4807,0,0,0,0,1.0,1.0,1.0,1.0,1.0,1,0.6888152108186072,36
1908,2,4809,4809,0,0,0,0,1.0,1.0,1.0,1.0,1.0,1,0.659786967069362,36
1909,1,4810,4810,0,0,0,0,1.0,1.0,1.0,1.0,1.0,1,0.6254567940566009,37
1910,3,4813,4813,0,0,0,0,1.0,1.0,1.0,1.0,1.0,1,0.5873385752937905,38
1911,2,4815,4815,0,0,0,0,1.0,1.0,1.0,1.0,1.0,1,0.6487443614958874,37
1912,3,4818,4818,0,0,0,0,1.0,1.0,1.0,1.0,1.0,1,0.5926901439436187,37
1913,3,4821,4821,0,0,0,0,1.0,1.0,1.0,1.0,1.0,1,0.6072720188865183,36
1914,3,4824,4824,0,0,0,0,1.0,1.0,1.0,1.0,1.0,1,0.5612969252112031,37
1915,1,4825,4825,0,0,0,0,1.0,1.0,1.0,1.0,1.0,1,0.5327592706475464,37
1916,2,4827,4827,0,0,0,0,1.0,1.0,1.0,1.0,1.0,1,0.525075554920119,39
1917,1,4828,4828,0,0,0,0,1.0,1.0,1.0,1.0,1.0,1,0.535790077856292,38
1918,3,4831,4831,0,0,0,0,1.0,1.0,1.0,1.0,1.0,1,0.5637919096056078,38
1919,0,4831,4831,0,0,0,0,1.0,1.0,1.0,1.0,1.0,1,0.5731633042218055,38
1920,3,4834,4834,0,0,0,0,1.0,1.0,1.0,1.0,1.0,1,0.6191500095521221,39
1921,1,4835,4835,0,0,0,0,1.0,1.0,1.0,1.0,1.0,1,0.5954667117324044,38
1922,3,4838,4838,0,0,0,0,1.0,1.0,1.0,1.0,1.0,1,0.5905074648785003,39
1923,3,4841,4841,0,0,0,0,1.0,1.0,1.0,1.0,1.0,1,0.5738488960955804,40
1924,2,4843,4843,0,0,0,0,1.0,1.0,1.0,1.0,1.0,1,0.5460089408573604,40
1925,6,4849,4849,0,0,0,0,1.0,1.0,1.0,1.0,1.0,1,0.5665638491068031,40
1926,1,4850,4850,0,0,0,0,1.0,1.0,1.0,1.0,1.0,1,0.5791566395364355,40
1927,3,4853,4853,0,0,0,0,1.0,1.0,1.0,1.0,1.0,1,0.5598048421718381,41
1928,1,4854,4854,0,0,0,0,1.0,1.0,1.0,1.0,1.0,1,0.5659402766944124,41
1929,5,4859,4859,0,0,0,0,1.0,1.0,1.0,1.0,1.0,1,0.5646966909808181,40
1930,2,4861,4861,0,0,0,0,1.0,1.0,1.0,1.0,1.0,1,0.5626959001767146,40
1931,2,4863,4863,0,0,0,0,1.0,1.0,1.0,1.0,1.0,1,0.5859645029918731,40
1932,1,4864,4864,0,0,0,0,1.0,1.0,1.0,1.0,1.0,1,0.5785604595793107,40
1933,2,4866,4866,0,0,0,0,1.0,1.0,1.0,1.0,1.0,1,0.5696092561154107,42
1934,1,4867,4867,0,0,0,0,1.0,1.0,1.0,1.0,1.0,1,0.5655442482813277,44
1935,2,4869,4869,0,0,0,0,1.0,1.0,1.0,1.0,1.0,1,0.5722589889858442,44
1936,3,4872,4872,0,0,0,0,1.0,1.0,1.0,1.0,1.0,1,0.5400124945653618,46
1937,2,4874,4874,0,0,0,0,1.0,1.0,1.0,1.0,1.0,1,0.5452671864999583,47
1938,3,4877,4877,0,0,0,0,1.0,1.0,1.0,1.0,1.0,1,0.5275681614280495,47
1939,1,4878,4878,0,0,0,0,1.0,1.0,1.0,1.0,1.0,1,0.524577797802619,47
1940,4,4882,4882,0,0,0,0,1.0,1.0,1.0,1.0,1.0,1,0.49477264142425814,47
1941,6,4888,4888,0,0,0,0,1.0,1.0,1.0,1.0,1.0,1,0.5181775828455478,47
1942,4,4892,4892,0,0,0,0,1.0,1.0,1.0,1.0,1.0,1,0.4765807729750518,49
1943,2,4894,4894,0,0,0,0,1.0,1.0,1.0,1.0,1.0,1,0.5138952877408938,47
1944,4,4898,4898,0,0,0,0,1.0,1.0,1.0,1.0,1.0,1,0.4838763419844972,47
1945,5,4903,4903,0,0,0,0,1.0,1.0,1.0,1.0,1.0,1,0.5088831293854325,45
1946,3,4906,4906,0,0,0,0,1.0,1.0,1.0,1.0,1.0,1,0.5245529678887462,45
1947,4,4910,4910,0,0,0,0,1.0,1.0,1.0,1.0,1.0,1,0.547654477778478,45
1948,5,4915,4915,0,0,0,0,1.0,1.0,1.0,1.0,1.0,1,0.5543527377087851,45
1949,3,4918,4918,0,0,0,0,1.0,1.0,1.0,1.0,1.0,1,0.5685832235087608,42
1950,0,4918,4918,0,0,0,0,1.0,1.0,1.0,1.0,1.0,1,0.5637667820248706,42
1951,4,4922,4922,0,0,0,0,1.0,1.0,1.0,1.0,1.0,1,0.5776531782162386,38
1952,3,4925,4925,0,0,0,0,1.0,1.0,1.0,1.0,1.0,1,0.5661758853877124,36
1953,3,4928,4928,0,0,0,0,1.0,1.0,1.0,1.0,1.0,1,0.5866004578845923,35
1954,2,4930,4930,0,0,0,0,1.0,1.0,1.0,1.0,1.0,1,0.6250389292914686,32
1955,4,4934,4934,0,0,0,0,1.0,1.0,1.0,1.0,1.0,1,0.5604097798210486,33
1956,5,4939,4939,0,0,0,0,1.0,1.0,1.0,1.0,1.0,1,0.6529756961954428,31
1957,6,4945,4945,0,0,0,0,1.0,1.0,1.0,1.0,1.0,1,0.5840873075884616,33
1958,2,4947,4947,0,0,0,0,1.0,1.0,1.0,1.0,1.0,1,0.5749794491153729,34
1959,3,4950,4950,0,0,0,0,1.0,1.0,1.0,1.0,1.0,1,0.5611034322916597,35
1960,3,4953,4953,0,0,0,0,1.0,1.0,1.0,1.0,1.0,1,0.5867386678742343,36
1961,2,4955,4955,0,0,0,0,1.0,1.0,1.0,1.0,1.0,1,0.5813940051212689,36
1962,1,4956,4956,0,0,0,0,1.0,1.0,1.0,1.0,1.0,1,0.57133968110955,35
1963,5,4961,4961,0,0,0,0,1.0,1.0,1.0,1.0,1.0,1,0.5355102964052083,36
1964,4,4965,4965,0,0,0,0,1.0,1.0,1.0,1.0,1.0,1,0.5632420718407344,35
1965,3,4968,4968,0,0,0,0,1.0,1.0,1.0,1.0,1.0,1,0.5612882396650434,36
1966,5,4973,4973,0,0,0,0,1.0,1.0,1.0,1.0,1.0,1,0.5064577777006013,36
1967,1,4974,4974,0,0,0,0,1.0,1.0,1.0,1.0,1.0,1,0.4970004889743084,36
1968,3,4977,4977,0,0,0,0,1.0,1.0,1.0,1.0,1.0,1,0.5056416666534261,37
1969,1,4978,4978,0,0,0,0,1.0,1.0,1.0,1.0,1.0,1,0.4986187290562176,37
1970,1,4979,4979,0,0,0,0,1.0,1.0,1.0,1.0,1.0,1,0.48919369420642084,38
1971,0,4979,4979,0,0,0,0,1.0,1.0,1.0,1.0,1.0,1,0.4939447957415748,37
1972,2,4981,4981,0,0,0,0,1.0,1.0,1.0,1.0,1.0,1,0.537965034480859,37
1973,2,4983,4983,0,0,0,0,1.0,1.0,1.0,1.0,1.0,1,0.5689595194443562,37
1974,3,4986,4986,0,0,0,0,1.0,1.0,1.0,1.0,1.0,1,0.6129250633894531,38
1975,2,4988,4988,0,0,0,0,1.0,1.0,1.0,1.0,1.0,1,0.6238200227665214,37
1976,2,4990,4990,0,0,0,0,1.0,1.0,1.0,1.0,1.0,1,0.5813603388357333,39
1977,2,4992,4992,0,0,0,0,1.0,1.0,1.0,1.0,1.0,1,0.5616727252343848,42
1978,0,4992,4992,0,0,0,0,1.0,1.0,1.0,1.0,1.0,1,0.5616727252343848,42
1979,8,5000,5000,0,0,0,0,1.0,1.0,1.0,1.0,1.0,1,0.4926748675475044,42
1980,2,5002,5002,0,0,0,0,1.0,1.0,1.0,1.0,1.0,1,0.5199812797969035,43
1981,4,5006,5006,0,0,0,0,1.0,1.0,1.0,1.0,1.0,1,0.5292132289598858,44
1982,1,5007,5007,0,0,0,0,1.0,1.0,1.0,1.0,1.0,1,0.5336988070457535,44
1983,3,5010,5010,0,0,0,0,1.0,1.0,1.0,1.0,1.0,1,0.5469965138961678,44
1984,4,5014,5014,0,0,0,0,1.0,1.0,1.0,1.0,1.0,1,0.6063035530376727,42
1985,1,5015,5015,0,0,0,0,1.0,1.0,1.0,1.0,1.0,1,0.5778754995273232,41
1986,2,5017,5017,0,0,0,0,1.0,1.0,1.0,1.0,1.0,1,0.6184378543270389,40
1987,3,5020,5020,0,0,0,0,1.0,1.0,1.0,1.0,1.0,1,0.6253164295849998,37
1988,1,5021,5021,0,0,0,0,1.0,1.0,1.0,1.0,1.0,1,0.6460300097544043,35
1989,3,5024,5024,0,0,0,0,1.0,1.0,1.0,1.0,1.0,1,0.6502460845760909,32
1990,0,5024,5024,0,0,0,0,1.0,1.0,1.0,1.0,1.0,1,0.6175740656966945,31
1991,2,5026,5026,0,0,0,0,1.0,1.0,1.0,1.0,1.0,1,0.610076070002023,32
1992,1,5027,5027,0,0,0,0,1.0,1.0,1.0,1.0,1.0,1,0.5862391812067953,32
1993,0,5027,5027,0,0,0,0,1.0,1.0,1.0,1.0,1.0,1,0.5751075097578959,32
1994,1,5028,5028,0,0,0,0,1.0,1.0,1.0,1.0,1.0,1,0.5767008284766607,31
1995,2,5030,5030,0,0,0,0,1.0,1.0,1.0,1.0,1.0,1,0.5412476302864444,32
1996,2,5032,5032,0,0,0,0,1.0,1.0,1.0,1.0,1.0,1,0.524994129576034,32
1997,0,5032,5032,0,0,0,0,1.0,1.0,1.0,1.0,1.0,1,0.5281739132236639,31
1998,1,5033,5033,0,0,0,0,1.0,1.0,1.0,1.0,1.0,1,0.5128214902422347,32
1999,2,5035,5035,0,0,0,0,1.0,1.0,1.0,1.0,1.0,1,0.5136600829683188,31
2000,1,5036,5036,0,0,0,0,1.0,1.0,1.0,1.0,1.0,1,0.5191129686052554,30
2001,1,5037,5037,0,0,0,0,1.0,1.0,1.0,1.0,1.0,1,0.5632218987241702,29
2002,1,5038,5038,0,0,0,0,1.0,1.0,1.0,1.0,1.0,1,0.5496615163202226,31
2003,3,5041,5041,0,0,0,0,1.0,1.0,1.0,1.0,1.0,1,0.5825207273346384,33
2004,5,5046,5046,0,0,0,0,1.0,1.0,1.0,1.0,1.0,1,0.5912367638403552,34
2005,3,5049,5049,0,0,0,0,1.0,1.0,1.0,1.0,1.0,1,0.5620029450004383,35
2006,3,5052,5052,0,0,0,0,1.0,1.0,1.0,1.0,1.0,1,0.5827638315309148,36
2007,7,5059,5059,0,0,0,0,1.0,1.0,1.0,1.0,1.0,1,0.5331108098247526,36
2008,6,5065,5065,0,0,0,0,1.0,1.0,1.0,1.0,1.0,1,0.6154820765743708,36
2009,2,5067,5067,0,0,0,0,1.0,1.0,1.0,1.0,1.0,1,0.5733458786780681,37
2010,1,5068,5068,0,0,0,0,1.0,1.0,1.0,1.0,1.0,1,0.5814795098302139,37
2011,2,5070,5070,0,0,0,0,1.0,1.0,1.0,1.0,1.0,1,0.5856407243434677,37
2012,2,5072,5072,0,0,0,0,1.0,1.0,1.0,1.0,1.0,1,0.6150661616572276,37
2013,3,5075,5075,0,0,0,0,1.0,1.0,1.0,1.0,1.0,1,0.6083602985776242,39
2014,1,5076,5076,0,0,0,0,1.0,1.0,1.0,1.0,1.0,1,0.6225376962858004,39
2015,3,5079,5079,0,0,0,0,1.0,1.0,1.0,1.0,1.0,1,0.6589345987001726,39
2016,2,5081,5081,0,0,0,0,1.0,1.0,1.0,1.0,1.0,1,0.5965557817206598,41
2017,4,5085,5085,0,0,0,0,1.0,1.0,1.0,1.0,1.0,1,0.6214070755903908,41
2018,2,5087,5087,0,0,0,0,1.0,1.0,1.0,1.0,1.0,1,0.6136565130539127,42
2019,5,5092,5092,0,0,0,0,1.0,1.0,1.0,1.0,1.0,1,0.5669448644837386,43
2020,4,5096,5096,0,0,0,0,1.0,1.0,1.0,1.0,1.0,1,0.54377258632929,43
2021,2,5098,5098,0,0,0,0,1.0,1.0,1.0,1.0,1.0,1,0.5315201426755468,43
2022,6,5104,5104,0,0,0,0,1.0,1.0,1.0,1.0,1.0,1,0.5287579214769261,44
2023,1,5105,5105,0,0,0,0,1.0,1.0,1.0,1.0,1.0,1,0.5566240841641578,42
2024,4,5109,5109,0,0,0,0,1.0,1.0,1.0,1.0,1.0,1,0.5735410300688956,41
2025,1,5110,5110,0,0,0,0,1.0,1.0,1.0,1.0,1.0,1,0.5875994992950274,39
2026,4,5114,5114,0,0,0,0,1.0,1.0,1.0,1.0,1.0,1,0.5761573685794861,39
2027,0,5114,5114,0,0,0,0,1.0,1.0,1.0,1.0,1.0,1,0.6019689674214541,38
2028,7,5121,5121,0,0,0,0,1.0,1.0,1.0,1.0,1.0,1,0.5804433057738296,37
2029,1,5122,5122,0,0,0,0,1.0,1.0,1.0,1.0,1.0,1,0.6055256045084817,35
2030,5,5127,5127,0,0,0,0,1.0,1.0,1.0,1.0,1.0,1,0.5887934297320889,32
2031,6,5133,5133,0,0,0,0,1.0,1.0,1.0,1.0,1.0,1,0.5915363923011477,34
2032,3,5136,5136,0,0,0,0,1.0,1.0,1.0,1.0,1.0,1,0.6110099836428663,35
2033,6,5142,5142,0,0,0,0,1.0,1.0,1.0,1.0,1.0,1,0.5943420152690766,35
2034,8,5150,5150,0,0,0,0,1.0,1.0,1.0,1.0,1.0,1,0.6053343098273917,35
2035,4,5154,5154,0,0,0,0,1.0,1.0,1.0,1.0,1.0,1,0.6130021366024065,36
2036,1,5155,5155,0,0,0,0,1.0,1.0,1.0,1.0,1.0,1,0.614743253837092,35
2037,3,5158,5158,0,0,0,0,1.0,1.0,1.0,1.0,1.0,1,0.5392770255952136,36
2038,2,5160,5160,0,0,0,0,1.0,1.0,1.0,1.0,1.0,1,0.5364360554000451,38
2039,1,5161,5161,0,0,0,0,1.0,1.0,1.0,1.0,1.0,1,0.5642661685191966,38
2040,0,5161,5161,0,0,0,0,1.0,1.0,1.0,1.0,1.0,1,0.5539697779470752,37
2041,2,5163,5163,0,0,0,0,1.0,1.0,1.0,1.0,1.0,1,0.5195388940329771,38
2042,0,5163,5163,0,0,0,0,1.0,1.0,1.0,1.0,1.0,1,0.5195388940329771,38
2043,2,5165,5165,0,0,0,0,1.0,1.0,1.0,1.0,1.0,1,0.505809494099365,38
2044,0,5165,5165,0,0,0,0,1.0,1.0,1.0,1.0,1.0,1,0.5038261991649327,39
2045,3,5168,5168,0,0,0,0,1.0,1.0,1.0,1.0,1.0,1,0.5053572727163693,40
2046,3,5171,5171,0,0,0,0,1.0,1.0,1.0,1.0,1.0,1,0.47967668820368164,41
2047,1,5172,5172,0,0,0,0,1.0,1.0,1.0,1.0,1.0,1,0.4730519233687945,41
2048,3,5175,5175,0,0,0,0,1.0,1.0,1.0,1.0,1.0,1,0.4666310979001411,43
2049,1,5176,5176,0,0,0,0,1.0,1.0,1.0,1.0,1.0,1,0.4571557378830593,43
2050,3,5179,5179,0,0,0,0,1.0,1.0,1.0,1.0,1.0,1,0.45612261444527136,43
2051,2,5181,5181,0,0,0,0,1.0,1.0,1.0,1.0,1.0,1,0.49298539928607393,43
2052,0,5181,5181,0,0,0,0,1.0,1.0,1.0,1.0,1.0,1,0.4980880002266863,44
2053,5,5186,5186,0,0,0,0,1.0,1.0,1.0,1.0,1.0,1,0.5012697240387413,43
2054,1,5187,5187,0,0,0,0,1.0,1.0,1.0,1.0,1.0,1,0.489939654168504,44
2055,3,5190,5190,0,0,0,0,1.0,1.0,1.0,1.0,1.0,1,0.5514156360398696,43
2056,2,5192,5192,0,0,0,0,1.0,1.0,1.0,1.0,1.0,1,0.543200047943093,44
2057,0,5192,5192,0,0,0,0,1.0,1.0,1.0,1.0,1.0,1,0.5327274397689394,44
2058,3,5195,5195,0,0,0,0,1.0,1.0,1.0,1.0,1.0,1,0.48138515522876074,44
2059,6,5201,5201,0,0,0,0,1.0,1.0,1.0,1.0,1.0,1,0.4784965405991996,45
2060,3,5204,5204,0,0,0,0,1.0,1.0,1.0,1.0,1.0,1,0.44998495220003254,46
2061,2,5206,5206,0,0,0,0,1.0,1.0,1.0,1.0,1.0,1,0.4390616750326047,48
2062,3,5209,5209,0,0,0,0,1.0,1.0,1.0,1.0,1.0,1,0.46883179440257494,48
2063,4,5213,5213,0,0,0,0,1.0,1.0,1.0,1.0,1.0,1,0.47081297287895096,45
2064,2,5215,5215,0,0,0,0,1.0,1.0,1.0,1.0,1.0,1,0.49092928319395246,44
2065,2,5217,5217,0,0,0,0,1.0,1.0,1.0,1.0,1.0,1,0.5077398629808051,42
2066,1,5218,5218,0,0,0,0,1.0,1.0,1.0,1.0,1.0,1,0.5228206256281575,42
2067,3,5221,5221,0,0,0,0,1.0,1.0,1.0,1.0,1.0,1,0.5659794084793224,38
2068,1,5222,5222,0,0,0,0,1.0,1.0,1.0,1.0,1.0,1,0.5962707708949628,37
2069,1,5223,5223,0,0,0,0,1.0,1.0,1.0,1.0,1.0,1,0.6009465923278411,35
2070,0,5223,5223,0,0,0,0,1.0,1.0,1.0,1.0,1.0,1,0.6017576484911608,35
2071,2,5225,5225,0,0,0,0,1.0,1.0,1.0,1.0,1.0,1,0.5987862519377761,34
2072,1,5226,5226,0,0,0,0,1.0,1.0,1.0,1.0,1.0,1,0.6287737106657163,35
2073,2,5228,5228,0,0,0,0,1.0,1.0,1.0,1.0,1.0,1,0.6167446235280543,37
2074,1,5229,5229,0,0,0,0,1.0,1.0,1.0,1.0,1.0,1,0.6159096482378335,36
2075,3,5232,5232,0,0,0,0,1.0,1.0,1.0,1.0,1.0,1,0.5814277891949848,38
2076,1,5233,5233,0,0,0,0,1.0,1.0,1.0,1.0,1.0,1,0.5893324292580374,37
2077,5,5238,5238,0,0,0,0,1.0,1.0,1.0,1.0,1.0,1,0.6093519117770181,37
2078,3,5241,5241,0,0,0,0,1.0,1.0,1.0,1.0,1.0,1,0.6122909495283213,37
2079,4,5245,5245,0,0,0,0,1.0,1.0,1.0,1.0,1.0,1,0.6189020802868509,37
2080,6,5251,5251,0,0,0,0,1.0,1.0,1.0,1.0,1.0,1,0.5605507144180198,36
2081,4,5255,5255,0,0,0,0,1.0,1.0,1.0,1.0,1.0,1,0.5923547185558642,37
2082,6,5261,5261,0,0,0,0,1.0,1.0,1.0,1.0,1.0,1,0.5377236329019611,38
2083,1,5262,5262,0,0,0,0,1.0,1.0,1.0,1.0,1.0,1,0.5541097373109121,39
2084,6,5268,5268,0,0,0,0,1.0,1.0,1.0,1.0,1.0,1,0.5121336798308378,41
2085,4,5272,5272,0,0,0,0,1.0,1.0,1.0,1.0,1.0,1,0.5145546075863839,41
2086,2,5274,5274,0,0,0,0,1.0,1.0,1.0,1.0,1.0,1,0.5033700472181836,44
2087,2,5276,5276,0,0,0,0,1.0,1.0,1.0,1.0,1.0,1,0.49550041493654545,44
2088,1,5277,5277,0,0,0,0,1.0,1.0,1.0,1.0,1.0,1,0.5002929052559926,45
2089,0,5277,5277,0,0,0,0,1.0,1.0,1.0,1.0,1.0,1,0.4891803177776101,46
2090,1,5278,5278,0,0,0,0,1.0,1.0,1.0,1.0,1.0,1,0.5031250395367888,47
2091,0,5278,5278,0,0,0,0,1.0,1.0,1.0,1.0,1.0,1,0.4953945752791801,48
2092,1,5279,5279,0,0,0,0,1.0,1.0,1.0,1.0,1.0,1,0.47700749439637824,48
2093,3,5282,5282,0,0,0,0,1.0,1.0,1.0,1.0,1.0,1,0.5012799326449394,48
2094,4,5286,5286,0,0,0,0,1.0,1.0,1.0,1.0,1.0,1,0.4511497387887301,47
2095,1,5287,5287,0,0,0,0,1.0,1.0,1.0,1.0,1.0,1,0.450186964652093,49
2096,3,5290,5290,0,0,0,0,1.0,1.0,1.0,1.0,1.0,1,0.4670801819748864,50
2097,2,5292,5292,0,0,0,0,1.0,1.0,1.0,1.0,1.0,1,0.4696518197583167,50
2098,2,5294,5294,0,0,0,0,1.0,1.0,1.0,1.0,1.0,1,0.49443242077551675,51
2099,4,5298,5298,0,0,0,0,1.0,1.0,1.0,1.0,1.0,1,0.49540176775371625,50
2100,3,5301,5301,0,0,0,0,1.0,1.0,1.0,1.0,1.0,1,0.5229735131687644,49
2101,1,5302,5302,0,0,0,0,1.0,1.0,1.0,1.0,1.0,1,0.5282789629944994,48
2102,5,5307,5307,0,0,0,0,1.0,1.0,1.0,1.0,1.0,1,0.5483972735306432,49
2103,4,5311,5311,0,0,0,0,1.0,1.0,1.0,1.0,1.0,1,0.5576661649011383,44
2104,6,5317,5317,0,0,0,0,1.0,1.0,1.0,1.0,1.0,1,0.5851468512984981,42
2105,4,5321,5321,0,0,0,0,1.0,1.0,1.0,1.0,1.0,1,0.5882128459602951,40
2106,6,5327,5327,0,0,0,0,1.0,1.0,1.0,1.0,1.0,1,0.640452701708062,39
2107,1,5328,5328,0,0,0,0,1.0,1.0,1.0,1.0,1.0,1,0.6182096866938306,37
2108,4,5332,5332,0,0,0,0,1.0,1.0,1.0,1.0,1.0,1,0.6164652073183833,37
2109,0,5332,5332,0,0,0,0,1.0,1.0,1.0,1.0,1.0,1,0.6083420567036144,36
2110,0,5332,5332,0,0,0,0,1.0,1.0,1.0,1.0,1.0,1,0.5882117407279026,35
2111,1,5333,5333,0,0,0,0,1.0,1.0,1.0,1.0,1.0,1,0.5732328503320939,35
2112,2,5335,5335,0,0,0,0,1.0,1.0,1.0,1.0,1.0,1,0.6164443064341121,35
2113,0,5335,5335,0,0,0,0,1.0,1.0,1.0,1.0,1.0,1,0.6160544244811088,35
2114,2,5337,5337,0,0,0,0,1.0,1.0,1.0,1.0,1.0,1,0.6217434065146722,36
2115,1,5338,5338,0,0,0,0,1.0,1.0,1.0,1.0,1.0,1,0.5948871853121998,37
2116,3,5341,5341,0,0,0,0,1.0,1.0,1.0,1.0,1.0,1,0.5617092163761763,39
2117,3,5344,5344,0,0,0,0,1.0,1.0,1.0,1.0,1.0,1,0.5171810929096184,39
2118,3,5347,5347,0,0,0,0,1.0,1.0,1.0,1.0,1.0,1,0.5102500836760975,41
2119,0,5347,5347,0,0,0,0,1.0,1.0,1.0,1.0,1.0,1,0.5187554571477774,42
2120,2,5349,5349,0,0,0,0,1.0,1.0,1.0,1.0,1.0,1,0.5116142430599144,42
2121,0,5349,5349,0,0,0,0,1.0,1.0,1.0,1.0,1.0,1,0.5116142430599144,42
2122,1,5350,5350,0,0,0,0,1.0,1.0,1.0,1.0,1.0,1,0.5172318334911755,43
2123,2,5352,5352,0,0,0,0,1.0,1.0,1.0,1.0,1.0,1,0.5221067487244305,42
2124,1,5353,5353,0,0,0,0,1.0,1.0,1.0,1.0,1.0,1,0.5159342573745741,42
2125,1,5354,5354,0,0,0,0,1.0,1.0,1.0,1.0,1.0,1,0.513044749123604,41
2126,0,5354,5354,0,0,0,0,1.0,1.0,1.0,1.0,1.0,1,0.513044749123604,41
2127,2,5356,5356,0,0,0,0,1.0,1.0,1.0,1.0,1.0,1,0.5243640251914223,41
2128,2,5358,5358,0,0,0,0,1.0,1.0,1.0,1.0,1.0,1,0.5064769742321421,42
2129,1,5359,5359,0,0,0,0,1.0,1.0,1.0,1.0,1.0,1,0.5304097281214887,43
2130,3,5362,5362,0,0,0,0,1.0,1.0,1.0,1.0,1.0,1,0.5056986375367102,45
2131,2,5364,5364,0,0,0,0,1.0,1.0,1.0,1.0,1.0,1,0.5443279216146849,44
2132,7,5371,5371,0,0,0,0,1.0,1.0,1.0,1.0,1.0,1,0.5712566914996666,44
2133,4,5375,5375,0,0,0,0,1.0,1.0,1.0,1.0,1.0,1,0.5905168485392978,45
2134,7,5382,5382,0,0,0,0,1.0,1.0,1.0,1.0,1.0,1,0.5068170028906479,45
2135,8,5390,5390,0,0,0,0,1.0,1.0,1.0,1.0,1.0,1,0.5366573996257488,46
2136,2,5392,5392,0,0,0,0,1.0,1.0,1.0,1.0,1.0,1,0.5249926456960663,47
2137,2,5394,5394,0,0,0,0,1.0,1.0,1.0,1.0,1.0,1,0.5367464791500415,47
2138,1,5395,5395,0,0,0,0,1.0,1.0,1.0,1.0,1.0,1,0.5400415388667764,45
2139,4,5399,5399,0,0,0,0,1.0,1.0,1.0,1.0,1.0,1,0.569114804650334,45
2140,2,5401,5401,0,0,0,0,1.0,1.0,1.0,1.0,1.0,1,0.6054416942831757,44
2141,1,5402,5402,0,0,0,0,1.0,1.0,1.0,1.0,1.0,1,0.606130281989049,45
2142,6,5408,5408,0,0,0,0,1.0,1.0,1.0,1.0,1.0,1,0.5705021489730415,46
2143,4,5412,5412,0,0,0,0,1.0,1.0,1.0,1.0,1.0,1,0.5373549978147388,46
2144,5,5417,5417,0,0,0,0,1.0,1.0,1.0,1.0,1.0,1,0.5370062509679944,48
2145,4,5421,5421,0,0,0,0,1.0,1.0,1.0,1.0,1.0,1,0.5787223884994691,46
2146,4,5425,5425,0,0,0,0,1.0,1.0,1.0,1.0,1.0,1,0.5495405614247474,45
2147,7,5432,5432,0,0,0,0,1.0,1.0,1.0,1.0,1.0,1,0.5570660953888197,44
2148,4,5436,5436,0,0,0,0,1.0,1.0,1.0,1.0,1.0,1,0.4763665042805788,44
2149,5,5441,5441,0,0,0,0,1.0,1.0,1.0,1.0,1.0,1,0.4782409077876219,42
2150,5,5446,5446,0,0,0,0,1.0,1.0,1.0,1.0,1.0,1,0.48330813997213995,40
2151,3,5449,5449,0,0,0,0,1.0,1.0,1.0,1.0,1.0,1,0.5003074971250663,39
2152,4,5453,5453,0,0,0,0,1.0,1.0,1.0,1.0,1.0,1,0.5239222722949839,40
2153,1,5454,5454,0,0,0,0,1.0,1.0,1.0,1.0,1.0,1,0.5359743023323235,42
2154,3,5457,5457,0,0,0,0,1.0,1.0,1.0,1.0,1.0,1,0.5603491435373874,42
2155,2,5459,5459,0,0,0,0,1.0,1.0,1.0,1.0,1.0,1,0.524687857491368,41
2156,0,5459,5459,0,0,0,0,1.0,1.0,1.0,1.0,1.0,1,0.5410942428784692,40
2157,3,5462,5462,0,0,0,0,1.0,1.0,1.0,1.0,1.0,1,0.535652388128193,40
2158,2,5464,5464,0,0,0,0,1.0,1.0,1.0,1.0,1.0,1,0.5953158351676715,38
2159,3,5467,5467,0,0,0,0,1.0,1.0,1.0,1.0,1.0,1,0.5878660089092791,38
2160,2,5469,5469,0,0,0,0,1.0,1.0,1.0,1.0,1.0,1,0.6298914378966807,38
2161,5,5474,5474,0,0,0,0,1.0,1.0,1.0,1.0,1.0,1,0.6463113754115732,38
2162,6,5480,5480,0,0,0,0,1.0,1.0,1.0,1.0,1.0,1,0.6173768538553073,38
2163,5,5485,5485,0,0,0,0,1.0,1.0,1.0,1.0,1.0,1,0.5963236452325813,40
2164,5,5490,5490,0,0,0,0,1.0,1.0,1.0,1.0,1.0,1,0.5960253568867779,41
2165,2,5492,5492,0,0,0,0,1.0,1.0,1.0,1.0,1.0,1,0.6039964214713804,42
2166,6,5498,5498,0,0,0,0,1.0,1.0,1.0,1.0,1.0,1,0.5714134732777445,42
2167,1,5499,5499,0,0,0,0,1.0,1.0,1.0,1.0,1.0,1,0.5730849972154745,43
2168,0,5499,5499,0,0,0,0,1.0,1.0,1.0,1.0,1.0,1,0.5756129039203839,43
2169,0,5499,5499,0,0,0,0,1.0,1.0,1.0,1.0,1.0,1,0.579551269292537,45
2170,1,5500,5500,0,0,0,0,1.0,1.0,1.0,1.0,1.0,1,0.5888923413420185,46
2171,0,5500,5500,0,0,0,0,1.0,1.0,1.0,1.0,1.0,1,0.5707881749108452,48
2172,2,5502,5502,0,0,0,0,1.0,1.0,1.0,1.0,1.0,1,0.5629269375982444,49
2173,3,5505,5505,0,0,0,0,1.0,1.0,1.0,1.0,1.0,1,0.5589604629734383,49
2174,5,5510,5510,0,0,0,0,1.0,1.0,1.0,1.0,1.0,1,0.5574318571387573,49
2175,2,5512,5512,0,0,0,0,1.0,1.0,1.0,1.0,1.0,1,0.5548764907788776,49
2176,2,5514,5514,0,0,0,0,1.0,1.0,1.0,1.0,1.0,1,0.5642845500462514,51
2177,6,5520,5520,0,0,0,0,1.0,1.0,1.0,1.0,1.0,1,0.5330783256773265,51
2178,2,5522,5522,0,0,0,0,1.0,1.0,1.0,1.0,1.0,1,0.5206755757569701,50
2179,5,5527,5527,0,0,0,0,1.0,1.0,1.0,1.0,1.0,1,0.4816643235154471,49
2180,3,5530,5530,0,0,0,0,1.0,1.0,1.0,1.0,1.0,1,0.4797401779659687,47
2181,4,5534,5534,0,0,0,0,1.0,1.0,1.0,1.0,1.0,1,0.4539355791646318,47
2182,8,5542,5542,0,0,0,0,1.0,1.0,1.0,1.0,1.0,1,0.47387147969289983,45
2183,2,5544,5544,0,0,0,0,1.0,1.0,1.0,1.0,1.0,1,0.4764973926143257,44
2184,7,5551,5551,0,0,0,0,1.0,1.0,1.0,1.0,1.0,1,0.4702463576284053,43
2185,1,5552,5552,0,0,0,0,1.0,1.0,1.0,1.0,1.0,1,0.47667223631702615,40
2186,3,5555,5555,0,0,0,0,1.0,1.0,1.0,1.0,1.0,1,0.5340708900401868,38
2187,5,5560,5560,0,0,0,0,1.0,1.0,1.0,1.0,1.0,1,0.5163254710411265,35
2188,1,5561,5561,0,0,0,0,1.0,1.0,1.0,1.0,1.0,1,0.5483248684907224,34
2189,3,5564,5564,0,0,0,0,1.0,1.0,1.0,1.0,1.0,1,0.5066343997906502,31
2190,2,5566,5566,0,0,0,0,1.0,1.0,1.0,1.0,1.0,1,0.5350842234477748,29
2191,5,5571,5571,0,0,0,0,1.0,1.0,1.0,1.0,1.0,1,0.5926812996452195,28
2192,2,5573,5573,0,0,0,0,1.0,1.0,1.0,1.0,1.0,1,0.6133585651520387,29
2193,3,5576,5576,0,0,0,0,1.0,1.0,1.0,1.0,1.0,1,0.6392968151253327,28
2194,1,5577,5577,0,0,0,0,1.0,1.0,1.0,1.0,1.0,1,0.6516084921745868,27
2195,3,5580,5580,0,0,0,0,1.0,1.0,1.0,1.0,1.0,1,0.6521675075378298,27
2196,0,5580,5580,0,0,0,0,1.0,1.0,1.0,1.0,1.0,1,0.6851469134161111,27
2197,2,5582,5582,0,0,0,0,1.0,1.0,1.0,1.0,1.0,1,0.6830816638901999,27
2198,1,5583,5583,0,0,0,0,1.0,1.0,1.0,1.0,1.0,1,0.6327448447755606,28
2199,2,5585,5585,0,0,0,0,1.0,1.0,1.0,1.0,1.0,1,0.6170511460294185,29
2200,0,5585,5585,0,0,0,0,1.0,1.0,1.0,1.0,1.0,1,0.6166068968057135,31
2201,2,5587,5587,0,0,0,0,1.0,1.0,1.0,1.0,1.0,1,0.5957375918366666,32
2202,1,5588,5588,0,0,0,0,1.0,1.0,1.0,1.0,1.0,1,0.6170941103584994,31
2203,2,5590,5590,0,0,0,0,1.0,1.0,1.0,1.0,1.0,1,0.601023162521238,32
2204,4,5594,5594,0,0,0,0,1.0,1.0,1.0,1.0,1.0,1,0.6422864013313714,32
2205,2,5596,5596,0,0,0,0,1.0,1.0,1.0,1.0,1.0,1,0.6553842726233376,33
2206,4,5600,5600,0,0,0,0,1.0,1.0,1.0,1.0,1.0,1,0.6538119348183726,32
2207,2,5602,5602,0,0,0,0,1.0,1.0,1.0,1.0,1.0,1,0.6194992250705993,33
2208,5,5607,5607,0,0,0,0,1.0,1.0,1.0,1.0,1.0,1,0.5659028979200375,35
2209,3,5610,5610,0,0,0,0,1.0,1.0,1.0,1.0,1.0,1,0.5687464460857933,36
2210,5,5615,5615,0,0,0,0,1.0,1.0,1.0,1.0,1.0,1,0.5762586668759011,35
2211,4,5619,5619,0,0,0,0,1.0,1.0,1.0,1.0,1.0,1,0.590688351606217,36
2212,5,5624,5624,0,0,0,0,1.0,1.0,1.0,1.0,1.0,1,0.592502224959082,37
2213,2,5626,5626,0,0,0,0,1.0,1.0,1.0,1.0,1.0,1,0.6122009199613456,37
2214,5,5631,5631,0,0,0,0,1.0,1.0,1.0,1.0,1.0,1,0.5971640639150602,39
2215,2,5633,5633,0,0,0,0,1.0,1.0,1.0,1.0,1.0,1,0.5682021468784313,36
2216,1,5634,5634,0,0,0,0,1.0,1.0,1.0,1.0,1.0,1,0.5367192872987329,37
2217,2,5636,5636,0,0,0,0,1.0,1.0,1.0,1.0,1.0,1,0.5293645365943638,35
2218,1,5637,5637,0,0,0,0,1.0,1.0,1.0,1.0,1.0,1,0.5163126493195014,35
2219,2,5639,5639,0,0,0,0,1.0,1.0,1.0,1.0,1.0,1,0.4758702900893819,33
2220,3,5642,5642,0,0,0,0,1.0,1.0,1.0,1.0,1.0,1,0.48015365696959955,31
2221,4,5646,5646,0,0,0,0,1.0,1.0,1.0,1.0,1.0,1,0.4806149687418415,31
2222,2,5648,5648,0,0,0,0,1.0,1.0,1.0,1.0,1.0,1,0.5252694615557999,30
2223,4,5652,5652,0,0,0,0,1.0,1.0,1.0,1.0,1.0,1,0.5965657494127679,28
2224,0,5652,5652,0,0,0,0,1.0,1.0,1.0,1.0,1.0,1,0.5869526037749299,29
2225,2,5654,5654,0,0,0,0,1.0,1.0,1.0,1.0,1.0,1,0.6524480378548295,28
2226,3,5657,5657,0,0,0,0,1.0,1.0,1.0,1.0,1.0,1,0.569140532115523,30
2227,1,5658,5658,0,0,0,0,1.0,1.0,1.0,1.0,1.0,1,0.5605743912106438,28
2228,1,5659,5659,0,0,0,0,1.0,1.0,1.0,1.0,1.0,1,0.5416555978631987,29
2229,3,5662,5662,0,0,0,0,1.0,1.0,1.0,1.0,1.0,1,0.5370403413607774,28
2230,0,5662,5662,0,0,0,0,1.0,1.0,1.0,1.0,1.0,1,0.5355273818350691,28
2231,4,5666,5666,0,0,0,0,1.0,1.0,1.0,1.0,1.0,1,0.5105733642118868,27
2232,1,5667,5667,0,0,0,0,1.0,1.0,1.0,1.0,1.0,1,0.5275032112170358,27
2233,5,5672,5672,0,0,0,0,1.0,1.0,1.0,1.0,1.0,1,0.5300173979246166,28
2234,4,5676,5676,0,0,0,0,1.0,1.0,1.0,1.0,1.0,1,0.5349236553202257,26
2235,9,5685,5685,0,0,0,0,1.0,1.0,1.0,1.0,1.0,1,0.6002184774788482,26
2236,4,5689,5689,0,0,0,0,1.0,1.0,1.0,1.0,1.0,1,0.5624505689290276,26
2237,6,5695,5695,0,0,0,0,1.0,1.0,1.0,1.0,1.0,1,0.46641732031674216,26
2238,4,5699,5699,0,0,0,0,1.0,1.0,1.0,1.0,1.0,1,0.5132274507609429,27
2239,3,5702,5702,0,0,0,0,1.0,1.0,1.0,1.0,1.0,1,0.49192072299109163,28
2240,1,5703,5703,0,0,0,0,1.0,1.0,1.0,1.0,1.0,1,0.5250996999479165,30
2241,3,5706,5706,0,0,0,0,1.0,1.0,1.0,1.0,1.0,1,0.5467335842766076,29
2242,3,5709,5709,0,0,0,0,1.0,1.0,1.0,1.0,1.0,1,0.5275318187771241,29
2243,3,5712,5712,0,0,0,0,1.0,1.0,1.0,1.0,1.0,1,0.5445694292890273,29
2244,2,5714,5714,0,0,0,0,1.0,1.0,1.0,1.0,1.0,1,0.5560324082173387,29
2245,2,5716,5716,0,0,0,0,1.0,1.0,1.0,1.0,1.0,1,0.5870588369057491,30
2246,0,5716,5716,0,0,0,0,1.0,1.0,1.0,1.0,1.0,1,0.5592182523640555,33
2247,2,5718,5718,0,0,0,0,1.0,1.0,1.0,1.0,1.0,1,0.572572551172797,34
2248,1,5719,5719,0,0,0,0,1.0,1.0,1.0,1.0,1.0,1,0.5868536897458888,34
2249,0,5719,5719,0,0,0,0,1.0,1.0,1.0,1.0,1.0,1,0.5606311339329728,35
2250,0,5719,5719,0,0,0,0,1.0,1.0,1.0,1.0,1.0,1,0.5606311339329728,35
2251,2,5721,5721,0,0,0,0,1.0,1.0,1.0,1.0,1.0,1,0.5614192104277052,36
2252,0,5721,5721,0,0,0,0,1.0,1.0,1.0,1.0,1.0,1,0.5734960050826245,37
2253,3,5724,5724,0,0,0,0,1.0,1.0,1.0,1.0,1.0,1,0.5679290293839215,35
2254,3,5727,5727,0,0,0,0,1.0,1.0,1.0,1.0,1.0,1,0.6046350662876706,33
2255,2,5729,5729,0,0,0,0,1.0,1.0,1.0,1.0,1.0,1,0.6015544879286993,35
2256,1,5730,5730,0,0,0,0,1.0,1.0,1.0,1.0,1.0,1,0.5792555740268052,34
2257,0,5730,5730,0,0,0,0,1.0,1.0,1.0,1.0,1.0,1,0.5457945268956608,36
2258,2,5732,5732,0,0,0,0,1.0,1.0,1.0,1.0,1.0,1,0.5172122568411538,35
2259,3,5735,5735,0,0,0,0,1.0,1.0,1.0,1.0,1.0,1,0.538325957796881,35
2260,1,5736,5736,0,0,0,0,1.0,1.0,1.0,1.0,1.0,1,0.5285606967957152,33
2261,1,5737,5737,0,0,0,0,1.0,1.0,1.0,1.0,1.0,1,0.5393050715044042,33
2262,2,5739,5739,0,0,0,0,1.0,1.0,1.0,1.0,1.0,1,0.591516032160622,32
2263,6,5745,5745,0,0,0,0,1.0,1.0,1.0,1.0,1.0,1,0.5630181074856042,31
2264,2,5747,5747,0,0,0,0,1.0,1.0,1.0,1.0,1.0,1,0.6270352429244346,30
2265,7,5754,5754,0,0,0,0,1.0,1.0,1.0,1.0,1.0,1,0.6145978839875592,29
2266,5,5759,5759,0,0,0,0,1.0,1.0,1.0,1.0,1.0,1,0.5856520682535326,30
2267,6,5765,5765,0,0,0,0,1.0,1.0,1.0,1.0,1.0,1,0.5824935333924786,29
2268,5,5770,5770,0,0,0,0,1.0,1.0,1.0,1.0,1.0,1,0.5283677750260353,30
2269,5,5775,5775,0,0,0,0,1.0,1.0,1.0,1.0,1.0,1,0.5276992039187024,31
2270,1,5776,5776,0,0,0,0,1.0,1.0,1.0,1.0,1.0,1,0.556660604228821,31
2271,5,5781,5781,0,0,0,0,1.0,1.0,1.0,1.0,1.0,1,0.5635886084950267,31
2272,4,5785,5785,0,0,0,0,1.0,1.0,1.0,1.0,1.0,1,0.5391938154979107,31
2273,5,5790,5790,0,0,0,0,1.0,1.0,1.0,1.0,1.0,1,0.5381373859863624,30
2274,1,5791,5791,0,0,0,0,1.0,1.0,1.0,1.0,1.0,1,0.5018381823069179,31
2275,5,5796,5796,0,0,0,0,1.0,1.0,1.0,1.0,1.0,1,0.5654656411723743,32
2276,0,5796,5796,0,0,0,0,1.0,1.0,1.0,1.0,1.0,1,0.578843715230972,31
2277,1,5797,5797,0,0,0,0,1.0,1.0,1.0,1.0,1.0,1,0.5679481047736797,31
2278,2,5799,5799,0,0,0,0,1.0,1.0,1.0,1.0,1.0,1,0.5352500500065506,32
2279,0,5799,5799,0,0,0,0,1.0,1.0,1.0,1.0,1.0,1,0.546723307089013,32
2280,1,5800,5800,0,0,0,0,1.0,1.0,1.0,1.0,1.0,1,0.5246894139058994,33
2281,1,5801,5801,0,0,0,0,1.0,1.0,1.0,1.0,1.0,1,0.5571342162484242,34
2282,4,5805,5805,0,0,0,0,1.0,1.0,1.0,1.0,1.0,1,0.573379453131477,34
2283,2,5807,5807,0,0,0,0,1.0,1.0,1.0,1.0,1.0,1,0.5878328901605853,34
2284,1,5808,5808,0,0,0,0,1.0,1.0,1.0,1.0,1.0,1,0.6063877082088568,34
2285,2,5810,5810,0,0,0,0,1.0,1.0,1.0,1.0,1.0,1,0.6233451376916287,35
2286,2,5812,5812,0,0,0,0,1.0,1.0,1.0,1.0,1.0,1,0.6200062064037548,34
2287,1,5813,5813,0,0,0,0,1.0,1.0,1.0,1.0,1.0,1,0.6157765153064073,35
2288,0,5813,5813,0,0,0,0,1.0,1.0,1.0,1.0,1.0,1,0.6364154553338306,35
2289,0,5813,5813,0,0,0,0,1.0,1.0,1.0,1.0,1.0,1,0.6190814638503256,37
2290,1,5814,5814,0,0,0,0,1.0,1.0,1.0,1.0,1.0,1,0.6186217208646706,37
2291,2,5816,5816,0,0,0,0,1.0,1.0,1.0,1.0,1.0,1,0.5837394473671602,35
2292,0,5816,5816,0,0,0,0,1.0,1.0,1.0,1.0,1.0,1,0.5867962505882094,35
2293,0,5816,5816,0,0,0,0,1.0,1.0,1.0,1.0,1.0,1,0.5748319948641801,34
2294,1,5817,5817,0,0,0,0,1.0,1.0,1.0,1.0,1.0,1,0.579647825429977,33
2295,0,5817,5817,0,0,0,0,1.0,1.0,1.0,1.0,1.0,1,0.5604658650893213,34
2296,2,5819,5819,0,0,0,0,1.0,1.0,1.0,1.0,1.0,1,0.5247090175199698,33
2297,2,5821,5821,0,0,0,0,1.0,1.0,1.0,1.0,1.0,1,0.5484094257023109,32
2298,5,5826,5826,0,0,0,0,1.0,1.0,1.0,1.0,1.0,1,0.47348257354377155,32
2299,4,5830,5830,0,0,0,0,1.0,1.0,1.0,1.0,1.0,1,0.5018455382777932,33
2300,7,5837,5837,0,0,0,0,1.0,1.0,1.0,1.0,1.0,1,0.5579913056978588,33
2301,9,5846,5846,0,0,0,0,1.0,1.0,1.0,1.0,1.0,1,0.6362881277220783,33
2302,2,5848,5848,0,0,0,0,1.0,1.0,1.0,1.0,1.0,1,0.5975713560030413,34
2303,3,5851,5851,0,0,0,0,1.0,1.0,1.0,1.0,1.0,1,0.6201996804383673,34
2304,2,5853,5853,0,0,0,0,1.0,1.0,1.0,1.0,1.0,1,0.5684640739492849,33
2305,3,5856,5856,0,0,0,0,1.0,1.0,1.0,1.0,1.0,1,0.5621238746535537,33
2306,2,5858,5858,0,0,0,0,1.0,1.0,1.0,1.0,1.0,1,0.5485639868302611,33
2307,2,5860,5860,0,0,0,0,1.0,1.0,1.0,1.0,1.0,1,0.5567589990470028,35
2308,1,5861,5861,0,0,0,0,1.0,1.0,1.0,1.0,1.0,1,0.5906731022389519,34
2309,3,5864,5864,0,0,0,0,1.0,1.0,1.0,1.0,1.0,1,0.5739748622249454,34
2310,2,5866,5866,0,0,0,0,1.0,1.0,1.0,1.0,1.0,1,0.5523043630266943,34
2311,0,5866,5866,0,0,0,0,1.0,1.0,1.0,1.0,1.0,1,0.5352580017132822,35
2312,3,5869,5869,0,0,0,0,1.0,1.0,1.0,1.0,1.0,1,0.5602957706522853,34
2313,4,5873,5873,0,0,0,0,1.0,1.0,1.0,1.0,1.0,1,0.5117468259678959,35
2314,0,5873,5873,0,0,0,0,1.0,1.0,1.0,1.0,1.0,1,0.530236186913198,35
2315,4,5877,5877,0,0,0,0,1.0,1.0,1.0,1.0,1.0,1,0.5555380021053612,34
2316,2,5879,5879,0,0,0,0,1.0,1.0,1.0,1.0,1.0,1,0.5597546622848166,35
2317,2,5881,5881,0,0,0,0,1.0,1.0,1.0,1.0,1.0,1,0.5773184636403337,32
2318,2,5883,5883,0,0,0,0,1.0,1.0,1.0,1.0,1.0,1,0.5902717551599256,32
2319,1,5884,5884,0,0,0,0,1.0,1.0,1.0,1.0,1.0,1,0.6092357988813302,32
2320,1,5885,5885,0,0,0,0,1.0,1.0,1.0,1.0,1.0,1,0.6192001800264473,32
2321,0,5885,5885,0,0,0,0,1.0,1.0,1.0,1.0,1.0,1,0.62060030577878,33
2322,1,5886,5886,0,0,0,0,1.0,1.0,1.0,1.0,1.0,1,0.6289354561008232,33
2323,0,5886,5886,0,0,0,0,1.0,1.0,1.0,1.0,1.0,1,0.6289354561008232,33
2324,1,5887,5887,0,0,0,0,1.0,1.0,1.0,1.0,1.0,1,0.6401253678739305,34
2325,0,5887,5887,0,0,0,0,1.0,1.0,1.0,1.0,1.0,1,0.6243243722393834,35
2326,3,5890,5890,0,0,0,0,1.0,1.0,1.0,1.0,1.0,1,0.6213586830377918,35
2327,0,5890,5890,0,0,0,0,1.0,1.0,1.0,1.0,1.0,1,0.6300198065694019,36
2328,1,5891,5891,0,0,0,0,1.0,1.0,1.0,1.0,1.0,1,0.6264464484097879,37
2329,0,5891,5891,0,0,0,0,1.0,1.0,1.0,1.0,1.0,1,0.6136213423542086,37
2330,0,5891,5891,0,0,0,0,1.0,1.0,1.0,1.0,1.0,1,0.5959586729666179,38
2331,0,5891,5891,0,0,0,0,1.0,1.0,1.0,1.0,1.0,1,0.5876954509664921,40
2332,0,5891,5891,0,0,0,0,1.0,1.0,1.0,1.0,1.0,1,0.5876954509664921,40
2333,0,5891,5891,0,0,0,0,1.0,1.0,1.0,1.0,1.0,1,0.5899634578787286,41
2334,0,5891,5891,0,0,0,0,1.0,1.0,1.0,1.0,1.0,1,0.5899634578787286,41
2335,3,5894,5894,0,0,0,0,1.0,1.0,1.0,1.0,1.0,1,0.5730207118866153,41
2336,0,5894,5894,0,0,0,0,1.0,1.0,1.0,1.0,1.0,1,0.5730207118866153,41
2337,2,5896,5896,0,0,0,0,1.0,1.0,1.0,1.0,1.0,1,0.5673107020379514,42
2338,2,5898,5898,0,0,0,0,1.0,1.0,1.0,1.0,1.0,1,0.574806550737097,43
2339,2,5900,5900,0,0,0,0,1.0,1.0,1.0,1.0,1.0,1,0.5854800831761925,43
2340,2,5902,5902,0,0,0,0,1.0,1.0,1.0,1.0,1.0,1,0.5960178777524795,45
2341,4,5906,5906,0,0,0,0,1.0,1.0,1.0,1.0,1.0,1,0.5959223671137108,45
2342,4,5910,5910,0,0,0,0,1.0,1.0,1.0,1.0,1.0,1,0.6241701434311085,46
2343,2,5912,5912,0,0,0,0,1.0,1.0,1.0,1.0,1.0,1,0.6262084229612678,45
2344,2,5914,5914,0,0,0,0,1.0,1.0,1.0,1.0,1.0,1,0.6253404917821191,44
2345,4,5918,5918,0,0,0,0,1.0,1.0,1.0,1.0,1.0,1,0.6299137219383113,44
2346,1,5919,5919,0,0,0,0,1.0,1.0,1.0,1.0,1.0,1,0.6114854625663022,44
2347,2,5921,5921,0,0,0,0,1.0,1.0,1.0,1.0,1.0,1,0.6243322209968196,44
2348,2,5923,5923,0,0,0,0,1.0,1.0,1.0,1.0,1.0,1,0.6335262257573651,45
2349,2,5925,5925,0,0,0,0,1.0,1.0,1.0,1.0,1.0,1,0.643083617724695,46
2350,4,5929,5929,0,0,0,0,0.970781569171161,0.9375788068656622,0.970781569171161,0.9375788068656622,1.0,1,0.6535434089111397,47
2351,2,5931,5931,0,0,0,0,0.9625805517202771,0.9200584514024104,0.9625805517202771,0.9200584514024104,1.0,1,0.6456545947612246,47
2352,5,5936,5936,0,0,0,0,0.9396169675225022,0.8766085858068526,0.9396169675225022,0.8766085858068526,1.0,1,0.6188115420308387,47
2353,5,5941,5941,0,0,0,0,0.91163927317904,0.8306419402598267,0.91163927317904,0.8306419402598267,1.0,1,0.6470656011183192,46
2354,3,5944,5944,0,0,0,0,0.9274902751237181,0.8518279535136848,0.9274902751237181,0.8518279535136848,1.0,1,0.6236854086270234,47
2355,4,5948,5948,0,0,0,0,0.9639021728789834,0.9192096250148675,0.9639021728789834,0.9192096250148675,1.0,1,0.582689337581258,47
2356,3,5951,5951,0,0,0,0,0.946824916244733,0.8863986847046567,0.946824916244733,0.8863986847046567,1.0,1,0.5912222204218763,47
2357,3,5954,5954,0,0,0,0,0.9808870534479691,0.9572234053359311,0.9808870534479691,0.9572234053359311,1.0,1,0.5564006383803021,47
2358,2,5956,5956,0,0,0,0,0.9323221189239241,0.8587592047107981,0.9323221189239241,0.8587592047107981,1.0,1,0.5940825189131321,48
2359,2,5958,5958,0,0,0,0,0.9377432028541146,0.8673659539065921,0.9377432028541146,0.8673659539065921,1.0,1,0.6126472703781027,49
2360,2,5960,5960,0,0,0,0,0.9373158146485465,0.866455431207773,0.9373158146485465,0.866455431207773,1.0,1,0.6095054615723269,49
2361,2,5962,5962,0,0,0,0,0.9763947024038535,0.9437969104853655,0.9763947024038535,0.9437969104853655,1.0,1,0.5974844598559567,50
2362,4,5966,5966,0,0,0,0,0.9351588095547104,0.8562217081430535,0.9351588095547104,0.8562217081430535,1.0,1,0.6276750489233973,51
2363,4,5970,5970,0,0,0,0,0.9622896388352755,0.9084176943142405,0.9622896388352755,0.9084176943142405,1.0,1,0.6254920015030236,51
2364,4,5974,5974,0,0,0,0,0.9659058493790439,0.9155763889385847,0.9659058493790439,0.9155763889385847,1.0,1,0.6168005778421369,52
2365,7,5981,5981,0,0,0,0,1.0,1.0,1.0,1.0,1.0,1,0.5546089766032801,53
2366,2,5983,5983,0,0,0,0,1.0,1.0,1.0,1.0,1.0,1,0.5529886968325183,54
2367,8,5991,5991,0,0,0,0,1.0,1.0,1.0,1.0,1.0,1,0.548049319260611,52
2368,4,5995,5995,0,0,0,0,1.0,1.0,1.0,1.0,1.0,1,0.5902186773744017,51
2369,5,6000,6000,0,0,0,0,1.0,1.0,1.0,1.0,1.0,1,0.5701808023090338,51
2370,2,6002,6002,0,0,0,0,1.0,1.0,1.0,1.0,1.0,1,0.5601205358339223,52
2371,2,6004,6004,0,0,0,0,1.0,1.0,1.0,1.0,1.0,1,0.537965976585857,52
2372,2,6006,6006,0,0,0,0,1.0,1.0,1.0,1.0,1.0,1,0.5413531885481203,49
2373,2,6008,6008,0,0,0,0,1.0,1.0,1.0,1.0,1.0,1,0.5725961305200519,47
2374,4,6012,6012,0,0,0,0,1.0,1.0,1.0,1.0,1.0,1,0.5979305252859054,45
2375,5,6017,6017,0,0,0,0,0.977448356681615,0.9492588025336338,0.977448356681615,0.9492588025336338,1.0,1,0.5980833486618531,45
2376,4,6021,6021,0,0,0,0,0.9470258186480589,0.896459554630297,0.9470258186480589,0.896459554630297,1.0,1,0.6130167989318379,43
2377,4,6025,6025,0,0,0,0,0.9357948103552772,0.8715896207105546,0.9357948103552772,0.8715896207105546,1.0,1,0.6152427054154521,44
2378,5,6030,6030,0,0,0,0,0.9455063173635256,0.8934896203014366,0.9455063173635256,0.8934896203014366,1.0,1,0.6097270880805081,43
2379,4,6034,6034,0,0,0,0,1.0,1.0,1.0,1.0,1.0,1,0.5740760709388312,43
2380,2,6036,6036,0,0,0,0,1.0,1.0,1.0,1.0,1.0,1,0.5519703630240701,43
2381,1,6037,6037,0,0,0,0,1.0,1.0,1.0,1.0,1.0,1,0.5575978618728482,44
2382,5,6042,6042,0,0,0,0,1.0,1.0,1.0,1.0,1.0,1,0.5518889072239965,44
2383,0,6042,6042,0,0,0,0,1.0,1.0,1.0,1.0,1.0,1,0.5406700840677998,45
2384,3,6045,6045,0,0,0,0,1.0,1.0,1.0,1.0,1.0,1,0.5779190217509826,45
2385,1,6046,6046,0,0,0,0,1.0,1.0,1.0,1.0,1.0,1,0.5370080346777699,45
2386,4,6050,6050,0,0,0,0,1.0,1.0,1.0,1.0,1.0,1,0.5476866539879974,46
2387,4,6054,6054,0,0,0,0,1.0,1.0,1.0,1.0,1.0,1,0.5748078963994119,44
2388,3,6057,6057,0,0,0,0,1.0,1.0,1.0,1.0,1.0,1,0.6099309219898061,44
2389,6,6063,6063,0,0,0,0,1.0,1.0,1.0,1.0,1.0,1,0.6093533167466578,43
2390,6,6069,6069,0,0,0,0,1.0,1.0,1.0,1.0,1.0,1,0.591649095409275,44
2391,2,6071,6071,0,0,0,0,1.0,1.0,1.0,1.0,1.0,1,0.6230573118465073,43
2392,6,6077,6077,0,0,0,0,1.0,1.0,1.0,1.0,1.0,1,0.6230419923614444,44
2393,4,6081,6081,0,0,0,0,1.0,1.0,1.0,1.0,1.0,1,0.6079232606850535,45
2394,5,6086,6086,0,0,0,0,1.0,1.0,1.0,1.0,1.0,1,0.5762056328116153,44
2395,2,6088,6088,0,0,0,0,1.0,1.0,1.0,1.0,1.0,1,0.5879981077332161,44
2396,4,6092,6092,0,0,0,0,1.0,1.0,1.0,1.0,1.0,1,0.574599834728054,45
2397,1,6093,6093,0,0,0,0,1.0,1.0,1.0,1.0,1.0,1,0.6036948910122574,44
2398,2,6095,6095,0,0,0,0,1.0,1.0,1.0,1.0,1.0,1,0.6033996319398882,44
2399,3,6098,6098,0,0,0,0,1.0,1.0,1.0,1.0,1.0,1,0.5956317986126507,45
2400,2,6100,6100,0,0,0,0,1.0,1.0,1.0,1.0,1.0,1,0.5874758521864176,45
2401,7,6107,6107,0,0,0,0,1.0,1.0,1.0,1.0,1.0,1,0.5418808386428042,46
2402,2,6109,6109,0,0,0,0,1.0,1.0,1.0,1.0,1.0,1,0.545299621189873,47
2403,3,6112,6112,0,0,0,0,1.0,1.0,1.0,1.0,1.0,1,0.5325437375046821,48
2404,2,6114,6114,0,0,0,0,1.0,1.0,1.0,1.0,1.0,1,0.5288112348801587,47
2405,5,6119,6119,0,0,0,0,1.0,1.0,1.0,1.0,1.0,1,0.5198609995449097,45
2406,2,6121,6121,0,0,0,0,1.0,1.0,1.0,1.0,1.0,1,0.5410607585893531,45
2407,3,6124,6124,0,0,0,0,1.0,1.0,1.0,1.0,1.0,1,0.5466971456777853,42
2408,3,6127,6127,0,0,0,0,1.0,1.0,1.0,1.0,1.0,1,0.5354007833892246,41
2409,3,6130,6130,0,0,0,0,1.0,1.0,1.0,1.0,1.0,1,0.5218750367345981,41
2410,2,6132,6132,0,0,0,0,1.0,1.0,1.0,1.0,1.0,1,0.48845136541062045,40
2411,2,6134,6134,0,0,0,0,1.0,1.0,1.0,1.0,1.0,1,0.4809281647741406,40
2412,0,6134,6134,0,0,0,0,1.0,1.0,1.0,1.0,1.0,1,0.46023580422966337,38
2413,1,6135,6135,0,0,0,0,1.0,1.0,1.0,1.0,1.0,1,0.44088620390716593,38
2414,2,6137,6137,0,0,0,0,1.0,1.0,1.0,1.0,1.0,1,0.46311415031038544,36
2415,1,6138,6138,0,0,0,0,1.0,1.0,1.0,1.0,1.0,1,0.43533608800488344,36
2416,4,6142,6142,0,0,0,0,1.0,1.0,1.0,1.0,1.0,1,0.4893561452421365,35
2417,0,6142,6142,0,0,0,0,1.0,1.0,1.0,1.0,1.0,1,0.49725436184447425,33
2418,5,6147,6147,0,0,0,0,1.0,1.0,1.0,1.0,1.0,1,0.5675913894152116,33
2419,4,6151,6151,0,0,0,0,1.0,1.0,1.0,1.0,1.0,1,0.5436753611830035,33
2420,1,6152,6152,0,0,0,0,1.0,1.0,1.0,1.0,1.0,1,0.5360613121051155,34
2421,8,6160,6160,0,0,0,0,1.0,1.0,1.0,1.0,1.0,1,0.5573276089154161,34
2422,4,6164,6164,0,0,0,0,1.0,1.0,1.0,1.0,1.0,1,0.5472151166768624,35
2423,4,6168,6168,0,0,0,0,1.0,1.0,1.0,1.0,1.0,1,0.5410701609784506,36
2424,3,6171,6171,0,0,0,0,1.0,1.0,1.0,1.0,1.0,1,0.5558212883310444,35
2425,2,6173,6173,0,0,0,0,1.0,1.0,1.0,1.0,1.0,1,0.5741568592982651,33
2426,4,6177,6177,0,0,0,0,1.0,1.0,1.0,1.0,1.0,1,0.5426394282316798,34
2427,3,6180,6180,0,0,0,0,1.0,1.0,1.0,1.0,1.0,1,0.5858271842464908,34
2428,2,6182,6182,0,0,0,0,1.0,1.0,1.0,1.0,1.0,1,0.5802594306177717,34
2429,1,6183,6183,0,0,0,0,1.0,1.0,1.0,1.0,1.0,1,0.6032270010449339,34
2430,3,6186,6186,0,0,0,0,1.0,1.0,1.0,1.0,1.0,1,0.6023993515589247,33
2431,1,6187,6187,0,0,0,0,1.0,1.0,1.0,1.0,1.0,1,0.6188155743868136,33
2432,2,6189,6189,0,0,0,0,1.0,1.0,1.0,1.0,1.0,1,0.6723399507281955,33
2433,4,6193,6193,0,0,0,0,1.0,1.0,1.0,1.0,1.0,1,0.6149327859739878,34
2434,3,6196,6196,0,0,0,0,1.0,1.0,1.0,1.0,1.0,1,0.6173573398512456,34
2435,6,6202,6202,0,0,0,0,1.0,1.0,1.0,1.0,1.0,1,0.5475386314747562,34
2436,0,6202,6202,0,0,0,0,1.0,1.0,1.0,1.0,1.0,1,0.5588693510141906,33
2437,3,6205,6205,0,0,0,0,1.0,1.0,1.0,1.0,1.0,1,0.5597923214925059,33
2438,0,6205,6205,0,0,0,0,1.0,1.0,1.0,1.0,1.0,1,0.5477756470651334,34
2439,3,6208,6208,0,0,0,0,1.0,1.0,1.0,1.0,1.0,1,0.5586887460767765,35
2440,2,6210,6210,0,0,0,0,1.0,1.0,1.0,1.0,1.0,1,0.559346229869023,35
2441,0,6210,6210,0,0,0,0,1.0,1.0,1.0,1.0,1.0,1,0.559346229869023,35
2442,1,6211,6211,0,0,0,0,1.0,1.0,1.0,1.0,1.0,1,0.5644475171495186,35
2443,3,6214,6214,0,0,0,0,1.0,1.0,1.0,1.0,1.0,1,0.5701590406010214,35
2444,2,6216,6216,0,0,0,0,1.0,1.0,1.0,1.0,1.0,1,0.5854136800023715,34
2445,3,6219,6219,0,0,0,0,1.0,1.0,1.0,1.0,1.0,1,0.6255242915742789,33
2446,0,6219,6219,0,0,0,0,1.0,1.0,1.0,1.0,1.0,1,0.6444494738022183,30
2447,1,6220,6220,0,0,0,0,1.0,1.0,1.0,1.0,1.0,1,0.6184831620077588,29
2448,5,6225,6225,0,0,0,0,1.0,1.0,1.0,1.0,1.0,1,0.653871689583236,27
2449,4,6229,6229,0,0,0,0,1.0,1.0,1.0,1.0,1.0,1,0.7019493700712638,26
2450,4,6233,6233,0,0,0,0,1.0,1.0,1.0,1.0,1.0,1,0.5742636462898751,28
2451,5,6238,6238,0,0,0,0,1.0,1.0,1.0,1.0,1.0,1,0.5262646708978711,28
2452,5,6243,6243,0,0,0,0,1.0,1.0,1.0,1.0,1.0,1,0.5712387079005317,29
2453,6,6249,6249,0,0,0,0,1.0,1.0,1.0,1.0,1.0,1,0.6009989704491785,30
2454,2,6251,6251,0,0,0,0,1.0,1.0,1.0,1.0,1.0,1,0.5860347268689933,32
2455,3,6254,6254,0,0,0,0,1.0,1.0,1.0,1.0,1.0,1,0.5283443706459605,33
2456,3,6257,6257,0,0,0,0,1.0,1.0,1.0,1.0,1.0,1,0.5610404475892508,34
2457,1,6258,6258,0,0,0,0,1.0,1.0,1.0,1.0,1.0,1,0.5821351255311337,34
2458,2,6260,6260,0,0,0,0,1.0,1.0,1.0,1.0,1.0,1,0.5601557083115755,36
2459,1,6261,6261,0,0,0,0,1.0,1.0,1.0,1.0,1.0,1,0.555494517708228,36
2460,4,6265,6265,0,0,0,0,1.0,1.0,1.0,1.0,1.0,1,0.5126087444535452,37
2461,1,6266,6266,0,0,0,0,1.0,1.0,1.0,1.0,1.0,1,0.5303621886279027,37
2462,5,6271,6271,0,0,0,0,1.0,1.0,1.0,1.0,1.0,1,0.5643026104204011,38
2463,3,6274,6274,0,0,0,0,1.0,1.0,1.0,1.0,1.0,1,0.5709721713928405,38
2464,3,6277,6277,0,0,0,0,1.0,1.0,1.0,1.0,1.0,1,0.591271816482809,37
2465,3,6280,6280,0,0,0,0,1.0,1.0,1.0,1.0,1.0,1,0.5991525672363389,36
2466,2,6282,6282,0,0,0,0,1.0,1.0,1.0,1.0,1.0,1,0.6167410242425851,36
2467,3,6285,6285,0,0,0,0,1.0,1.0,1.0,1.0,1.0,1,0.657892165964948,34
2468,3,6288,6288,0,0,0,0,1.0,1.0,1.0,1.0,1.0,1,0.7022958112263689,33
2469,0,6288,6288,0,0,0,0,1.0,1.0,1.0,1.0,1.0,1,0.7032783529608645,32
2470,2,6290,6290,0,0,0,0,1.0,1.0,1.0,1.0,1.0,1,0.6913321931826331,33
2471,0,6290,6290,0,0,0,0,1.0,1.0,1.0,1.0,1.0,1,0.7303243385207329,31
2472,2,6292,6292,0,0,0,0,1.0,1.0,1.0,1.0,1.0,1,0.7270060991797559,32
2473,2,6294,6294,0,0,0,0,1.0,1.0,1.0,1.0,1.0,1,0.7367715572874975,31
2474,4,6298,6298,0,0,0,0,1.0,1.0,1.0,1.0,1.0,1,0.7044435581326023,33
2475,2,6300,6300,0,0,0,0,1.0,1.0,1.0,1.0,1.0,1,0.6766805480431993,33
2476,4,6304,6304,0,0,0,0,1.0,1.0,1.0,1.0,1.0,1,0.6437148059734207,33
2477,6,6310,6310,0,0,0,0,1.0,1.0,1.0,1.0,1.0,1,0.6457926133342863,33
2478,7,6317,6317,0,0,0,0,1.0,1.0,1.0,1.0,1.0,1,0.6328527729403753,33
2479,3,6320,6320,0,0,0,0,1.0,1.0,1.0,1.0,1.0,1,0.5895269320788753,33
2480,2,6322,6322,0,0,0,0,1.0,1.0,1.0,1.0,1.0,1,0.6311766412357225,34
2481,4,6326,6326,0,0,0,0,1.0,1.0,1.0,1.0,1.0,1,0.5693089135392805,33
2482,5,6331,6331,0,0,0,0,1.0,1.0,1.0,1.0,1.0,1,0.5982317875420133,34
2483,2,6333,6333,0,0,0,0,1.0,1.0,1.0,1.0,1.0,1,0.5822286756069939,33
2484,3,6336,6336,0,0,0,0,1.0,1.0,1.0,1.0,1.0,1,0.5698730659109633,32
2485,1,6337,6337,0,0,0,0,1.0,1.0,1.0,1.0,1.0,1,0.5674903720914795,31
2486,0,6337,6337,0,0,0,0,1.0,1.0,1.0,1.0,1.0,1,0.5622923213305506,29
2487,3,6340,6340,0,0,0,0,1.0,1.0,1.0,1.0,1.0,1,0.5272269423203867,29
2488,1,6341,6341,0,0,0,0,1.0,1.0,1.0,1.0,1.0,1,0.4942546819045569,30
2489,1,6342,6342,0,0,0,0,1.0,1.0,1.0,1.0,1.0,1,0.47644847634123266,29
2490,2,6344,6344,0,0,0,0,1.0,1.0,1.0,1.0,1.0,1,0.41656732359217524,30
2491,1,6345,6345,0,0,0,0,1.0,1.0,1.0,1.0,1.0,1,0.42772647416399706,30
2492,1,6346,6346,0,0,0,0,1.0,1.0,1.0,1.0,1.0,1,0.4365879681066378,29
2493,3,6349,6349,0,0,0,0,1.0,1.0,1.0,1.0,1.0,1,0.46908253091975965,29
2494,0,6349,6349,0,0,0,0,1.0,1.0,1.0,1.0,1.0,1,0.4538978495348956,28
2495,3,6352,6352,0,0,0,0,1.0,1.0,1.0,1.0,1.0,1,0.5046612976757667,29
2496,0,6352,6352,0,0,0,0,1.0,1.0,1.0,1.0,1.0,1,0.4927057221613361,28
2497,2,6354,6354,0,0,0,0,1.0,1.0,1.0,1.0,1.0,1,0.5419259882941153,28
2498,1,6355,6355,0,0,0,0,1.0,1.0,1.0,1.0,1.0,1,0.5449782019606096,29
2499,3,6358,6358,0,0,0,0,1.0,1.0,1.0,1.0,1.0,1,0.5203047854135796,30
2500,3,6361,6361,0,0,0,0,1.0,1.0,1.0,1.0,1.0,1,0.5754254377134383,29
2501,7,6368,6368,0,0,0,0,1.0,1.0,1.0,1.0,1.0,1,0.5613694315927129,33
2502,4,6372,6372,0,0,0,0,1.0,1.0,1.0,1.0,1.0,1,0.6070220067159718,33
2503,8,6380,6380,0,0,0,0,1.0,1.0,1.0,1.0,1.0,1,0.5623314426431547,31
2504,9,6389,6389,0,0,0,0,1.0,1.0,1.0,1.0,1.0,1,0.5135613839616694,31
2505,4,6393,6393,0,0,0,0,1.0,1.0,1.0,1.0,1.0,1,0.5957100071552776,32
2506,5,6398,6398,0,0,0,0,1.0,1.0,1.0,1.0,1.0,1,0.5643476251093643,31
2507,2,6400,6400,0,0,0,0,1.0,1.0,1.0,1.0,1.0,1,0.5735822147193921,29
2508,5,6405,6405,0,0,0,0,1.0,1.0,1.0,1.0,1.0,1,0.5187585833638703,31
2509,1,6406,6406,0,0,0,0,1.0,1.0,1.0,1.0,1.0,1,0.5168527279721651,30
2510,3,6409,6409,0,0,0,0,1.0,1.0,1.0,1.0,1.0,1,0.49758614709281906,31
2511,2,6411,6411,0,0,0,0,1.0,1.0,1.0,1.0,1.0,1,0.5207304395392208,32
2512,2,6413,6413,0,0,0,0,1.0,1.0,1.0,1.0,1.0,1,0.5729352554695303,32
2513,4,6417,6417,0,0,0,0,1.0,1.0,1.0,1.0,1.0,1,0.604277755298079,34
2514,3,6420,6420,0,0,0,0,1.0,1.0,1.0,1.0,1.0,1,0.5741613397132617,35
2515,3,6423,6423,0,0,0,0,1.0,1.0,1.0,1.0,1.0,1,0.5223911218382078,35
2516,3,6426,6426,0,0,0,0,1.0,1.0,1.0,1.0,1.0,1,0.4967143579138903,34
2517,0,6426,6426,0,0,0,0,1.0,1.0,1.0,1.0,1.0,1,0.4967143579138903,34
2518,2,6428,6428,0,0,0,0,1.0,1.0,1.0,1.0,1.0,1,0.506178692879051,33
2519,0,6428,6428,0,0,0,0,1.0,1.0,1.0,1.0,1.0,1,0.475830174779134,32
2520,2,6430,6430,0,0,0,0,1.0,1.0,1.0,1.0,1.0,1,0.48481817137685057,31
2521,0,6430,6430,0,0,0,0,1.0,1.0,1.0,1.0,1.0,1,0.4658813846909096,31
2522,1,6431,6431,0,0,0,0,1.0,1.0,1.0,1.0,1.0,1,0.4490389053899186,30
2523,1,6432,6432,0,0,0,0,1.0,1.0,1.0,1.0,1.0,1,0.48072332967963105,30
2524,0,6432,6432,0,0,0,0,1.0,1.0,1.0,1.0,1.0,1,0.44914139957621557,29
2525,3,6435,6435,0,0,0,0,1.0,1.0,1.0,1.0,1.0,1,0.4897482995454546,29
2526,0,6435,6435,0,0,0,0,1.0,1.0,1.0,1.0,1.0,1,0.49864496293625826,27
2527,0,6435,6435,0,0,0,0,1.0,1.0,1.0,1.0,1.0,1,0.50001197265469,28
2528,0,6435,6435,0,0,0,0,1.0,1.0,1.0,1.0,1.0,1,0.50001197265469,28
2529,1,6436,6436,0,0,0,0,1.0,1.0,1.0,1.0,1.0,1,0.5471381122877776,28
2530,2,6438,6438,0,0,0,0,1.0,1.0,1.0,1.0,1.0,1,0.6088986040700423,29
2531,2,6440,6440,0,0,0,0,1.0,1.0,1.0,1.0,1.0,1,0.540102481349283,30
2532,1,6441,6441,0,0,0,0,1.0,1.0,1.0,1.0,1.0,1,0.584187613866813,31
2533,2,6443,6443,0,0,0,0,1.0,1.0,1.0,1.0,1.0,1,0.601192008609041,31
2534,1,6444,6444,0,0,0,0,1.0,1.0,1.0,1.0,1.0,1,0.5767554448332429,31
2535,3,6447,6447,0,0,0,0,1.0,1.0,1.0,1.0,1.0,1,0.6111995615283226,31
2536,1,6448,6448,0,0,0,0,1.0,1.0,1.0,1.0,1.0,1,0.5779375342102728,32
2537,4,6452,6452,0,0,0,0,1.0,1.0,1.0,1.0,1.0,1,0.5815122307936696,33
2538,5,6457,6457,0,0,0,0,1.0,1.0,1.0,1.0,1.0,1,0.5333711872255281,35
2539,3,6460,6460,0,0,0,0,1.0,1.0,1.0,1.0,1.0,1,0.5702166179801764,37
2540,2,6462,6462,0,0,0,0,1.0,1.0,1.0,1.0,1.0,1,0.5329288304784059,38
2541,6,6468,6468,0,0,0,0,1.0,1.0,1.0,1.0,1.0,1,0.5408798172966762,39
2542,2,6470,6470,0,0,0,0,1.0,1.0,1.0,1.0,1.0,1,0.4935342542259825,38
2543,4,6474,6474,0,0,0,0,1.0,1.0,1.0,1.0,1.0,1,0.5359724151789553,41
2544,4,6478,6478,0,0,0,0,1.0,1.0,1.0,1.0,1.0,1,0.5376107908845482,39
2545,5,6483,6483,0,0,0,0,1.0,1.0,1.0,1.0,1.0,1,0.562118449947491,40
2546,2,6485,6485,0,0,0,0,1.0,1.0,1.0,1.0,1.0,1,0.5625661390519304,38
2547,2,6487,6487,0,0,0,0,1.0,1.0,1.0,1.0,1.0,1,0.609340964326109,38
2548,1,6488,6488,0,0,0,0,1.0,1.0,1.0,1.0,1.0,1,0.599303626039308,35
2549,2,6490,6490,0,0,0,0,1.0,1.0,1.0,1.0,1.0,1,0.6030614879794431,35
2550,1,6491,6491,0,0,0,0,1.0,1.0,1.0,1.0,1.0,1,0.598877493186733,33
2551,1,6492,6492,0,0,0,0,1.0,1.0,1.0,1.0,1.0,1,0.6279078000788951,31
2552,1,6493,6493,0,0,0,0,1.0,1.0,1.0,1.0,1.0,1,0.6160838491409705,30
2553,4,6497,6497,0,0,0,0,1.0,1.0,1.0,1.0,1.0,1,0.6326539242048487,30
2554,2,6499,6499,0,0,0,0,1.0,1.0,1.0,1.0,1.0,1,0.6339538782310689,32
2555,3,6502,6502,0,0,0,0,1.0,1.0,1.0,1.0,1.0,1,0.6483073709473752,32
2556,0,6502,6502,0,0,0,0,1.0,1.0,1.0,1.0,1.0,1,0.6436827119651284,32
2557,1,6503,6503,0,0,0,0,1.0,1.0,1.0,1.0,1.0,1,0.6124894046881595,30
2558,0,6503,6503,0,0,0,0,1.0,1.0,1.0,1.0,1.0,1,0.5953300755795583,31
2559,0,6503,6503,0,0,0,0,1.0,1.0,1.0,1.0,1.0,1,0.5745710654102199,30
2560,0,6503,6503,0,0,0,0,1.0,1.0,1.0,1.0,1.0,1,0.5745710654102199,30
2561,2,6505,6505,0,0,0,0,1.0,1.0,1.0,1.0,1.0,1,0.5966335673507407,30
2562,0,6505,6505,0,0,0,0,1.0,1.0,1.0,1.0,1.0,1,0.589771898998491,33
2563,2,6507,6507,0,0,0,0,1.0,1.0,1.0,1.0,1.0,1,0.61409106132027,33
2564,3,6510,6510,0,0,0,0,1.0,1.0,1.0,1.0,1.0,1,0.6553810335832868,33
2565,1,6511,6511,0,0,0,0,1.0,1.0,1.0,1.0,1.0,1,0.6406603676584809,33
2566,2,6513,6513,0,0,0,0,1.0,1.0,1.0,1.0,1.0,1,0.6224608358682114,35
2567,0,6513,6513,0,0,0,0,1.0,1.0,1.0,1.0,1.0,1,0.6297644742097958,36
2568,1,6514,6514,0,0,0,0,1.0,1.0,1.0,1.0,1.0,1,0.6120501899947588,37
2569,2,6516,6516,0,0,0,0,1.0,1.0,1.0,1.0,1.0,1,0.6035946284338408,37
2570,0,6516,6516,0,0,0,0,1.0,1.0,1.0,1.0,1.0,1,0.6087066114083923,37
2571,0,6516,6516,0,0,0,0,1.0,1.0,1.0,1.0,1.0,1,0.6087066114083923,37
2572,0,6516,6516,0,0,0,0,1.0,1.0,1.0,1.0,1.0,1,0.5931057059195157,39
2573,1,6517,6517,0,0,0,0,1.0,1.0,1.0,1.0,1.0,1,0.5947939245903934,39
2574,0,6517,6517,0,0,0,0,1.0,1.0,1.0,1.0,1.0,1,0.5928983380952838,38
2575,0,6517,6517,0,0,0,0,1.0,1.0,1.0,1.0,1.0,1,0.5928983380952838,38
2576,1,6518,6518,0,0,0,0,1.0,1.0,1.0,1.0,1.0,1,0.6301892731981529,37
2577,0,6518,6518,0,0,0,0,1.0,1.0,1.0,1.0,1.0,1,0.6255722292981603,39
2578,3,6521,6521,0,0,0,0,1.0,1.0,1.0,1.0,1.0,1,0.6124033647615705,40
2579,1,6522,6522,0,0,0,0,1.0,1.0,1.0,1.0,1.0,1,0.6294843114500478,41
2580,3,6525,6525,0,0,0,0,1.0,1.0,1.0,1.0,1.0,1,0.6314403308197113,42
2581,1,6526,6526,0,0,0,0,1.0,1.0,1.0,1.0,1.0,1,0.61509730787296,43
2582,5,6531,6531,0,0,0,0,1.0,1.0,1.0,1.0,1.0,1,0.5910055324964968,43
2583,5,6536,6536,0,0,0,0,1.0,1.0,1.0,1.0,1.0,1,0.5921483317076545,43
2584,3,6539,6539,0,0,0,0,1.0,1.0,1.0,1.0,1.0,1,0.6401426870608596,43
2585,11,6550,6550,0,0,0,0,1.0,1.0,1.0,1.0,1.0,1,0.5919619904271508,44
2586,6,6556,6556,0,0,0,0,1.0,1.0,1.0,1.0,1.0,1,0.565139958631138,43
2587,4,6560,6560,0,0,0,0,1.0,1.0,1.0,1.0,1.0,1,0.5430959547594665,44
2588,4,6564,6564,0,0,0,0,1.0,1.0,1.0,1.0,1.0,1,0.5336138008696772,44
2589,2,6566,6566,0,0,0,0,1.0,1.0,1.0,1.0,1.0,1,0.5119846409522063,44
2590,3,6569,6569,0,0,0,0,1.0,1.0,1.0,1.0,1.0,1,0.5509119690031974,44
2591,1,6570,6570,0,0,0,0,1.0,1.0,1.0,1.0,1.0,1,0.5321715907421175,44
2592,3,6573,6573,0,0,0,0,1.0,1.0,1.0,1.0,1.0,1,0.5925553796467542,44
2593,0,6573,6573,0,0,0,0,1.0,1.0,1.0,1.0,1.0,1,0.5969773115069151,43
2594,2,6575,6575,0,0,0,0,1.0,1.0,1.0,1.0,1.0,1,0.6069560479662682,48
2595,3,6578,6578,0,0,0,0,1.0,1.0,1.0,1.0,1.0,1,0.5610548819710819,45
2596,4,6582,6582,0,0,0,0,1.0,1.0,1.0,1.0,1.0,1,0.532049731698547,46
2597,3,6585,6585,0,0,0,0,1.0,1.0,1.0,1.0,1.0,1,0.5214198094069604,45
2598,0,6585,6585,0,0,0,0,1.0,1.0,1.0,1.0,1.0,1,0.5214198094069604,45
2599,4,6589,6589,0,0,0,0,1.0,1.0,1.0,1.0,1.0,1,0.5258737544580846,45
2600,1,6590,6590,0,0,0,0,1.0,1.0,1.0,1.0,1.0,1,0.4928260773855168,48
2601,5,6595,6595,0,0,0,0,1.0,1.0,1.0,1.0,1.0,1,0.4152054539250161,47
2602,2,6597,6597,0,0,0,0,1.0,1.0,1.0,1.0,1.0,1,0.4351852579655859,48
2603,2,6599,6599,0,0,0,0,1.0,1.0,1.0,1.0,1.0,1,0.4171099324392548,48
2604,1,6600,6600,0,0,0,0,1.0,1.0,1.0,1.0,1.0,1,0.41917787179133975,47
2605,2,6602,6602,0,0,0,0,1.0,1.0,1.0,1.0,1.0,1,0.4251721772021107,47
2606,1,6603,6603,0,0,0,0,1.0,1.0,1.0,1.0,1.0,1,0.4512723439896084,46
2607,7,6610,6610,0,0,0,0,1.0,1.0,1.0,1.0,1.0,1,0.5156866280003466,45
2608,2,6612,6612,0,0,0,0,1.0,1.0,1.0,1.0,1.0,1,0.5318151707754897,45
2609,6,6618,6618,0,0,0,0,1.0,1.0,1.0,1.0,1.0,1,0.5476063691143601,44
2610,8,6626,6626,0,0,0,0,1.0,1.0,1.0,1.0,1.0,1,0.5310138550804,45
2611,8,6634,6634,0,0,0,0,1.0,1.0,1.0,1.0,1.0,1,0.5135460982168016,46
2612,4,6638,6638,0,0,0,0,1.0,1.0,1.0,1.0,1.0,1,0.5178171436442822,47
2613,7,6645,6645,0,0,0,0,1.0,1.0,1.0,1.0,1.0,1,0.5205210448686752,48
2614,4,6649,6649,0,0,0,0,1.0,1.0,1.0,1.0,1.0,1,0.5283197659590055,48
2615,4,6653,6653,0,0,0,0,1.0,1.0,1.0,1.0,1.0,1,0.5027301734271887,49
2616,2,6655,6655,0,0,0,0,1.0,1.0,1.0,1.0,1.0,1,0.49418841277024583,49
2617,3,6658,6658,0,0,0,0,1.0,1.0,1.0,1.0,1.0,1,0.5386646833780769,48
2618,0,6658,6658,0,0,0,0,1.0,1.0,1.0,1.0,1.0,1,0.5446221320767461,47
2619,3,6661,6661,0,0,0,0,1.0,1.0,1.0,1.0,1.0,1,0.48922130124134205,50
2620,1,6662,6662,0,0,0,0,1.0,1.0,1.0,1.0,1.0,1,0.4983201221460822,51
2621,3,6665,6665,0,0,0,0,1.0,1.0,1.0,1.0,1.0,1,0.4971105239121523,52
2622,3,6668,6668,0,0,0,0,1.0,1.0,1.0,1.0,1.0,1,0.5077955900389145,52
2623,2,6670,6670,0,0,0,0,1.0,1.0,1.0,1.0,1.0,1,0.5134046266959604,53
2624,6,6676,6676,0,0,0,0,1.0,1.0,1.0,1.0,1.0,1,0.5458638585745627,51
2625,3,6679,6679,0,0,0,0,1.0,1.0,1.0,1.0,1.0,1,0.5627936006424696,50
2626,1,6680,6680,0,0,0,0,1.0,1.0,1.0,1.0,1.0,1,0.5769246897899258,49
2627,2,6682,6682,0,0,0,0,1.0,1.0,1.0,1.0,1.0,1,0.5996336263015741,48
2628,5,6687,6687,0,0,0,0,1.0,1.0,1.0,1.0,1.0,1,0.5745703566777842,48
2629,1,6688,6688,0,0,0,0,1.0,1.0,1.0,1.0,1.0,1,0.574324098654435,47
2630,2,6690,6690,0,0,0,0,1.0,1.0,1.0,1.0,1.0,1,0.5577934076661387,47
2631,4,6694,6694,0,0,0,0,1.0,1.0,1.0,1.0,1.0,1,0.5736784347458401,47
2632,2,6696,6696,0,0,0,0,1.0,1.0,1.0,1.0,1.0,1,0.5748095912626922,47
2633,3,6699,6699,0,0,0,0,1.0,1.0,1.0,1.0,1.0,1,0.5843384842778026,44
2634,3,6702,6702,0,0,0,0,1.0,1.0,1.0,1.0,1.0,1,0.6066061930778094,44
2635,1,6703,6703,0,0,0,0,1.0,1.0,1.0,1.0,1.0,1,0.609604976855247,45
2636,1,6704,6704,0,0,0,0,1.0,1.0,1.0,1.0,1.0,1,0.6244355016135273,40
2637,6,6710,6710,0,0,0,0,1.0,1.0,1.0,1.0,1.0,1,0.6039376825899716,41
2638,4,6714,6714,0,0,0,0,1.0,1.0,1.0,1.0,1.0,1,0.5726592567725683,38
2639,6,6720,6720,0,0,0,0,1.0,1.0,1.0,1.0,1.0,1,0.5622237724662743,39
2640,5,6725,6725,0,0,0,0,1.0,1.0,1.0,1.0,1.0,1,0.5634791803869365,38
2641,6,6731,6731,0,0,0,0,1.0,1.0,1.0,1.0,1.0,1,0.6032785108199847,37
2642,5,6736,6736,0,0,0,0,1.0,1.0,1.0,1.0,1.0,1,0.5314415903664984,38
2643,4,6740,6740,0,0,0,0,1.0,1.0,1.0,1.0,1.0,1,0.5290149732566489,37
2644,4,6744,6744,0,0,0,0,1.0,1.0,1.0,1.0,1.0,1,0.5416617809080112,36
2645,1,6745,6745,0,0,0,0,1.0,1.0,1.0,1.0,1.0,1,0.5507203398231699,35
2646,1,6746,6746,0,0,0,0,1.0,1.0,1.0,1.0,1.0,1,0.5422050918374568,35
2647,2,6748,6748,0,0,0,0,1.0,1.0,1.0,1.0,1.0,1,0.4946763961718937,35
2648,1,6749,6749,0,0,0,0,1.0,1.0,1.0,1.0,1.0,1,0.49878888226928303,36
2649,2,6751,6751,0,0,0,0,1.0,1.0,1.0,1.0,1.0,1,0.4799137266045886,37
2650,2,6753,6753,0,0,0,0,1.0,1.0,1.0,1.0,1.0,1,0.5107768905460295,39
2651,1,6754,6754,0,0,0,0,1.0,1.0,1.0,1.0,1.0,1,0.5174157972608426,39
2652,0,6754,6754,0,0,0,0,1.0,1.0,1.0,1.0,1.0,1,0.5174157972608426,39
2653,2,6756,6756,0,0,0,0,1.0,1.0,1.0,1.0,1.0,1,0.5077687138430484,39
2654,3,6759,6759,0,0,0,0,1.0,1.0,1.0,1.0,1.0,1,0.49387347706963586,40
2655,1,6760,6760,0,0,0,0,1.0,1.0,1.0,1.0,1.0,1,0.4883961916263408,40
2656,3,6763,6763,0,0,0,0,1.0,1.0,1.0,1.0,1.0,1,0.49560140003743375,39
2657,4,6767,6767,0,0,0,0,1.0,1.0,1.0,1.0,1.0,1,0.5081833388266959,40
2658,1,6768,6768,0,0,0,0,1.0,1.0,1.0,1.0,1.0,1,0.5221147700422011,41
2659,7,6775,6775,0,0,0,0,1.0,1.0,1.0,1.0,1.0,1,0.5378544379798588,41
2660,3,6778,6778,0,0,0,0,1.0,1.0,1.0,1.0,1.0,1,0.5277273145735961,40
2661,4,6782,6782,0,0,0,0,1.0,1.0,1.0,1.0,1.0,1,0.5625271034684727,40
2662,2,6784,6784,0,0,0,0,1.0,1.0,1.0,1.0,1.0,1,0.5358915342725685,42
2663,5,6789,6789,0,0,0,0,1.0,1.0,1.0,1.0,1.0,1,0.5669599231076152,41
2664,3,6792,6792,0,0,0,0,1.0,1.0,1.0,1.0,1.0,1,0.5650258164888635,42
2665,2,6794,6794,0,0,0,0,1.0,1.0,1.0,1.0,1.0,1,0.5776391439012173,43
2666,1,6795,6795,0,0,0,0,1.0,1.0,1.0,1.0,1.0,1,0.5901305289777882,44
2667,2,6797,6797,0,0,0,0,1.0,1.0,1.0,1.0,1.0,1,0.5955581743629191,42
2668,2,6799,6799,0,0,0,0,1.0,1.0,1.0,1.0,1.0,1,0.5949251550415877,41
2669,1,6800,6800,0,0,0,0,1.0,1.0,1.0,1.0,1.0,1,0.6177864915532838,42
2670,0,6800,6800,0,0,0,0,1.0,1.0,1.0,1.0,1.0,1,0.6215919214897108,40
2671,4,6804,6804,0,0,0,0,1.0,1.0,1.0,1.0,1.0,1,0.6617879473068552,39
2672,1,6805,6805,0,0,0,0,1.0,1.0,1.0,1.0,1.0,1,0.6905144190639714,36
2673,2,6807,6807,0,0,0,0,1.0,1.0,1.0,1.0,1.0,1,0.6995079816642573,35
2674,5,6812,6812,0,0,0,0,1.0,1.0,1.0,1.0,1.0,1,0.6560216479762734,33
2675,1,6813,6813,0,0,0,0,1.0,1.0,1.0,1.0,1.0,1,0.6464457398679865,34
2676,2,6815,6815,0,0,0,0,1.0,1.0,1.0,1.0,1.0,1,0.6271115805663365,32
2677,3,6818,6818,0,0,0,0,1.0,1.0,1.0,1.0,1.0,1,0.6047027185644948,33
2678,2,6820,6820,0,0,0,0,1.0,1.0,1.0,1.0,1.0,1,0.5645856854161312,33
2679,1,6821,6821,0,0,0,0,1.0,1.0,1.0,1.0,1.0,1,0.5732484289253619,32
2680,0,6821,6821,0,0,0,0,1.0,1.0,1.0,1.0,1.0,1,0.5732484289253619,32
2681,0,6821,6821,0,0,0,0,1.0,1.0,1.0,1.0,1.0,1,0.5667495947447685,32
2682,2,6823,6823,0,0,0,0,1.0,1.0,1.0,1.0,1.0,1,0.553342222250888,33
2683,2,6825,6825,0,0,0,0,1.0,1.0,1.0,1.0,1.0,1,0.4992192265540357,32
2684,2,6827,6827,0,0,0,0,1.0,1.0,1.0,1.0,1.0,1,0.48338478427368015,31
2685,6,6833,6833,0,0,0,0,1.0,1.0,1.0,1.0,1.0,1,0.4305104886068991,31
2686,6,6839,6839,0,0,0,0,1.0,1.0,1.0,1.0,1.0,1,0.4893435100205408,30
2687,5,6844,6844,0,0,0,0,1.0,1.0,1.0,1.0,1.0,1,0.5072211127583267,30
2688,6,6850,6850,0,0,0,0,1.0,1.0,1.0,1.0,1.0,1,0.5359620563018945,30
2689,7,6857,6857,0,0,0,0,1.0,1.0,1.0,1.0,1.0,1,0.5851521375378712,31
2690,3,6860,6860,0,0,0,0,1.0,1.0,1.0,1.0,1.0,1,0.6088531457840971,31
2691,2,6862,6862,0,0,0,0,1.0,1.0,1.0,1.0,1.0,1,0.5896425876146644,32
2692,2,6864,6864,0,0,0,0,1.0,1.0,1.0,1.0,1.0,1,0.5506166603293554,32
2693,2,6866,6866,0,0,0,0,1.0,1.0,1.0,1.0,1.0,1,0.5051615182987539,33
2694,1,6867,6867,0,0,0,0,1.0,1.0,1.0,1.0,1.0,1,0.5246886555547613,34
2695,1,6868,6868,0,0,0,0,1.0,1.0,1.0,1.0,1.0,1,0.4830642872533705,35
2696,1,6869,6869,0,0,0,0,1.0,1.0,1.0,1.0,1.0,1,0.5007292418416467,35
2697,2,6871,6871,0,0,0,0,1.0,1.0,1.0,1.0,1.0,1,0.5448082771195559,35
2698,1,6872,6872,0,0,0,0,1.0,1.0,1.0,1.0,1.0,1,0.5073652653866232,36
2699,5,6877,6877,0,0,0,0,1.0,1.0,1.0,1.0,1.0,1,0.49983419881316565,36
2700,4,6881,6881,0,0,0,0,1.0,1.0,1.0,1.0,1.0,1,0.5097684489832067,37
2701,3,6884,6884,0,0,0,0,1.0,1.0,1.0,1.0,1.0,1,0.523962741487127,37
2702,3,6887,6887,0,0,0,0,1.0,1.0,1.0,1.0,1.0,1,0.5625690995037941,37
2703,3,6890,6890,0,0,0,0,1.0,1.0,1.0,1.0,1.0,1,0.5584553864867418,38
2704,4,6894,6894,0,0,0,0,1.0,1.0,1.0,1.0,1.0,1,0.6147496312097687,37
2705,5,6899,6899,0,0,0,0,1.0,1.0,1.0,1.0,1.0,1,0.6765097258808357,36
2706,1,6900,6900,0,0,0,0,1.0,1.0,1.0,1.0,1.0,1,0.6496203715823169,36
2707,4,6904,6904,0,0,0,0,1.0,1.0,1.0,1.0,1.0,1,0.6237721235110749,35
2708,4,6908,6908,0,0,0,0,1.0,1.0,1.0,1.0,1.0,1,0.5615896303786877,36
2709,4,6912,6912,0,0,0,0,1.0,1.0,1.0,1.0,1.0,1,0.5013893154605782,32
2710,6,6918,6918,0,0,0,0,1.0,1.0,1.0,1.0,1.0,1,0.49363562962751656,29
2711,3,6921,6921,0,0,0,0,1.0,1.0,1.0,1.0,1.0,1,0.4937498814318136,29
2712,3,6924,6924,0,0,0,0,1.0,1.0,1.0,1.0,1.0,1,0.5075571198843821,28
2713,2,6926,6926,0,0,0,0,1.0,1.0,1.0,1.0,1.0,1,0.5003280074281025,28
2714,2,6928,6928,0,0,0,0,1.0,1.0,1.0,1.0,1.0,1,0.5574204192049803,26
2715,3,6931,6931,0,0,0,0,1.0,1.0,1.0,1.0,1.0,1,0.5524880091543463,24
2716,5,6936,6936,0,0,0,0,1.0,1.0,1.0,1.0,1.0,1,0.5762547030050401,24
2717,1,6937,6937,0,0,0,0,1.0,1.0,1.0,1.0,1.0,1,0.625544923425306,25
2718,5,6942,6942,0,0,0,0,1.0,1.0,1.0,1.0,1.0,1,0.6329502130695771,25
2719,5,6947,6947,0,0,0,0,1.0,1.0,1.0,1.0,1.0,1,0.594529254086328,25
2720,2,6949,6949,0,0,0,0,1.0,1.0,1.0,1.0,1.0,1,0.5413390515401534,25
2721,1,6950,6950,0,0,0,0,1.0,1.0,1.0,1.0,1.0,1,0.5613007789330703,25
2722,2,6952,6952,0,0,0,0,1.0,1.0,1.0,1.0,1.0,1,0.6100100126001791,26
2723,3,6955,6955,0,0,0,0,1.0,1.0,1.0,1.0,1.0,1,0.5534690927393723,26
2724,1,6956,6956,0,0,0,0,1.0,1.0,1.0,1.0,1.0,1,0.5262332202771433,27
2725,2,6958,6958,0,0,0,0,1.0,1.0,1.0,1.0,1.0,1,0.5123094261248979,28
2726,0,6958,6958,0,0,0,0,1.0,1.0,1.0,1.0,1.0,1,0.5123094261248979,28
2727,0,6958,6958,0,0,0,0,1.0,1.0,1.0,1.0,1.0,1,0.48181288417666185,29
2728,2,6960,6960,0,0,0,0,1.0,1.0,1.0,1.0,1.0,1,0.4891293580810066,29
2729,0,6960,6960,0,0,0,0,1.0,1.0,1.0,1.0,1.0,1,0.4800198554337806,29
2730,2,6962,6962,0,0,0,0,1.0,1.0,1.0,1.0,1.0,1,0.47675484728803297,29
2731,2,6964,6964,0,0,0,0,1.0,1.0,1.0,1.0,1.0,1,0.45582827379204705,30
2732,2,6966,6966,0,0,0,0,1.0,1.0,1.0,1.0,1.0,1,0.460259724671447,29
2733,3,6969,6969,0,0,0,0,1.0,1.0,1.0,1.0,1.0,1,0.5250178090807659,29
2734,4,6973,6973,0,0,0,0,1.0,1.0,1.0,1.0,1.0,1,0.5788287999428735,29
2735,3,6976,6976,0,0,0,0,1.0,1.0,1.0,1.0,1.0,1,0.6168500509468253,29
2736,0,6976,6976,0,0,0,0,1.0,1.0,1.0,1.0,1.0,1,0.628105657217887,30
2737,0,6976,6976,0,0,0,0,1.0,1.0,1.0,1.0,1.0,1,0.6232365305004682,30
2738,0,6976,6976,0,0,0,0,1.0,1.0,1.0,1.0,1.0,1,0.6232365305004682,30
2739,4,6980,6980,0,0,0,0,1.0,1.0,1.0,1.0,1.0,1,0.6246369478413544,29
2740,2,6982,6982,0,0,0,0,1.0,1.0,1.0,1.0,1.0,1,0.6214619495627738,29
2741,2,6984,6984,0,0,0,0,1.0,1.0,1.0,1.0,1.0,1,0.6318739438100774,28
2742,2,6986,6986,0,0,0,0,1.0,1.0,1.0,1.0,1.0,1,0.6651948073514533,28
2743,2,6988,6988,0,0,0,0,1.0,1.0,1.0,1.0,1.0,1,0.6750796697396653,29
2744,1,6989,6989,0,0,0,0,1.0,1.0,1.0,1.0,1.0,1,0.6925484482227318,27
2745,2,6991,6991,0,0,0,0,1.0,1.0,1.0,1.0,1.0,1,0.7081550803041012,25
2746,0,6991,6991,0,0,0,0,1.0,1.0,1.0,1.0,1.0,1,0.7114457825359156,25
2747,0,6991,6991,0,0,0,0,1.0,1.0,1.0,1.0,1.0,1,0.7150035415679805,23
2748,0,6991,6991,0,0,0,0,1.0,1.0,1.0,1.0,1.0,1,0.706035824925135,22
2749,0,6991,6991,0,0,0,0,1.0,1.0,1.0,1.0,1.0,1,0.7252920064033952,19
2750,1,6992,6992,0,0,0,0,1.0,1.0,1.0,1.0,1.0,1,0.6872810285114922,18
2751,0,6992,6992,0,0,0,0,1.0,1.0,1.0,1.0,1.0,1,0.6957833704817445,16
2752,0,6992,6992,0,0,0,0,1.0,1.0,1.0,1.0,1.0,1,0.6867109874302445,15
2753,1,6993,6993,0,0,0,0,1.0,1.0,1.0,1.0,1.0,1,0.7104285509845395,15
2754,0,6993,6993,0,0,0,0,1.0,1.0,1.0,1.0,1.0,1,0.7104285509845395,15
2755,0,6993,6993,0,0,0,0,1.0,1.0,1.0,1.0,1.0,1,0.7104285509845395,15
2756,0,6993,6993,0,0,0,0,1.0,1.0,1.0,1.0,1.0,1,0.6804381901602717,16
2757,0,6993,6993,0,0,0,0,1.0,1.0,1.0,1.0,1.0,1,0.6655710600656479,17
2758,0,6993,6993,0,0,0,0,1.0,1.0,1.0,1.0,1.0,1,0.6655710600656479,17
2759,1,6994,6994,0,0,0,0,1.0,1.0,1.0,1.0,1.0,1,0.6823917954076582,18
2760,3,6997,6997,0,0,0,0,1.0,1.0,1.0,1.0,1.0,1,0.6600656972663467,18
2761,1,6998,6998,0,0,0,0,1.0,1.0,1.0,1.0,1.0,1,0.6708175664704135,18
2762,3,7001,7001,0,0,0,0,1.0,1.0,1.0,1.0,1.0,1,0.7103434201337179,18
2763,5,7006,7006,0,0,0,0,1.0,1.0,1.0,1.0,1.0,1,0.6005162284442634,17
2764,2,7008,7008,0,0,0,0,1.0,1.0,1.0,1.0,1.0,1,0.6010579036032913,17
2765,1,7009,7009,0,0,0,0,1.0,1.0,1.0,1.0,1.0,1,0.5858544568410152,18
2766,2,7011,7011,0,0,0,0,1.0,1.0,1.0,1.0,1.0,1,0.6658794287687686,18
2767,0,7011,7011,0,0,0,0,1.0,1.0,1.0,1.0,1.0,1,0.6658794287687686,18
2768,0,7011,7011,0,0,0,0,1.0,1.0,1.0,1.0,1.0,1,0.6658794287687686,18
2769,1,7012,7012,0,0,0,0,1.0,1.0,1.0,1.0,1.0,1,0.626172362603077,18
2770,1,7013,7013,0,0,0,0,1.0,1.0,1.0,1.0,1.0,1,0.676586431201269,18
2771,3,7016,7016,0,0,0,0,1.0,1.0,1.0,1.0,1.0,1,0.6335124467031582,18
2772,1,7017,7017,0,0,0,0,1.0,1.0,1.0,1.0,1.0,1,0.674481508441396,18
2773,2,7019,7019,0,0,0,0,1.0,1.0,1.0,1.0,1.0,1,0.6823494521632326,18
2774,2,7021,7021,0,0,0,0,1.0,1.0,1.0,1.0,1.0,1,0.6708827542924354,20
2775,2,7023,7023,0,0,0,0,1.0,1.0,1.0,1.0,1.0,1,0.6663033404855467,21
2776,2,7025,7025,0,0,0,0,1.0,1.0,1.0,1.0,1.0,1,0.64827959143526,21
2777,2,7027,7027,0,0,0,0,1.0,1.0,1.0,1.0,1.0,1,0.6585900117821941,22
2778,0,7027,7027,0,0,0,0,1.0,1.0,1.0,1.0,1.0,1,0.6130593304958446,24
2779,1,7028,7028,0,0,0,0,1.0,1.0,1.0,1.0,1.0,1,0.6078512872360844,24
2780,2,7030,7030,0,0,0,0,1.0,1.0,1.0,1.0,1.0,1,0.6373968411354201,24
2781,0,7030,7030,0,0,0,0,1.0,1.0,1.0,1.0,1.0,1,0.6373968411354201,24
2782,2,7032,7032,0,0,0,0,1.0,1.0,1.0,1.0,1.0,1,0.6764453482769301,24
2783,0,7032,7032,0,0,0,0,1.0,1.0,1.0,1.0,1.0,1,0.6764453482769301,24
2784,1,7033,7033,0,0,0,0,1.0,1.0,1.0,1.0,1.0,1,0.6442435680303918,24
2785,1,7034,7034,0,0,0,0,1.0,1.0,1.0,1.0,1.0,1,0.6675891487833866,22
2786,0,7034,7034,0,0,0,0,1.0,1.0,1.0,1.0,1.0,1,0.7108763060169522,22
2787,1,7035,7035,0,0,0,0,1.0,1.0,1.0,1.0,1.0,1,0.6830554076779741,21
2788,2,7037,7037,0,0,0,0,1.0,1.0,1.0,1.0,1.0,1,0.6765940755612497,20
2789,0,7037,7037,0,0,0,0,1.0,1.0,1.0,1.0,1.0,1,0.6765940755612497,20
2790,0,7037,7037,0,0,0,0,1.0,1.0,1.0,1.0,1.0,1,0.6650701131118253,21
2791,1,7038,7038,0,0,0,0,1.0,1.0,1.0,1.0,1.0,1,0.6961228524714015,21
2792,1,7039,7039,0,0,0,0,1.0,1.0,1.0,1.0,1.0,1,0.7224841412713844,21
2793,2,7041,7041,0,0,0,0,1.0,1.0,1.0,1.0,1.0,1,0.7782349558377416,18
2794,0,7041,7041,0,0,0,0,1.0,1.0,1.0,1.0,1.0,1,0.7782349558377416,18
2795,1,7042,7042,0,0,0,0,1.0,1.0,1.0,1.0,1.0,1,0.7834602309252404,20
2796,0,7042,7042,0,0,0,0,1.0,1.0,1.0,1.0,1.0,1,0.7604537047213776,21
2797,0,7042,7042,0,0,0,0,1.0,1.0,1.0,1.0,1.0,1,0.7604537047213776,21
2798,1,7043,7043,0,0,0,0,1.0,1.0,1.0,1.0,1.0,1,0.7403214920809887,21
2799,1,7044,7044,0,0,0,0,1.0,1.0,1.0,1.0,1.0,1,0.7353500214206539,22
2800,0,7044,7044,0,0,0,0,1.0,1.0,1.0,1.0,1.0,1,0.7353500214206539,22
2801,1,7045,7045,0,0,0,0,1.0,1.0,1.0,1.0,1.0,1,0.7269429326017407,22
2802,1,7046,7046,0,0,0,0,1.0,1.0,1.0,1.0,1.0,1,0.7612493088909703,22
2803,2,7048,7048,0,0,0,0,1.0,1.0,1.0,1.0,1.0,1,0.7242143743226652,22
2804,0,7048,7048,0,0,0,0,1.0,1.0,1.0,1.0,1.0,1,0.7231571662201942,23
2805,0,7048,7048,0,0,0,0,1.0,1.0,1.0,1.0,1.0,1,0.7231571662201942,23
2806,0,7048,7048,0,0,0,0,1.0,1.0,1.0,1.0,1.0,1,0.7231571662201942,23
2807,1,7049,7049,0,0,0,0,1.0,1.0,1.0,1.0,1.0,1,0.7103176948547623,24
2808,0,7049,7049,0,0,0,0,1.0,1.0,1.0,1.0,1.0,1,0.7103176948547623,24
2809,2,7051,7051,0,0,0,0,1.0,1.0,1.0,1.0,1.0,1,0.6930023860975928,25
2810,0,7051,7051,0,0,0,0,1.0,1.0,1.0,1.0,1.0,1,0.7110041966927197,24
2811,0,7051,7051,0,0,0,0,1.0,1.0,1.0,1.0,1.0,1,0.7075850854515762,26
2812,4,7055,7055,0,0,0,0,1.0,1.0,1.0,1.0,1.0,1,0.6849317143704139,26
2813,2,7057,7057,0,0,0,0,1.0,1.0,1.0,1.0,1.0,1,0.6213084597477642,27
2814,3,7060,7060,0,0,0,0,1.0,1.0,1.0,1.0,1.0,1,0.5597613071935588,29
2815,5,7065,7065,0,0,0,0,1.0,1.0,1.0,1.0,1.0,1,0.4903489406490002,29
2816,5,7070,7070,0,0,0,0,1.0,1.0,1.0,1.0,1.0,1,0.4849617226659944,29
2817,3,7073,7073,0,0,0,0,1.0,1.0,1.0,1.0,1.0,1,0.5041970412734368,29
2818,5,7078,7078,0,0,0,0,1.0,1.0,1.0,1.0,1.0,1,0.4692654733334472,29
2819,3,7081,7081,0,0,0,0,1.0,1.0,1.0,1.0,1.0,1,0.5100622059611409,30
2820,2,7083,7083,0,0,0,0,1.0,1.0,1.0,1.0,1.0,1,0.5254073577420554,30
2821,3,7086,7086,0,0,0,0,1.0,1.0,1.0,1.0,1.0,1,0.5807015238911825,31
2822,2,7088,7088,0,0,0,0,1.0,1.0,1.0,1.0,1.0,1,0.6149528022785421,30
2823,3,7091,7091,0,0,0,0,1.0,1.0,1.0,1.0,1.0,1,0.6077316058537214,27
2824,2,7093,7093,0,0,0,0,1.0,1.0,1.0,1.0,1.0,1,0.6042939521937574,28
2825,3,7096,7096,0,0,0,0,1.0,1.0,1.0,1.0,1.0,1,0.6217396484926447,28
2826,1,7097,7097,0,0,0,0,1.0,1.0,1.0,1.0,1.0,1,0.6102319129346137,27
2827,2,7099,7099,0,0,0,0,1.0,1.0,1.0,1.0,1.0,1,0.6061531859821999,28
2828,1,7100,7100,0,0,0,0,1.0,1.0,1.0,1.0,1.0,1,0.6073912815330009,28
2829,3,7103,7103,0,0,0,0,1.0,1.0,1.0,1.0,1.0,1,0.6145275832862637,27
2830,0,7103,7103,0,0,0,0,1.0,1.0,1.0,1.0,1.0,1,0.6145275832862637,27
2831,0,7103,7103,0,0,0,0,1.0,1.0,1.0,1.0,1.0,1,0.6145275832862637,27
2832,2,7105,7105,0,0,0,0,1.0,1.0,1.0,1.0,1.0,1,0.6692622413943956,27
2833,2,7107,7107,0,0,0,0,1.0,1.0,1.0,1.0,1.0,1,0.6622449064947437,26
2834,1,7108,7108,0,0,0,0,1.0,1.0,1.0,1.0,1.0,1,0.6478707277915343,26
2835,2,7110,7110,0,0,0,0,1.0,1.0,1.0,1.0,1.0,1,0.6192900105233812,25
2836,2,7112,7112,0,0,0,0,1.0,1.0,1.0,1.0,1.0,1,0.6055469263032306,27
2837,1,7113,7113,0,0,0,0,1.0,1.0,1.0,1.0,1.0,1,0.6033796638092401,27
2838,4,7117,7117,0,0,0,0,1.0,1.0,1.0,1.0,1.0,1,0.578606985961553,27
2839,1,7118,7118,0,0,0,0,1.0,1.0,1.0,1.0,1.0,1,0.561051496854,29
2840,3,7121,7121,0,0,0,0,1.0,1.0,1.0,1.0,1.0,1,0.5598653529826786,29
2841,3,7124,7124,0,0,0,0,1.0,1.0,1.0,1.0,1.0,1,0.5185536280336799,31
2842,3,7127,7127,0,0,0,0,1.0,1.0,1.0,1.0,1.0,1,0.4900295031143674,31
2843,6,7133,7133,0,0,0,0,1.0,1.0,1.0,1.0,1.0,1,0.4160346611929968,32
2844,6,7139,7139,0,0,0,0,1.0,1.0,1.0,1.0,1.0,1,0.4372603630984008,33
2845,3,7142,7142,0,0,0,0,1.0,1.0,1.0,1.0,1.0,1,0.4855230742422675,32
2846,5,7147,7147,0,0,0,0,1.0,1.0,1.0,1.0,1.0,1,0.4859429049716103,33
2847,5,7152,7152,0,0,0,0,1.0,1.0,1.0,1.0,1.0,1,0.5369784823909894,32
2848,2,7154,7154,0,0,0,0,1.0,1.0,1.0,1.0,1.0,1,0.5308168459335934,33
2849,1,7155,7155,0,0,0,0,1.0,1.0,1.0,1.0,1.0,1,0.5501495878480004,34
2850,0,7155,7155,0,0,0,0,1.0,1.0,1.0,1.0,1.0,1,0.5501495878480004,34
2851,2,7157,7157,0,0,0,0,1.0,1.0,1.0,1.0,1.0,1,0.5673230356180218,34
2852,3,7160,7160,0,0,0,0,1.0,1.0,1.0,1.0,1.0,1,0.5568173439482139,35
2853,2,7162,7162,0,0,0,0,1.0,1.0,1.0,1.0,1.0,1,0.5887190126972057,36
2854,3,7165,7165,0,0,0,0,1.0,1.0,1.0,1.0,1.0,1,0.5905359935313794,37
2855,5,7170,7170,0,0,0,0,1.0,1.0,1.0,1.0,1.0,1,0.6062164738853609,38
2856,2,7172,7172,0,0,0,0,1.0,1.0,1.0,1.0,1.0,1,0.5722452251215228,38
2857,2,7174,7174,0,0,0,0,1.0,1.0,1.0,1.0,1.0,1,0.5733871064441424,39
2858,2,7176,7176,0,0,0,0,1.0,1.0,1.0,1.0,1.0,1,0.5578296801405411,40
2859,5,7181,7181,0,0,0,0,1.0,1.0,1.0,1.0,1.0,1,0.5119065769480503,40
2860,2,7183,7183,0,0,0,0,1.0,1.0,1.0,1.0,1.0,1,0.5354225324302118,40
2861,2,7185,7185,0,0,0,0,1.0,1.0,1.0,1.0,1.0,1,0.5312506818255139,38
2862,5,7190,7190,0,0,0,0,1.0,1.0,1.0,1.0,1.0,1,0.5470759154097422,38
2863,3,7193,7193,0,0,0,0,1.0,1.0,1.0,1.0,1.0,1,0.539873616253853,38
2864,5,7198,7198,0,0,0,0,1.0,1.0,1.0,1.0,1.0,1,0.6005577989567537,36
2865,3,7201,7201,0,0,0,0,1.0,1.0,1.0,1.0,1.0,1,0.5651228496852442,34
2866,2,7203,7203,0,0,0,0,1.0,1.0,1.0,1.0,1.0,1,0.5900337675142383,31
2867,3,7206,7206,0,0,0,0,1.0,1.0,1.0,1.0,1.0,1,0.5778466856784814,30
2868,1,7207,7207,0,0,0,0,1.0,1.0,1.0,1.0,1.0,1,0.58429283420531,27
2869,2,7209,7209,0,0,0,0,1.0,1.0,1.0,1.0,1.0,1,0.6032597778489196,27
2870,1,7210,7210,0,0,0,0,1.0,1.0,1.0,1.0,1.0,1,0.5898736738901527,25
2871,3,7213,7213,0,0,0,0,1.0,1.0,1.0,1.0,1.0,1,0.6069097441183189,25
2872,0,7213,7213,0,0,0,0,1.0,1.0,1.0,1.0,1.0,1,0.6093251441737814,23
2873,2,7215,7215,0,0,0,0,1.0,1.0,1.0,1.0,1.0,1,0.644076219851701,24
2874,1,7216,7216,0,0,0,0,1.0,1.0,1.0,1.0,1.0,1,0.6739699552087732,24
2875,2,7218,7218,0,0,0,0,1.0,1.0,1.0,1.0,1.0,1,0.7124695732213099,23
2876,0,7218,7218,0,0,0,0,1.0,1.0,1.0,1.0,1.0,1,0.6984692586746029,24
2877,2,7220,7220,0,0,0,0,1.0,1.0,1.0,1.0,1.0,1,0.6721415480228194,24
2878,1,7221,7221,0,0,0,0,1.0,1.0,1.0,1.0,1.0,1,0.6604017582256448,24
2879,1,7222,7222,0,0,0,0,1.0,1.0,1.0,1.0,1.0,1,0.6560579826740703,25
2880,1,7223,7223,0,0,0,0,1.0,1.0,1.0,1.0,1.0,1,0.6624624300891938,26
2881,1,7224,7224,0,0,0,0,1.0,1.0,1.0,1.0,1.0,1,0.6700284271760911,26
2882,1,7225,7225,0,0,0,0,1.0,1.0,1.0,1.0,1.0,1,0.652521190530031,27
2883,3,7228,7228,0,0,0,0,1.0,1.0,1.0,1.0,1.0,1,0.6390399161425662,28
2884,1,7229,7229,0,0,0,0,1.0,1.0,1.0,1.0,1.0,1,0.6726659517518604,29
2885,2,7231,7231,0,0,0,0,1.0,1.0,1.0,1.0,1.0,1,0.6735052103900755,31
2886,1,7232,7232,0,0,0,0,1.0,1.0,1.0,1.0,1.0,1,0.6830640699797397,31
2887,1,7233,7233,0,0,0,0,1.0,1.0,1.0,1.0,1.0,1,0.678736220953212,33
2888,3,7236,7236,0,0,0,0,0.9951886722275477,0.9918207427868309,0.9951886722275477,0.9918207427868309,1.0,1,0.7172126679375093,34
2889,0,7236,7236,0,0,0,0,0.9953261387353318,0.9918207427868309,0.9953261387353318,0.9918207427868309,1.0,1,0.6976382351424759,35
2890,3,7239,7239,0,0,0,0,0.9713794711128928,0.9522991185214882,0.9713794711128928,0.9522991185214882,1.0,1,0.6989770665911227,35
2891,0,7239,7239,0,0,0,0,0.9713794711128928,0.9522991185214882,0.9713794711128928,0.9522991185214882,1.0,1,0.6989770665911227,35
2892,1,7240,7240,0,0,0,0,0.9713794711128928,0.9522991185214882,0.9713794711128928,0.9522991185214882,1.0,1,0.6939697580592536,35
2893,1,7241,7241,0,0,0,0,0.9413145611407447,0.9013017619185253,0.9413145611407447,0.9013017619185253,1.0,1,0.7019624215623639,37
2894,1,7242,7242,0,0,0,0,0.9213103921844524,0.8734123700358584,0.9213103921844524,0.8734123700358584,1.0,1,0.7152962280609626,37
2895,1,7243,7243,0,0,0,0,0.9213103921844527,0.8734123700358584,0.9213103921844527,0.8734123700358584,1.0,1,0.7040762451307556,37
2896,0,7243,7243,0,0,0,0,0.8997882182093858,0.8413313454981941,0.8997882182093858,0.8413313454981941,1.0,1,0.7085216907436238,38
2897,1,7244,7244,0,0,0,0,0.8721429714830204,0.8107715977948703,0.8721429714830204,0.8107715977948703,1.0,1,0.7342193027771186,37
2898,0,7244,7244,0,0,0,0,0.8495710341863444,0.7801422807338879,0.8495710341863444,0.7801422807338879,1.0,1,0.7383675234104203,38
2899,1,7245,7245,0,0,0,0,0.8957854383568652,0.8393358841335006,0.8957854383568652,0.8393358841335006,1.0,1,0.74361329889523,37
2900,0,7245,7245,0,0,0,0,0.9276258377668317,0.8867187025915626,0.9276258377668317,0.8867187025915626,1.0,1,0.7382203100018724,36
2901,0,7245,7245,0,0,0,0,0.9479887363223909,0.9125265110876573,0.9479887363223909,0.9125265110876573,1.0,1,0.7272108386880053,37
2902,2,7247,7247,0,0,0,0,1.0,1.0,1.0,1.0,1.0,1,0.7222705618456465,35
2903,0,7247,7247,0,0,0,0,0.984484268456386,0.9741404474273101,0.984484268456386,0.9741404474273101,1.0,1,0.7264688384879092,35
2904,1,7248,7248,0,0,0,0,1.0,1.0,1.0,1.0,1.0,1,0.7272825502918101,33
2905,1,7249,7249,0,0,0,0,1.0,1.0,1.0,1.0,1.0,1,0.7266900076573516,34
2906,1,7250,7250,0,0,0,0,1.0,1.0,1.0,1.0,1.0,1,0.7123643669727671,34
2907,1,7251,7251,0,0,0,0,1.0,1.0,1.0,1.0,1.0,1,0.7268883113300588,35
2908,1,7252,7252,0,0,0,0,0.9736452112009021,0.9548203620586895,0.9736452112009021,0.9548203620586895,1.0,1,0.7310656838732645,36
2909,1,7253,7253,0,0,0,0,0.9551783123708134,0.9225807213677688,0.9551783123708134,0.9225807213677688,1.0,1,0.7452561682253608,38
2910,2,7255,7255,0,0,0,0,0.9329500521350688,0.8892218252666355,0.9329500521350688,0.8892218252666355,1.0,1,0.7465218912674911,38
2911,0,7255,7255,0,0,0,0,0.9574604992174669,0.9284562941384671,0.9574604992174669,0.9284562941384671,1.0,1,0.7426709842601812,37
2912,2,7257,7257,0,0,0,0,1.0,1.0,1.0,1.0,1.0,1,0.7051298412199352,37
2913,3,7260,7260,0,0,0,0,1.0,1.0,1.0,1.0,1.0,1,0.7119326191757345,38
2914,3,7263,7263,0,0,0,0,1.0,1.0,1.0,1.0,1.0,1,0.7027946261809909,38
2915,4,7267,7267,0,0,0,0,1.0,1.0,1.0,1.0,1.0,1,0.6518387227137672,39
2916,4,7271,7271,0,0,0,0,1.0,1.0,1.0,1.0,1.0,1,0.6219443265112438,40
2917,2,7273,7273,0,0,0,0,1.0,1.0,1.0,1.0,1.0,1,0.6014322518456433,41
2918,3,7276,7276,0,0,0,0,1.0,1.0,1.0,1.0,1.0,1,0.5752954917245712,41
2919,2,7278,7278,0,0,0,0,1.0,1.0,1.0,1.0,1.0,1,0.5931267906224721,41
2920,1,7279,7279,0,0,0,0,1.0,1.0,1.0,1.0,1.0,1,0.5964530073039898,43
2921,2,7281,7281,0,0,0,0,1.0,1.0,1.0,1.0,1.0,1,0.5836077722207175,42
2922,1,7282,7282,0,0,0,0,1.0,1.0,1.0,1.0,1.0,1,0.578885241728316,43
2923,1,7283,7283,0,0,0,0,1.0,1.0,1.0,1.0,1.0,1,0.5778859156890681,44
2924,3,7286,7286,0,0,0,0,1.0,1.0,1.0,1.0,1.0,1,0.5785876789861525,45
2925,0,7286,7286,0,0,0,0,1.0,1.0,1.0,1.0,1.0,1,0.5926772029241083,45
2926,4,7290,7290,0,0,0,0,1.0,1.0,1.0,1.0,1.0,1,0.5728369995064155,47
2927,3,7293,7293,0,0,0,0,1.0,1.0,1.0,1.0,1.0,1,0.555095789776592,47
2928,3,7296,7296,0,0,0,0,1.0,1.0,1.0,1.0,1.0,1,0.5429911996908964,48
2929,1,7297,7297,0,0,0,0,1.0,1.0,1.0,1.0,1.0,1,0.5607693592685576,48
2930,3,7300,7300,0,0,0,0,1.0,1.0,1.0,1.0,1.0,1,0.5482602661053596,50
2931,2,7302,7302,0,0,0,0,1.0,1.0,1.0,1.0,1.0,1,0.5496871512073882,51
2932,0,7302,7302,0,0,0,0,1.0,1.0,1.0,1.0,1.0,1,0.5496871512073882,51
2933,2,7304,7304,0,0,0,0,1.0,1.0,1.0,1.0,1.0,1,0.5760525533234128,52
2934,2,7306,7306,0,0,0,0,1.0,1.0,1.0,1.0,1.0,1,0.6025223975364191,52
2935,1,7307,7307,0,0,0,0,1.0,1.0,1.0,1.0,1.0,1,0.6303767879056396,51
2936,0,7307,7307,0,0,0,0,1.0,1.0,1.0,1.0,1.0,1,0.6346116446880234,49
2937,1,7308,7308,0,0,0,0,1.0,1.0,1.0,1.0,1.0,1,0.6281194300521171,50
2938,2,7310,7310,0,0,0,0,1.0,1.0,1.0,1.0,1.0,1,0.6408908270431756,50
2939,3,7313,7313,0,0,0,0,1.0,1.0,1.0,1.0,1.0,1,0.623908424236492,51
2940,1,7314,7314,0,0,0,0,1.0,1.0,1.0,1.0,1.0,1,0.6331475808688426,52
2941,1,7315,7315,0,0,0,0,0.996857126050673,0.9924285309402578,0.996857126050673,0.9924285309402578,1.0,1,0.6506715214258141,53
2942,4,7319,7319,0,0,0,0,1.0,1.0,1.0,1.0,1.0,1,0.6701861677040434,52
2943,3,7322,7322,0,0,0,0,1.0,1.0,1.0,1.0,1.0,1,0.6690898780522343,51
2944,3,7325,7325,0,0,0,0,0.98533012909992,0.9636746053902783,0.98533012909992,0.9636746053902783,1.0,1,0.6813577438109413,52
2945,1,7326,7326,0,0,0,0,1.0,1.0,1.0,1.0,1.0,1,0.671109887461116,50
2946,1,7327,7327,0,0,0,0,0.985043932098169,0.963678120809839,0.985043932098169,0.963678120809839,1.0,1,0.6945654374756451,51
2947,1,7328,7328,0,0,0,0,1.0,1.0,1.0,1.0,1.0,1,0.6987741231973209,50
2948,1,7329,7329,0,0,0,0,0.9940078199102935,0.9863814088870306,0.9940078199102935,0.9863814088870306,1.0,1,0.6974518141935713,50
2949,0,7329,7329,0,0,0,0,0.9938855305207076,0.9863814088870306,0.9938855305207076,0.9863814088870306,1.0,1,0.6980506695812685,49
2950,2,7331,7331,0,0,0,0,0.9937581457398891,0.9863814088870306,0.9937581457398891,0.9863814088870306,1.0,1,0.7091185313849157,48
2951,2,7333,7333,0,0,0,0,1.0,1.0,1.0,1.0,1.0,1,0.6917357271430853,48
2952,1,7334,7334,0,0,0,0,1.0,1.0,1.0,1.0,1.0,1,0.6910767596312798,46
2953,4,7338,7338,0,0,0,0,1.0,1.0,1.0,1.0,1.0,1,0.6707153500455714,46
2954,5,7343,7343,0,0,0,0,1.0,1.0,1.0,1.0,1.0,1,0.6410269363785152,48
2955,6,7349,7349,0,0,0,0,1.0,1.0,1.0,1.0,1.0,1,0.639211208386356,48
2956,3,7352,7352,0,0,0,0,1.0,1.0,1.0,1.0,1.0,1,0.6330555915258412,47
2957,10,7362,7362,0,0,0,0,1.0,1.0,1.0,1.0,1.0,1,0.6064323949659295,48
2958,6,7368,7368,0,0,0,0,1.0,1.0,1.0,1.0,1.0,1,0.6001701068141926,49
2959,9,7377,7377,0,0,0,0,1.0,1.0,1.0,1.0,1.0,1,0.5706101500378234,49
2960,7,7384,7384,0,0,0,0,1.0,1.0,1.0,1.0,1.0,1,0.5269145605529849,49
2961,5,7389,7389,0,0,0,0,1.0,1.0,1.0,1.0,1.0,1,0.5154673083769322,51
2962,2,7391,7391,0,0,0,0,1.0,1.0,1.0,1.0,1.0,1,0.5188393308117093,51
2963,3,7394,7394,0,0,0,0,1.0,1.0,1.0,1.0,1.0,1,0.5325911639572624,51
2964,1,7395,7395,0,0,0,0,1.0,1.0,1.0,1.0,1.0,1,0.5478568189954037,52
2965,3,7398,7398,0,0,0,0,1.0,1.0,1.0,1.0,1.0,1,0.5431940661686044,53
2966,1,7399,7399,0,0,0,0,1.0,1.0,1.0,1.0,1.0,1,0.555861472790183,53
2967,2,7401,7401,0,0,0,0,1.0,1.0,1.0,1.0,1.0,1,0.5784493023331166,53
2968,1,7402,7402,0,0,0,0,1.0,1.0,1.0,1.0,1.0,1,0.5547874051059976,54
2969,1,7403,7403,0,0,0,0,1.0,1.0,1.0,1.0,1.0,1,0.5147518122693454,55
2970,0,7403,7403,0,0,0,0,1.0,1.0,1.0,1.0,1.0,1,0.5147518122693454,55
2971,0,7403,7403,0,0,0,0,1.0,1.0,1.0,1.0,1.0,1,0.5147518122693454,55
2972,0,7403,7403,0,0,0,0,1.0,1.0,1.0,1.0,1.0,1,0.5147518122693454,55
2973,1,7404,7404,0,0,0,0,1.0,1.0,1.0,1.0,1.0,1,0.5474179670330722,55
2974,0,7404,7404,0,0,0,0,1.0,1.0,1.0,1.0,1.0,1,0.5365709212033956,56
2975,0,7404,7404,0,0,0,0,1.0,1.0,1.0,1.0,1.0,1,0.5349065364450247,55
2976,0,7404,7404,0,0,0,0,1.0,1.0,1.0,1.0,1.0,1,0.5364636631234405,57
2977,4,7408,7408,0,0,0,0,1.0,1.0,1.0,1.0,1.0,1,0.5536772319130144,59
2978,4,7412,7412,0,0,0,0,0.9940455746850595,0.9840313139281145,0.9940455746850595,0.9840313139281145,1.0,1,0.5611237443803675,59
2979,7,7419,7419,0,0,0,0,1.0,1.0,1.0,1.0,1.0,1,0.5403553558502897,59
2980,5,7424,7424,0,0,0,0,1.0,1.0,1.0,1.0,1.0,1,0.49460630651330145,59
2981,7,7431,7431,0,0,0,0,1.0,1.0,1.0,1.0,1.0,1,0.4936155166347433,59
2982,5,7436,7436,0,0,0,0,1.0,1.0,1.0,1.0,1.0,1,0.5074370570722053,61
2983,7,7443,7443,0,0,0,0,1.0,1.0,1.0,1.0,1.0,1,0.5512869297857865,61
2984,5,7448,7448,0,0,0,0,1.0,1.0,1.0,1.0,1.0,1,0.5795911010949206,61
2985,10,7458,7458,0,0,0,0,1.0,1.0,1.0,1.0,1.0,1,0.5996815485461412,57
2986,6,7464,7464,0,0,0,0,1.0,1.0,1.0,1.0,1.0,1,0.544899235092104,58
2987,5,7469,7469,0,0,0,0,1.0,1.0,1.0,1.0,1.0,1,0.5356239275781575,56
2988,5,7474,7474,0,0,0,0,1.0,1.0,1.0,1.0,1.0,1,0.5267035443137019,55
2989,6,7480,7480,0,0,0,0,1.0,1.0,1.0,1.0,1.0,1,0.553331465627733,53
2990,6,7486,7486,0,0,0,0,1.0,1.0,1.0,1.0,1.0,1,0.5037637994305778,52
2991,5,7491,7491,0,0,0,0,1.0,1.0,1.0,1.0,1.0,1,0.524714474943973,54
2992,4,7495,7495,0,0,0,0,1.0,1.0,1.0,1.0,1.0,1,0.5394685356913653,55
2993,1,7496,7496,0,0,0,0,1.0,1.0,1.0,1.0,1.0,1,0.5507755043640861,53
2994,2,7498,7498,0,0,0,0,1.0,1.0,1.0,1.0,1.0,1,0.5696139638591017,53
2995,3,7501,7501,0,0,0,0,1.0,1.0,1.0,1.0,1.0,1,0.5655153748342499,51
2996,0,7501,7501,0,0,0,0,0.9865523416543286,0.9667010364773848,0.9865523416543286,0.9667010364773848,1.0,1,0.5739240994446473,52
2997,2,7503,7503,0,0,0,0,0.9860144353205016,0.9667010364773848,0.9860144353205016,0.9667010364773848,1.0,1,0.6109954856845723,50
2998,1,7504,7504,0,0,0,0,0.9712383422990397,0.9333252480568648,0.9712383422990397,0.9333252480568648,1.0,1,0.6105039456377416,51
2999,2,7506,7506,0,0,0,0,0.9694407386927297,0.9333252480568648,0.9694407386927297,0.9333252480568648,1.0,1,0.6086111364202416,48
3000,1,7507,7507,0,0,0,0,0.9694407386927297,0.9333252480568648,0.9694407386927297,0.9333252480568648,1.0,1,0.5984748316803479,48
3001,2,7509,7509,0,0,0,0,0.9606796878246602,0.9124229410640157,0.9606796878246602,0.9124229410640157,1.0,1,0.5985933809139673,49
3002,4,7513,7513,0,0,0,0,0.9737059870537776,0.9373952072708992,0.9737059870537776,0.9373952072708992,1.0,1,0.6024287680009923,50
3003,3,7516,7516,0,0,0,0,0.9901581018532144,0.9753952546330359,0.9901581018532144,0.9753952546330359,1.0,1,0.5994877834652417,50
3004,4,7520,7520,0,0,0,0,1.0,1.0,1.0,1.0,1.0,1,0.5885780719761433,51
3005,3,7523,7523,0,0,0,0,1.0,1.0,1.0,1.0,1.0,1,0.5813446953304093,50
3006,1,7524,7524,0,0,0,0,0.9923610757451541,0.9805207431501429,0.9923610757451541,0.9805207431501429,1.0,1,0.5732900366594673,51
3007,0,7524,7524,0,0,0,0,0.9923610757451541,0.9805207431501429,0.9923610757451541,0.9805207431501429,1.0,1,0.5762060405202162,51
3008,4,7528,7528,0,0,0,0,0.9708779065678197,0.9265013832425927,0.9708779065678197,0.9265013832425927,1.0,1,0.5772941378787911,53
3009,2,7530,7530,0,0,0,0,0.9703178663095086,0.9265013832425927,0.9703178663095086,0.9265013832425927,1.0,1,0.6174156437056125,52
3010,3,7533,7533,0,0,0,0,0.9703178663095086,0.9265013832425927,0.9703178663095086,0.9265013832425927,1.0,1,0.6367884026653816,52
3011,4,7537,7537,0,0,0,0,1.0,1.0,1.0,1.0,1.0,1,0.6396502957899065,51
3012,4,7541,7541,0,0,0,0,0.9951675683465194,0.9869524345356021,0.9951675683465194,0.9869524345356021,1.0,1,0.6390058642232463,54
3013,3,7544,7544,0,0,0,0,1.0,1.0,1.0,1.0,1.0,1,0.6132878096542947,52
3014,5,7549,7549,0,0,0,0,1.0,1.0,1.0,1.0,1.0,1,0.5936994150201397,51
3015,4,7553,7553,0,0,0,0,1.0,1.0,1.0,1.0,1.0,1,0.6427808494946694,50
3016,6,7559,7559,0,0,0,0,1.0,1.0,1.0,1.0,1.0,1,0.6355286168941947,50
3017,2,7561,7561,0,0,0,0,1.0,1.0,1.0,1.0,1.0,1,0.6433212720547988,48
3018,7,7568,7568,0,0,0,0,1.0,1.0,1.0,1.0,1.0,1,0.5687450467364864,48
3019,8,7576,7576,0,0,0,0,1.0,1.0,1.0,1.0,1.0,1,0.576508621935853,47
3020,3,7579,7579,0,0,0,0,1.0,1.0,1.0,1.0,1.0,1,0.5676573107024262,47
3021,3,7582,7582,0,0,0,0,1.0,1.0,1.0,1.0,1.0,1,0.5773232836356951,46
3022,5,7587,7587,0,0,0,0,1.0,1.0,1.0,1.0,1.0,1,0.6206821896949667,45
3023,1,7588,7588,0,0,0,0,1.0,1.0,1.0,1.0,1.0,1,0.6278366854965605,41
3024,3,7591,7591,0,0,0,0,1.0,1.0,1.0,1.0,1.0,1,0.6379341528733866,43
3025,2,7593,7593,0,0,0,0,1.0,1.0,1.0,1.0,1.0,1,0.6516868313641575,39
3026,3,7596,7596,0,0,0,0,1.0,1.0,1.0,1.0,1.0,1,0.6725714611090483,38
3027,3,7599,7599,0,0,0,0,1.0,1.0,1.0,1.0,1.0,1,0.6335630388690124,38
3028,4,7603,7603,0,0,0,0,1.0,1.0,1.0,1.0,1.0,1,0.5896571162288535,38
3029,5,7608,7608,0,0,0,0,1.0,1.0,1.0,1.0,1.0,1,0.5578318780276479,37
3030,3,7611,7611,0,0,0,0,1.0,1.0,1.0,1.0,1.0,1,0.5163222966930998,38
3031,5,7616,7616,0,0,0,0,1.0,1.0,1.0,1.0,1.0,1,0.508716845232083,39
3032,2,7618,7618,0,0,0,0,1.0,1.0,1.0,1.0,1.0,1,0.49539068372053435,39
3033,1,7619,7619,0,0,0,0,1.0,1.0,1.0,1.0,1.0,1,0.5038270123398592,39
3034,0,7619,7619,0,0,0,0,1.0,1.0,1.0,1.0,1.0,1,0.5103741413007462,38
3035,3,7622,7622,0,0,0,0,1.0,1.0,1.0,1.0,1.0,1,0.5278508662690454,39
3036,0,7622,7622,0,0,0,0,1.0,1.0,1.0,1.0,1.0,1,0.544239394743855,39
3037,2,7624,7624,0,0,0,0,1.0,1.0,1.0,1.0,1.0,1,0.5884873815781063,39
3038,3,7627,7627,0,0,0,0,1.0,1.0,1.0,1.0,1.0,1,0.6233842791266091,40
3039,1,7628,7628,0,0,0,0,1.0,1.0,1.0,1.0,1.0,1,0.6359825729868417,41
3040,3,7631,7631,0,0,0,0,1.0,1.0,1.0,1.0,1.0,1,0.5754694825369769,42
3041,6,7637,7637,0,0,0,0,1.0,1.0,1.0,1.0,1.0,1,0.6118002365779516,43
3042,4,7641,7641,0,0,0,0,1.0,1.0,1.0,1.0,1.0,1,0.6065925950566535,45
3043,2,7643,7643,0,0,0,0,1.0,1.0,1.0,1.0,1.0,1,0.619714562075967,45
3044,4,7647,7647,0,0,0,0,1.0,1.0,1.0,1.0,1.0,1,0.6240380225004412,45
3045,5,7652,7652,0,0,0,0,1.0,1.0,1.0,1.0,1.0,1,0.6003799817282343,45
3046,2,7654,7654,0,0,0,0,1.0,1.0,1.0,1.0,1.0,1,0.6213528708780336,46
3047,4,7658,7658,0,0,0,0,1.0,1.0,1.0,1.0,1.0,1,0.5994034965135745,46
3048,0,7658,7658,0,0,0,0,1.0,1.0,1.0,1.0,1.0,1,0.6033046407867984,49
3049,2,7660,7660,0,0,0,0,1.0,1.0,1.0,1.0,1.0,1,0.5915832444740462,50
3050,4,7664,7664,0,0,0,0,0.9806258821093654,0.9578823524116639,0.9806258821093654,0.9578823524116639,1.0,1,0.6197548519671285,50
3051,2,7666,7666,0,0,0,0,0.9684676459544356,0.9314514042487732,0.9684676459544356,0.9314514042487732,1.0,1,0.6120270461492102,50
3052,2,7668,7668,0,0,0,0,1.0,1.0,1.0,1.0,1.0,1,0.6048736894825135,50
3053,1,7669,7669,0,0,0,0,1.0,1.0,1.0,1.0,1.0,1,0.5765902115999026,49
3054,3,7672,7672,0,0,0,0,1.0,1.0,1.0,1.0,1.0,1,0.5623765572128462,47
3055,5,7677,7677,0,0,0,0,1.0,1.0,1.0,1.0,1.0,1,0.5196325051292819,48
3056,3,7680,7680,0,0,0,0,1.0,1.0,1.0,1.0,1.0,1,0.535820255126462,47
3057,8,7688,7688,0,0,0,0,1.0,1.0,1.0,1.0,1.0,1,0.5454310284295951,48
3058,4,7692,7692,0,0,0,0,1.0,1.0,1.0,1.0,1.0,1,0.5562237861142458,46
3059,5,7697,7697,0,0,0,0,1.0,1.0,1.0,1.0,1.0,1,0.5361542324159231,44
3060,6,7703,7703,0,0,0,0,1.0,1.0,1.0,1.0,1.0,1,0.5344812571372041,44
3061,1,7704,7704,0,0,0,0,1.0,1.0,1.0,1.0,1.0,1,0.5569454307821631,42
3062,7,7711,7711,0,0,0,0,1.0,1.0,1.0,1.0,1.0,1,0.5561343266129075,42
3063,3,7714,7714,0,0,0,0,1.0,1.0,1.0,1.0,1.0,1,0.5921521615372607,41
3064,2,7716,7716,0,0,0,0,1.0,1.0,1.0,1.0,1.0,1,0.6025520952370842,42
3065,2,7718,7718,0,0,0,0,1.0,1.0,1.0,1.0,1.0,1,0.5771249112593355,40
3066,3,7721,7721,0,0,0,0,1.0,1.0,1.0,1.0,1.0,1,0.5547127156875495,42
3067,1,7722,7722,0,0,0,0,1.0,1.0,1.0,1.0,1.0,1,0.5400390328372464,40
3068,2,7724,7724,0,0,0,0,1.0,1.0,1.0,1.0,1.0,1,0.5961836787988418,39
3069,4,7728,7728,0,0,0,0,1.0,1.0,1.0,1.0,1.0,1,0.5984870172444721,38
3070,0,7728,7728,0,0,0,0,1.0,1.0,1.0,1.0,1.0,1,0.5946001128069657,39
3071,4,7732,7732,0,0,0,0,1.0,1.0,1.0,1.0,1.0,1,0.6218897848618361,39
3072,0,7732,7732,0,0,0,0,1.0,1.0,1.0,1.0,1.0,1,0.6278340729009239,40
3073,1,7733,7733,0,0,0,0,1.0,1.0,1.0,1.0,1.0,1,0.6669893469433007,38
3074,2,7735,7735,0,0,0,0,1.0,1.0,1.0,1.0,1.0,1,0.669911497144315,38
3075,1,7736,7736,0,0,0,0,1.0,1.0,1.0,1.0,1.0,1,0.6622987714567682,41
3076,1,7737,7737,0,0,0,0,1.0,1.0,1.0,1.0,1.0,1,0.6175884784356068,42
3077,2,7739,7739,0,0,0,0,1.0,1.0,1.0,1.0,1.0,1,0.6281037840754923,42
3078,3,7742,7742,0,0,0,0,1.0,1.0,1.0,1.0,1.0,1,0.606140350458199,42
3079,3,7745,7745,0,0,0,0,1.0,1.0,1.0,1.0,1.0,1,0.5795460581105918,42
3080,2,7747,7747,0,0,0,0,1.0,1.0,1.0,1.0,1.0,1,0.5718747741760781,43
3081,4,7751,7751,0,0,0,0,1.0,1.0,1.0,1.0,1.0,1,0.5444098879418012,44
3082,2,7753,7753,0,0,0,0,1.0,1.0,1.0,1.0,1.0,1,0.5431164765259531,45
3083,2,7755,7755,0,0,0,0,1.0,1.0,1.0,1.0,1.0,1,0.5555954513792585,45
3084,0,7755,7755,0,0,0,0,1.0,1.0,1.0,1.0,1.0,1,0.5555954513792585,45
3085,3,7758,7758,0,0,0,0,1.0,1.0,1.0,1.0,1.0,1,0.5582103136713364,46
3086,2,7760,7760,0,0,0,0,1.0,1.0,1.0,1.0,1.0,1,0.530414607240647,46
3087,1,7761,7761,0,0,0,0,1.0,1.0,1.0,1.0,1.0,1,0.5326182461617421,47
3088,2,7763,7763,0,0,0,0,1.0,1.0,1.0,1.0,1.0,1,0.5607486093502282,48
3089,1,7764,7764,0,0,0,0,1.0,1.0,1.0,1.0,1.0,1,0.5512646510059981,46
3090,3,7767,7767,0,0,0,0,1.0,1.0,1.0,1.0,1.0,1,0.6034608967978758,46
3091,1,7768,7768,0,0,0,0,1.0,1.0,1.0,1.0,1.0,1,0.5998112452081897,46
3092,3,7771,7771,0,0,0,0,1.0,1.0,1.0,1.0,1.0,1,0.5994965239248087,47
3093,1,7772,7772,0,0,0,0,1.0,1.0,1.0,1.0,1.0,1,0.5947831983158085,47
3094,3,7775,7775,0,0,0,0,1.0,1.0,1.0,1.0,1.0,1,0.6245832424433614,45
3095,1,7776,7776,0,0,0,0,1.0,1.0,1.0,1.0,1.0,1,0.588265863393527,46
3096,3,7779,7779,0,0,0,0,1.0,1.0,1.0,1.0,1.0,1,0.5579286276161338,46
3097,2,7781,7781,0,0,0,0,1.0,1.0,1.0,1.0,1.0,1,0.5656716160277574,47
3098,1,7782,7782,0,0,0,0,1.0,1.0,1.0,1.0,1.0,1,0.5566718626198593,47
3099,4,7786,7786,0,0,0,0,1.0,1.0,1.0,1.0,1.0,1,0.49660132199879375,47
3100,1,7787,7787,0,0,0,0,1.0,1.0,1.0,1.0,1.0,1,0.4980950529075644,47
3101,4,7791,7791,0,0,0,0,1.0,1.0,1.0,1.0,1.0,1,0.5481207760220606,48
3102,2,7793,7793,0,0,0,0,1.0,1.0,1.0,1.0,1.0,1,0.5621064625357706,48
3103,6,7799,7799,0,0,0,0,0.9909910859156184,0.9808070960810998,0.9909910859156184,0.9808070960810998,1.0,1,0.6071705310356774,49
3104,3,7802,7802,0,0,0,0,1.0,1.0,1.0,1.0,1.0,1,0.6077987312243989,48
3105,3,7805,7805,0,0,0,0,1.0,1.0,1.0,1.0,1.0,1,0.6514522969337269,45
3106,1,7806,7806,0,0,0,0,1.0,1.0,1.0,1.0,1.0,1,0.6399603092692195,46
3107,5,7811,7811,0,0,0,0,1.0,1.0,1.0,1.0,1.0,1,0.6245751557210235,44
3108,1,7812,7812,0,0,0,0,1.0,1.0,1.0,1.0,1.0,1,0.6298490527454957,45
3109,3,7815,7815,0,0,0,0,1.0,1.0,1.0,1.0,1.0,1,0.621546245332793,44
3110,0,7815,7815,0,0,0,0,1.0,1.0,1.0,1.0,1.0,1,0.6161013574218565,46
3111,5,7820,7820,0,0,0,0,1.0,1.0,1.0,1.0,1.0,1,0.6034589251314981,46
3112,3,7823,7823,0,0,0,0,1.0,1.0,1.0,1.0,1.0,1,0.6108392451657958,47
3113,2,7825,7825,0,0,0,0,1.0,1.0,1.0,1.0,1.0,1,0.5974900148245482,48
3114,1,7826,7826,0,0,0,0,1.0,1.0,1.0,1.0,1.0,1,0.6022263777508952,48
3115,0,7826,7826,0,0,0,0,1.0,1.0,1.0,1.0,1.0,1,0.6100231585149358,49
3116,2,7828,7828,0,0,0,0,1.0,1.0,1.0,1.0,1.0,1,0.6310340108818391,48
3117,3,7831,7831,0,0,0,0,0.9885747293017397,0.9745528061720565,0.9885747293017397,0.9745528061720565,1.0,1,0.6639337515426805,49
3118,0,7831,7831,0,0,0,0,0.988803234715705,0.9745528061720565,0.988803234715705,0.9745528061720565,1.0,1,0.6595258127170391,50
3119,3,7834,7834,0,0,0,0,0.988803234715705,0.9745528061720565,0.988803234715705,0.9745528061720565,1.0,1,0.6564270676771852,50
3120,3,7837,7837,0,0,0,0,0.9709499168202592,0.9368476452614328,0.9709499168202592,0.9368476452614328,1.0,1,0.698480336003157,50
3121,3,7840,7840,0,0,0,0,0.9709499168202592,0.9368476452614328,0.9709499168202592,0.9368476452614328,1.0,1,0.6948213007930637,50
3122,2,7842,7842,0,0,0,0,0.9709499168202591,0.9368476452614328,0.9709499168202591,0.9368476452614328,1.0,1,0.7087001493455837,50
3123,1,7843,7843,0,0,0,0,0.9715195262943717,0.9368476452614328,0.9715195262943717,0.9368476452614328,1.0,1,0.6885087723526329,51
3124,3,7846,7846,0,0,0,0,0.9715195262943717,0.9368476452614328,0.9715195262943717,0.9368476452614328,1.0,1,0.6854929578294919,51
3125,2,7848,7848,0,0,0,0,0.9568100319628933,0.9082213179211482,0.9568100319628933,0.9082213179211482,1.0,1,0.6958991316487017,51
3126,1,7849,7849,0,0,0,0,0.945449611331769,0.8821711604766209,0.945449611331769,0.8821711604766209,1.0,1,0.6844349903842514,54
3127,3,7852,7852,0,0,0,0,0.9613202480393718,0.9145822144202793,0.9613202480393718,0.9145822144202793,1.0,1,0.6715973053604772,53
3128,3,7855,7855,0,0,0,0,1.0,1.0,1.0,1.0,1.0,1,0.6448671598739238,52
3129,2,7857,7857,0,0,0,0,1.0,1.0,1.0,1.0,1.0,1,0.6328740185953844,51
3130,2,7859,7859,0,0,0,0,1.0,1.0,1.0,1.0,1.0,1,0.6438552603200537,50
3131,3,7862,7862,0,0,0,0,1.0,1.0,1.0,1.0,1.0,1,0.6347904307980899,50
3132,0,7862,7862,0,0,0,0,1.0,1.0,1.0,1.0,1.0,1,0.6234797710467552,49
3133,1,7863,7863,0,0,0,0,1.0,1.0,1.0,1.0,1.0,1,0.6355052357770953,49
3134,2,7865,7865,0,0,0,0,1.0,1.0,1.0,1.0,1.0,1,0.6368167071166773,46
3135,2,7867,7867,0,0,0,0,1.0,1.0,1.0,1.0,1.0,1,0.6376652280268896,47
3136,3,7870,7870,0,0,0,0,1.0,1.0,1.0,1.0,1.0,1,0.6227963848585951,46
3137,1,7871,7871,0,0,0,0,1.0,1.0,1.0,1.0,1.0,1,0.5874377396447832,49
3138,4,7875,7875,0,0,0,0,1.0,1.0,1.0,1.0,1.0,1,0.5955141143661081,49
3139,2,7877,7877,0,0,0,0,1.0,1.0,1.0,1.0,1.0,1,0.5740028280008751,50
3140,3,7880,7880,0,0,0,0,1.0,1.0,1.0,1.0,1.0,1,0.5555286856007058,51
3141,3,7883,7883,0,0,0,0,1.0,1.0,1.0,1.0,1.0,1,0.5406298995310269,50
3142,2,7885,7885,0,0,0,0,1.0,1.0,1.0,1.0,1.0,1,0.535709718666507,50
3143,1,7886,7886,0,0,0,0,1.0,1.0,1.0,1.0,1.0,1,0.5425446843351457,49
3144,3,7889,7889,0,0,0,0,1.0,1.0,1.0,1.0,1.0,1,0.5408958990787996,49
3145,2,7891,7891,0,0,0,0,1.0,1.0,1.0,1.0,1.0,1,0.5775884804593829,48
3146,3,7894,7894,0,0,0,0,1.0,1.0,1.0,1.0,1.0,1,0.5675248752583744,49
3147,6,7900,7900,0,0,0,0,1.0,1.0,1.0,1.0,1.0,1,0.5879629939733025,48
3148,2,7902,7902,0,0,0,0,1.0,1.0,1.0,1.0,1.0,1,0.581210542850422,48
3149,3,7905,7905,0,0,0,0,1.0,1.0,1.0,1.0,1.0,1,0.5693043635191949,47
3150,3,7908,7908,0,0,0,0,1.0,1.0,1.0,1.0,1.0,1,0.5844757540275581,47
3151,3,7911,7911,0,0,0,0,1.0,1.0,1.0,1.0,1.0,1,0.6192306836475228,48
3152,4,7915,7915,0,0,0,0,1.0,1.0,1.0,1.0,1.0,1,0.6535515309898026,47
3153,5,7920,7920,0,0,0,0,1.0,1.0,1.0,1.0,1.0,1,0.6613851966186582,47
3154,3,7923,7923,0,0,0,0,1.0,1.0,1.0,1.0,1.0,1,0.6529837739170098,48
3155,3,7926,7926,0,0,0,0,1.0,1.0,1.0,1.0,1.0,1,0.6335091420146853,48
3156,4,7930,7930,0,0,0,0,1.0,1.0,1.0,1.0,1.0,1,0.6081817249172641,48
3157,3,7933,7933,0,0,0,0,1.0,1.0,1.0,1.0,1.0,1,0.6215439107727895,48
3158,2,7935,7935,0,0,0,0,1.0,1.0,1.0,1.0,1.0,1,0.6030232110481246,48
3159,2,7937,7937,0,0,0,0,1.0,1.0,1.0,1.0,1.0,1,0.6147158996290404,49
3160,1,7938,7938,0,0,0,0,1.0,1.0,1.0,1.0,1.0,1,0.6049830710409754,51
3161,1,7939,7939,0,0,0,0,1.0,1.0,1.0,1.0,1.0,1,0.582555298917725,52
3162,1,7940,7940,0,0,0,0,1.0,1.0,1.0,1.0,1.0,1,0.5885025306827514,51
3163,2,7942,7942,0,0,0,0,1.0,1.0,1.0,1.0,1.0,1,0.6101864531158374,51
3164,4,7946,7946,0,0,0,0,1.0,1.0,1.0,1.0,1.0,1,0.6157776595447331,52
3165,5,7951,7951,0,0,0,0,1.0,1.0,1.0,1.0,1.0,1,0.5971989905634111,50
3166,2,7953,7953,0,0,0,0,1.0,1.0,1.0,1.0,1.0,1,0.5683213481289836,50
3167,4,7957,7957,0,0,0,0,1.0,1.0,1.0,1.0,1.0,1,0.5493240812640906,49
3168,2,7959,7959,0,0,0,0,1.0,1.0,1.0,1.0,1.0,1,0.5550518195310062,47
3169,4,7963,7963,0,0,0,0,1.0,1.0,1.0,1.0,1.0,1,0.5437548586988825,48
3170,2,7965,7965,0,0,0,0,1.0,1.0,1.0,1.0,1.0,1,0.5394886294504129,47
3171,7,7972,7972,0,0,0,0,1.0,1.0,1.0,1.0,1.0,1,0.5422489098971576,47
3172,0,7972,7972,0,0,0,0,1.0,1.0,1.0,1.0,1.0,1,0.5589223053959906,46
3173,0,7972,7972,0,0,0,0,1.0,1.0,1.0,1.0,1.0,1,0.5261678993950919,45
3174,3,7975,7975,0,0,0,0,1.0,1.0,1.0,1.0,1.0,1,0.6009859919889413,43
3175,1,7976,7976,0,0,0,0,1.0,1.0,1.0,1.0,1.0,1,0.6122536625011924,43
3176,2,7978,7978,0,0,0,0,1.0,1.0,1.0,1.0,1.0,1,0.5697516026343465,44
3177,3,7981,7981,0,0,0,0,1.0,1.0,1.0,1.0,1.0,1,0.6088766928401701,44
3178,3,7984,7984,0,0,0,0,1.0,1.0,1.0,1.0,1.0,1,0.5639483121693303,47
3179,3,7987,7987,0,0,0,0,1.0,1.0,1.0,1.0,1.0,1,0.5417487147444537,48
3180,3,7990,7990,0,0,0,0,1.0,1.0,1.0,1.0,1.0,1,0.522136456060774,48
3181,5,7995,7995,0,0,0,0,1.0,1.0,1.0,1.0,1.0,1,0.5485508869552626,48
3182,6,8001,8001,0,0,0,0,0.9949227162878437,0.987669453841906,0.9949227162878437,0.987669453841906,1.0,1,0.5643187176566782,51
3183,1,8002,8002,0,0,0,0,1.0,1.0,1.0,1.0,1.0,1,0.5650648924340889,50
3184,3,8005,8005,0,0,0,0,0.9894821863493349,0.9749575865460357,0.9894821863493349,0.9749575865460357,1.0,1,0.6049022666191962,50
3185,4,8009,8009,0,0,0,0,0.9826408402121296,0.9603219204848676,0.9826408402121296,0.9603219204848676,1.0,1,0.6492699519503984,48
3186,1,8010,8010,0,0,0,0,1.0,1.0,1.0,1.0,1.0,1,0.643953696008952,48
3187,1,8011,8011,0,0,0,0,1.0,1.0,1.0,1.0,1.0,1,0.6446944250299662,48
3188,1,8012,8012,0,0,0,0,1.0,1.0,1.0,1.0,1.0,1,0.6596419898055239,48
3189,1,8013,8013,0,0,0,0,1.0,1.0,1.0,1.0,1.0,1,0.643885509824144,49
3190,1,8014,8014,0,0,0,0,1.0,1.0,1.0,1.0,1.0,1,0.6247062925145285,51
3191,0,8014,8014,0,0,0,0,1.0,1.0,1.0,1.0,1.0,1,0.6113787373819773,52
3192,0,8014,8014,0,0,0,0,1.0,1.0,1.0,1.0,1.0,1,0.6113787373819773,52
3193,5,8019,8019,0,0,0,0,1.0,1.0,1.0,1.0,1.0,1,0.600654181827821,52
3194,2,8021,8021,0,0,0,0,1.0,1.0,1.0,1.0,1.0,1,0.5624227009084981,54
3195,3,8024,8024,0,0,0,0,1.0,1.0,1.0,1.0,1.0,1,0.5657612266436927,54
3196,3,8027,8027,0,0,0,0,1.0,1.0,1.0,1.0,1.0,1,0.542806766775272,54
3197,1,8028,8028,0,0,0,0,1.0,1.0,1.0,1.0,1.0,1,0.5416180761009801,54
3198,6,8034,8034,0,0,0,0,1.0,1.0,1.0,1.0,1.0,1,0.5465896568433665,54
3199,0,8034,8034,0,0,0,0,1.0,1.0,1.0,1.0,1.0,1,0.5323563949922389,56
3200,5,8039,8039,0,0,0,0,1.0,1.0,1.0,1.0,1.0,1,0.530196376090125,56
3201,1,8040,8040,0,0,0,0,1.0,1.0,1.0,1.0,1.0,1,0.534831361455031,56
3202,3,8043,8043,0,0,0,0,1.0,1.0,1.0,1.0,1.0,1,0.5381344458696776,57
3203,1,8044,8044,0,0,0,0,1.0,1.0,1.0,1.0,1.0,1,0.5361843184185487,56
3204,6,8050,8050,0,0,0,0,1.0,1.0,1.0,1.0,1.0,1,0.5414719114407136,55
3205,3,8053,8053,0,0,0,0,1.0,1.0,1.0,1.0,1.0,1,0.5258419395619789,54
3206,5,8058,8058,0,0,0,0,1.0,1.0,1.0,1.0,1.0,1,0.5255597495083444,56
3207,2,8060,8060,0,0,0,0,1.0,1.0,1.0,1.0,1.0,1,0.548017054732564,54
3208,3,8063,8063,0,0,0,0,1.0,1.0,1.0,1.0,1.0,1,0.547632465688995,53
3209,1,8064,8064,0,0,0,0,1.0,1.0,1.0,1.0,1.0,1,0.5466281706699885,54
3210,1,8065,8065,0,0,0,0,1.0,1.0,1.0,1.0,1.0,1,0.5372277728014265,53
3211,0,8065,8065,0,0,0,0,1.0,1.0,1.0,1.0,1.0,1,0.5372277728014265,53
3212,1,8066,8066,0,0,0,0,1.0,1.0,1.0,1.0,1.0,1,0.5633654917757093,54
3213,0,8066,8066,0,0,0,0,1.0,1.0,1.0,1.0,1.0,1,0.5560786780853987,54
3214,1,8067,8067,0,0,0,0,1.0,1.0,1.0,1.0,1.0,1,0.5428166799993919,55
3215,0,8067,8067,0,0,0,0,1.0,1.0,1.0,1.0,1.0,1,0.5428166799993919,55
3216,2,8069,8069,0,0,0,0,1.0,1.0,1.0,1.0,1.0,1,0.5041066943066503,55
3217,0,8069,8069,0,0,0,0,1.0,1.0,1.0,1.0,1.0,1,0.5075568721815396,54
3218,3,8072,8072,0,0,0,0,1.0,1.0,1.0,1.0,1.0,1,0.4780741671147775,54
3219,6,8078,8078,0,0,0,0,1.0,1.0,1.0,1.0,1.0,1,0.49615654443683915,55
3220,2,8080,8080,0,0,0,0,1.0,1.0,1.0,1.0,1.0,1,0.4992442254773438,56
3221,2,8082,8082,0,0,0,0,1.0,1.0,1.0,1.0,1.0,1,0.4947676359018439,57
3222,3,8085,8085,0,0,0,0,1.0,1.0,1.0,1.0,1.0,1,0.526622378060707,57
3223,3,8088,8088,0,0,0,0,1.0,1.0,1.0,1.0,1.0,1,0.5363155245701658,56
3224,1,8089,8089,0,0,0,0,1.0,1.0,1.0,1.0,1.0,1,0.5329323499503664,58
3225,3,8092,8092,0,0,0,0,1.0,1.0,1.0,1.0,1.0,1,0.540596040650675,55
3226,3,8095,8095,0,0,0,0,1.0,1.0,1.0,1.0,1.0,1,0.5441424003044972,54
3227,3,8098,8098,0,0,0,0,1.0,1.0,1.0,1.0,1.0,1,0.5350331142935569,53
3228,5,8103,8103,0,0,0,0,1.0,1.0,1.0,1.0,1.0,1,0.5349068418328469,52
3229,4,8107,8107,0,0,0,0,1.0,1.0,1.0,1.0,1.0,1,0.5206328942993123,52
3230,3,8110,8110,0,0,0,0,1.0,1.0,1.0,1.0,1.0,1,0.5150370707761317,50
3231,6,8116,8116,0,0,0,0,1.0,1.0,1.0,1.0,1.0,1,0.5320603652409662,50
3232,4,8120,8120,0,0,0,0,1.0,1.0,1.0,1.0,1.0,1,0.5496847339696502,50
3233,4,8124,8124,0,0,0,0,1.0,1.0,1.0,1.0,1.0,1,0.5637794160392515,50
3234,3,8127,8127,0,0,0,0,1.0,1.0,1.0,1.0,1.0,1,0.565082214648049,49
3235,3,8130,8130,0,0,0,0,1.0,1.0,1.0,1.0,1.0,1,0.5278730875686225,49
3236,0,8130,8130,0,0,0,0,1.0,1.0,1.0,1.0,1.0,1,0.5270313912310779,51
3237,3,8133,8133,0,0,0,0,1.0,1.0,1.0,1.0,1.0,1,0.513190975776276,53
3238,0,8133,8133,0,0,0,0,1.0,1.0,1.0,1.0,1.0,1,0.5127969576664734,53
3239,0,8133,8133,0,0,0,0,1.0,1.0,1.0,1.0,1.0,1,0.5127969576664734,53
3240,0,8133,8133,0,0,0,0,1.0,1.0,1.0,1.0,1.0,1,0.5132825952668741,53
3241,0,8133,8133,0,0,0,0,1.0,1.0,1.0,1.0,1.0,1,0.5047972440509386,53
3242,1,8134,8134,0,0,0,0,1.0,1.0,1.0,1.0,1.0,1,0.49668270670356135,53
3243,4,8138,8138,0,0,0,0,1.0,1.0,1.0,1.0,1.0,1,0.5035005427751351,56
3244,2,8140,8140,0,0,0,0,1.0,1.0,1.0,1.0,1.0,1,0.5010981281272533,57
3245,3,8143,8143,0,0,0,0,1.0,1.0,1.0,1.0,1.0,1,0.49493066490861226,59
3246,2,8145,8145,0,0,0,0,1.0,1.0,1.0,1.0,1.0,1,0.49171428718632076,59
3247,2,8147,8147,0,0,0,0,1.0,1.0,1.0,1.0,1.0,1,0.4979915584851649,59
3248,0,8147,8147,0,0,0,0,1.0,1.0,1.0,1.0,1.0,1,0.4979915584851649,59
3249,1,8148,8148,0,0,0,0,1.0,1.0,1.0,1.0,1.0,1,0.5011345832410901,58
3250,1,8149,8149,0,0,0,0,1.0,1.0,1.0,1.0,1.0,1,0.5058259883691586,58
3251,0,8149,8149,0,0,0,0,1.0,1.0,1.0,1.0,1.0,1,0.5158913941144042,57
3252,0,8149,8149,0,0,0,0,1.0,1.0,1.0,1.0,1.0,1,0.519991790557717,57
3253,2,8151,8151,0,0,0,0,1.0,1.0,1.0,1.0,1.0,1,0.5149589098794499,56
3254,1,8152,8152,0,0,0,0,1.0,1.0,1.0,1.0,1.0,1,0.5202074998081978,57
3255,3,8155,8155,0,0,0,0,1.0,1.0,1.0,1.0,1.0,1,0.5262470925433389,57
3256,1,8156,8156,0,0,0,0,1.0,1.0,1.0,1.0,1.0,1,0.5379263862757172,57
3257,5,8161,8161,0,0,0,0,1.0,1.0,1.0,1.0,1.0,1,0.5461087340545225,57
3258,3,8164,8164,0,0,0,0,1.0,1.0,1.0,1.0,1.0,1,0.5633436934035486,58
3259,12,8176,8176,0,0,0,0,0.9542070447181644,0.8874256515988209,0.9542070447181644,0.8874256515988209,1.0,1,0.5724515589324323,59
3260,5,8181,8181,0,0,0,0,0.9814786559931562,0.949487243617699,0.9814786559931562,0.949487243617699,1.0,1,0.5619102576698595,60
3261,12,8193,8193,0,0,0,0,0.9649327575298625,0.9085202370344243,0.9649327575298625,0.9085202370344243,1.0,1,0.5682136001796437,60
3262,8,8201,8201,0,0,0,0,0.9855450497226511,0.9599203651400783,0.9855450497226511,0.9599203651400783,1.0,1,0.5550966481274724,61
3263,8,8209,8209,0,0,0,0,0.9919156682044921,0.9772168831217506,0.9919156682044921,0.9772168831217506,1.0,1,0.5696155769303912,62
3264,8,8217,8217,0,0,0,0,1.0,1.0,1.0,1.0,1.0,1,0.5458011731028735,60
3265,3,8220,8220,0,0,0,0,1.0,1.0,1.0,1.0,1.0,1,0.5641124654986922,58
3266,7,8227,8227,0,0,0,0,1.0,1.0,1.0,1.0,1.0,1,0.5400943511717248,59
3267,2,8229,8229,0,0,0,0,1.0,1.0,1.0,1.0,1.0,1,0.5384168404374229,60
3268,2,8231,8231,0,0,0,0,1.0,1.0,1.0,1.0,1.0,1,0.531624794221406,58
3269,2,8233,8233,0,0,0,0,1.0,1.0,1.0,1.0,1.0,1,0.5608764041028488,57
3270,2,8235,8235,0,0,0,0,1.0,1.0,1.0,1.0,1.0,1,0.5583837509041049,56
3271,2,8237,8237,0,0,0,0,1.0,1.0,1.0,1.0,1.0,1,0.5596876413266746,55
3272,1,8238,8238,0,0,0,0,1.0,1.0,1.0,1.0,1.0,1,0.5566622628208421,55
3273,3,8241,8241,0,0,0,0,1.0,1.0,1.0,1.0,1.0,1,0.5536530209096682,55
3274,5,8246,8246,0,0,0,0,1.0,1.0,1.0,1.0,1.0,1,0.5593402199935205,55
3275,3,8249,8249,0,0,0,0,1.0,1.0,1.0,1.0,1.0,1,0.5378499119134752,55
3276,0,8249,8249,0,0,0,0,1.0,1.0,1.0,1.0,1.0,1,0.5233108876264261,55
3277,3,8252,8252,0,0,0,0,1.0,1.0,1.0,1.0,1.0,1,0.5437988516814461,57
3278,0,8252,8252,0,0,0,0,1.0,1.0,1.0,1.0,1.0,1,0.5476086721349909,56
3279,2,8254,8254,0,0,0,0,1.0,1.0,1.0,1.0,1.0,1,0.5335275550919639,54
3280,2,8256,8256,0,0,0,0,1.0,1.0,1.0,1.0,1.0,1,0.5530561238823831,53
3281,0,8256,8256,0,0,0,0,1.0,1.0,1.0,1.0,1.0,1,0.5428230745822246,52
3282,3,8259,8259,0,0,0,0,1.0,1.0,1.0,1.0,1.0,1,0.5520218555406635,50
3283,5,8264,8264,0,0,0,0,1.0,1.0,1.0,1.0,1.0,1,0.5674335507479545,50
3284,6,8270,8270,0,0,0,0,1.0,1.0,1.0,1.0,1.0,1,0.6014068168777276,47
3285,8,8278,8278,0,0,0,0,1.0,1.0,1.0,1.0,1.0,1,0.5845194731986816,48
3286,6,8284,8284,0,0,0,0,1.0,1.0,1.0,1.0,1.0,1,0.5594186355431817,46
3287,10,8294,8294,0,0,0,0,0.9749811246505093,0.9476878060874286,0.9749811246505093,0.9476878060874286,1.0,1,0.6070930470311825,46
3288,5,8299,8299,0,0,0,0,1.0,1.0,1.0,1.0,1.0,1,0.5758442551756806,46
3289,7,8306,8306,0,0,0,0,1.0,1.0,1.0,1.0,1.0,1,0.5260589303968736,48
3290,4,8310,8310,0,0,0,0,0.985697637134289,0.9687948446566309,0.985697637134289,0.9687948446566309,1.0,1,0.5878988483879707,48
3291,2,8312,8312,0,0,0,0,0.9925248884337806,0.9830111100767741,0.9925248884337806,0.9830111100767741,1.0,1,0.5642855403514777,50
3292,3,8315,8315,0,0,0,0,1.0,1.0,1.0,1.0,1.0,1,0.5432410126635501,50
3293,6,8321,8321,0,0,0,0,1.0,1.0,1.0,1.0,1.0,1,0.5378717195523284,51
3294,2,8323,8323,0,0,0,0,1.0,1.0,1.0,1.0,1.0,1,0.5508738815282148,50
3295,2,8325,8325,0,0,0,0,1.0,1.0,1.0,1.0,1.0,1,0.5618015016107727,50
3296,2,8327,8327,0,0,0,0,1.0,1.0,1.0,1.0,1.0,1,0.5450739220957684,50
3297,3,8330,8330,0,0,0,0,1.0,1.0,1.0,1.0,1.0,1,0.5443923694378886,51
3298,4,8334,8334,0,0,0,0,1.0,1.0,1.0,1.0,1.0,1,0.5340645973259707,52
3299,6,8340,8340,0,0,0,0,1.0,1.0,1.0,1.0,1.0,1,0.4927469797315976,53
3300,3,8343,8343,0,0,0,0,1.0,1.0,1.0,1.0,1.0,1,0.5018304226307044,53
3301,1,8344,8344,0,0,0,0,1.0,1.0,1.0,1.0,1.0,1,0.4904163880123359,53
3302,3,8347,8347,0,0,0,0,1.0,1.0,1.0,1.0,1.0,1,0.5022152503683446,53
3303,3,8350,8350,0,0,0,0,1.0,1.0,1.0,1.0,1.0,1,0.5029683858050847,52
3304,4,8354,8354,0,0,0,0,1.0,1.0,1.0,1.0,1.0,1,0.5333823952813018,52
3305,5,8359,8359,0,0,0,0,1.0,1.0,1.0,1.0,1.0,1,0.5266717976360694,51
3306,1,8360,8360,0,0,0,0,1.0,1.0,1.0,1.0,1.0,1,0.5488603134047912,51
3307,5,8365,8365,0,0,0,0,1.0,1.0,1.0,1.0,1.0,1,0.609593861615005,48
3308,1,8366,8366,0,0,0,0,1.0,1.0,1.0,1.0,1.0,1,0.6228027368153702,48
3309,2,8368,8368,0,0,0,0,1.0,1.0,1.0,1.0,1.0,1,0.641767819807144,48
3310,3,8371,8371,0,0,0,0,1.0,1.0,1.0,1.0,1.0,1,0.6515771634320461,47
3311,3,8374,8374,0,0,0,0,1.0,1.0,1.0,1.0,1.0,1,0.6531195129987223,49
3312,2,8376,8376,0,0,0,0,1.0,1.0,1.0,1.0,1.0,1,0.6518626866338778,48
3313,1,8377,8377,0,0,0,0,0.9904038313536426,0.9776089398251664,0.9904038313536426,0.9776089398251664,1.0,1,0.6693127513337717,49
3314,2,8379,8379,0,0,0,0,0.9899954837516701,0.9776089398251664,0.9899954837516701,0.9776089398251664,1.0,1,0.6989338102559748,47
3315,1,8380,8380,0,0,0,0,0.9899954837516702,0.9776089398251664,0.9899954837516702,0.9776089398251664,1.0,1,0.6956914958530589,47
3316,2,8382,8382,0,0,0,0,0.9899954837516699,0.9776089398251664,0.9899954837516699,0.9776089398251664,1.0,1,0.6677530976497117,47
3317,4,8386,8386,0,0,0,0,1.0,1.0,1.0,1.0,1.0,1,0.6330170729652047,46
3318,3,8389,8389,0,0,0,0,1.0,1.0,1.0,1.0,1.0,1,0.6338038522644542,45
3319,1,8390,8390,0,0,0,0,1.0,1.0,1.0,1.0,1.0,1,0.6293243662898508,44
3320,2,8392,8392,0,0,0,0,1.0,1.0,1.0,1.0,1.0,1,0.6363872386391498,43
3321,4,8396,8396,0,0,0,0,1.0,1.0,1.0,1.0,1.0,1,0.6784648395257885,43
3322,1,8397,8397,0,0,0,0,1.0,1.0,1.0,1.0,1.0,1,0.6743700956828278,40
3323,3,8400,8400,0,0,0,0,1.0,1.0,1.0,1.0,1.0,1,0.6848037328084282,40
3324,5,8405,8405,0,0,0,0,1.0,1.0,1.0,1.0,1.0,1,0.6122202410542016,40
3325,2,8407,8407,0,0,0,0,1.0,1.0,1.0,1.0,1.0,1,0.608488455496812,40
3326,4,8411,8411,0,0,0,0,1.0,1.0,1.0,1.0,1.0,1,0.5830489299852573,41
3327,1,8412,8412,0,0,0,0,1.0,1.0,1.0,1.0,1.0,1,0.5714392182882371,39
3328,5,8417,8417,0,0,0,0,1.0,1.0,1.0,1.0,1.0,1,0.5382177284365972,41
3329,1,8418,8418,0,0,0,0,1.0,1.0,1.0,1.0,1.0,1,0.5376068997494311,39
3330,3,8421,8421,0,0,0,0,1.0,1.0,1.0,1.0,1.0,1,0.549728278822734,40
3331,0,8421,8421,0,0,0,0,1.0,1.0,1.0,1.0,1.0,1,0.5363795777298282,38
3332,2,8423,8423,0,0,0,0,1.0,1.0,1.0,1.0,1.0,1,0.5594416998869064,38
3333,2,8425,8425,0,0,0,0,1.0,1.0,1.0,1.0,1.0,1,0.5900511234798156,38
3334,2,8427,8427,0,0,0,0,1.0,1.0,1.0,1.0,1.0,1,0.5997647289894459,40
3335,2,8429,8429,0,0,0,0,1.0,1.0,1.0,1.0,1.0,1,0.6645990319470265,40
3336,3,8432,8432,0,0,0,0,1.0,1.0,1.0,1.0,1.0,1,0.717393009196516,39
3337,1,8433,8433,0,0,0,0,1.0,1.0,1.0,1.0,1.0,1,0.7081888807295269,40
3338,2,8435,8435,0,0,0,0,1.0,1.0,1.0,1.0,1.0,1,0.7295692923572914,41
3339,3,8438,8438,0,0,0,0,0.9850221511344159,0.9737887644852279,0.9850221511344159,0.9737887644852279,1.0,1,0.6944051008656753,42
3340,4,8442,8442,0,0,0,0,0.9853704732010574,0.9737887644852279,0.9853704732010574,0.9737887644852279,1.0,1,0.6902228795681211,43
3341,1,8443,8443,0,0,0,0,0.9853704732010574,0.9737887644852279,0.9853704732010574,0.9737887644852279,1.0,1,0.7009797665365407,43
3342,0,8443,8443,0,0,0,0,0.9591009591383927,0.9280176880835711,0.9591009591383927,0.9280176880835711,1.0,1,0.7057663210758506,44
3343,1,8444,8444,0,0,0,0,0.9591009591383927,0.9280176880835711,0.9591009591383927,0.9280176880835711,1.0,1,0.7137145338247393,44
3344,1,8445,8445,0,0,0,0,0.9297879016535806,0.8811795258752904,0.9297879016535806,0.8811795258752904,1.0,1,0.7151245222627499,44
3345,0,8445,8445,0,0,0,0,0.9281550621571525,0.8811795258752904,0.9281550621571525,0.8811795258752904,1.0,1,0.7194474638937353,43
3346,0,8445,8445,0,0,0,0,0.9264444683989892,0.8811795258752904,0.9264444683989892,0.8811795258752904,1.0,1,0.7318118142151162,42
3347,1,8446,8446,0,0,0,0,0.9297879016535806,0.8811795258752904,0.9297879016535806,0.8811795258752904,1.0,1,0.7194681605442379,44
3348,1,8447,8447,0,0,0,0,0.911215599366399,0.8520259989439981,0.911215599366399,0.8520259989439981,1.0,1,0.7290367945173782,45
3349,0,8447,8447,0,0,0,0,0.9112155993663988,0.8520259989439981,0.9112155993663988,0.8520259989439981,1.0,1,0.7290367945173782,45
3350,2,8449,8449,0,0,0,0,0.9131456950323468,0.8520259989439981,0.9131456950323468,0.8520259989439981,1.0,1,0.6994283303801323,46
3351,1,8450,8450,0,0,0,0,0.9149936589678288,0.8520259989439981,0.9149936589678288,0.8520259989439981,1.0,1,0.6757371500806623,47
3352,3,8453,8453,0,0,0,0,0.89405918095715,0.8221707680352159,0.89405918095715,0.8221707680352159,1.0,1,0.6903924564191286,47
3353,2,8455,8455,0,0,0,0,0.8495390353764604,0.7592624566023366,0.8495390353764604,0.7592624566023366,1.0,1,0.7128207865266398,48
3354,1,8456,8456,0,0,0,0,0.8495390353764604,0.7592624566023366,0.8495390353764604,0.7592624566023366,1.0,1,0.7242244573577703,48
3355,1,8457,8457,0,0,0,0,0.86578202719223,0.777846113973346,0.86578202719223,0.777846113973346,1.0,1,0.6915969955187973,48
3356,0,8457,8457,0,0,0,0,0.888050586806624,0.8080867202399269,0.888050586806624,0.8080867202399269,1.0,1,0.6803518672462093,48
3357,0,8457,8457,0,0,0,0,0.9123264007957487,0.8473829939777846,0.9123264007957487,0.8473829939777846,1.0,1,0.6748652575682889,47
3358,1,8458,8458,0,0,0,0,0.8898832110127574,0.8190938466638157,0.8898832110127574,0.8190938466638157,1.0,1,0.6936716409576331,46
3359,1,8459,8459,0,0,0,0,0.8862796765683797,0.8172351944848959,0.8862796765683797,0.8172351944848959,1.0,1,0.6980857034080177,45
3360,4,8463,8463,0,0,0,0,0.9349737204328996,0.8899555268864454,0.9349737204328996,0.8899555268864454,1.0,1,0.6550080393620757,44
3361,2,8465,8465,0,0,0,0,0.9486297003212238,0.911643084552505,0.9486297003212238,0.911643084552505,1.0,1,0.6518947666505064,43
3362,3,8468,8468,0,0,0,0,1.0,1.0,1.0,1.0,1.0,1,0.6275640654481272,42
3363,5,8473,8473,0,0,0,0,1.0,1.0,1.0,1.0,1.0,1,0.610875430496397,41
3364,6,8479,8479,0,0,0,0,1.0,1.0,1.0,1.0,1.0,1,0.5919077900137603,41
3365,3,8482,8482,0,0,0,0,1.0,1.0,1.0,1.0,1.0,1,0.5751428561032125,41
3366,5,8487,8487,0,0,0,0,1.0,1.0,1.0,1.0,1.0,1,0.5848290325988925,40
3367,1,8488,8488,0,0,0,0,1.0,1.0,1.0,1.0,1.0,1,0.6238626136702358,39
3368,2,8490,8490,0,0,0,0,1.0,1.0,1.0,1.0,1.0,1,0.6073326443757785,39
3369,4,8494,8494,0,0,0,0,1.0,1.0,1.0,1.0,1.0,1,0.6334359251906732,40
3370,4,8498,8498,0,0,0,0,1.0,1.0,1.0,1.0,1.0,1,0.6075865189270996,41
3371,2,8500,8500,0,0,0,0,1.0,1.0,1.0,1.0,1.0,1,0.5813428638603525,41
3372,1,8501,8501,0,0,0,0,1.0,1.0,1.0,1.0,1.0,1,0.5938789724852822,40
3373,0,8501,8501,0,0,0,0,1.0,1.0,1.0,1.0,1.0,1,0.595177426055604,41
3374,2,8503,8503,0,0,0,0,1.0,1.0,1.0,1.0,1.0,1,0.5908863401466365,42
3375,1,8504,8504,0,0,0,0,1.0,1.0,1.0,1.0,1.0,1,0.5985235515582981,44
3376,3,8507,8507,0,0,0,0,1.0,1.0,1.0,1.0,1.0,1,0.6008064034757334,46
3377,0,8507,8507,0,0,0,0,1.0,1.0,1.0,1.0,1.0,1,0.6019267263518876,47
3378,4,8511,8511,0,0,0,0,1.0,1.0,1.0,1.0,1.0,1,0.5538925269141173,48
3379,3,8514,8514,0,0,0,0,1.0,1.0,1.0,1.0,1.0,1,0.5825053593380219,48
3380,2,8516,8516,0,0,0,0,1.0,1.0,1.0,1.0,1.0,1,0.6104420754597586,48
3381,3,8519,8519,0,0,0,0,1.0,1.0,1.0,1.0,1.0,1,0.657957471710857,48
3382,4,8523,8523,0,0,0,0,1.0,1.0,1.0,1.0,1.0,1,0.6503553125088011,49
3383,1,8524,8524,0,0,0,0,1.0,1.0,1.0,1.0,1.0,1,0.6678953438503401,47
3384,3,8527,8527,0,0,0,0,0.9908030716161634,0.9789784494083738,0.9908030716161634,0.9789784494083738,1.0,1,0.6823346598750527,48
3385,0,8527,8527,0,0,0,0,0.9906073922888478,0.9789784494083738,0.9906073922888478,0.9789784494083738,1.0,1,0.679653012119515,47
3386,2,8529,8529,0,0,0,0,0.9377519569026047,0.8729102453428177,0.9377519569026047,0.8729102453428177,1.0,1,0.6861674828229729,49
3387,1,8530,8530,0,0,0,0,0.9099489208036777,0.8271019279430614,0.9099489208036777,0.8271019279430614,1.0,1,0.6971948304694255,48
3388,0,8530,8530,0,0,0,0,0.9099489208036778,0.8271019279430614,0.9099489208036778,0.8271019279430614,1.0,1,0.6971948304694255,48
3389,0,8530,8530,0,0,0,0,0.8916847538932643,0.7917014497947391,0.8916847538932643,0.7917014497947391,1.0,1,0.6890950683928116,50
3390,0,8530,8530,0,0,0,0,0.8938085822482984,0.7917014497947391,0.8938085822482984,0.7917014497947391,1.0,1,0.6749718898223883,51
3391,1,8531,8531,0,0,0,0,0.8938085822482984,0.7917014497947391,0.8938085822482984,0.7917014497947391,1.0,1,0.686657260474299,51
3392,1,8532,8532,0,0,0,0,0.8991691597647378,0.7983383195294755,0.8991691597647378,0.7983383195294755,1.0,1,0.6867916801411926,52
3393,1,8533,8533,0,0,0,0,0.9453911456274173,0.8816808155260709,0.9453911456274173,0.8816808155260709,1.0,1,0.6679137311700762,52
3394,0,8533,8533,0,0,0,0,0.9453911456274173,0.8816808155260709,0.9453911456274173,0.8816808155260709,1.0,1,0.6679137311700762,52
3395,2,8535,8535,0,0,0,0,0.9901423512041561,0.9775962527367184,0.9901423512041561,0.9775962527367184,1.0,1,0.664575567682026,50
3396,0,8535,8535,0,0,0,0,1.0,1.0,1.0,1.0,1.0,1,0.6598982338032308,49
3397,2,8537,8537,0,0,0,0,1.0,1.0,1.0,1.0,1.0,1,0.6604890060641483,49
3398,2,8539,8539,0,0,0,0,1.0,1.0,1.0,1.0,1.0,1,0.6692177434677741,48
3399,2,8541,8541,0,0,0,0,1.0,1.0,1.0,1.0,1.0,1,0.6566110548009024,49
3400,3,8544,8544,0,0,0,0,1.0,1.0,1.0,1.0,1.0,1,0.6761157278906613,50
3401,2,8546,8546,0,0,0,0,0.9953595574117257,0.9892426103635459,0.9953595574117257,0.9892426103635459,1.0,1,0.6811643761414866,51
3402,1,8547,8547,0,0,0,0,0.9811519974412208,0.9582066030218376,0.9811519974412208,0.9582066030218376,1.0,1,0.6841727876327222,51
3403,1,8548,8548,0,0,0,0,0.9595800303990257,0.9141075645979297,0.9595800303990257,0.9141075645979297,1.0,1,0.688798791852868,51
3404,1,8549,8549,0,0,0,0,0.9595800303990257,0.9141075645979297,0.9595800303990257,0.9141075645979297,1.0,1,0.6774932468803753,51
3405,1,8550,8550,0,0,0,0,0.9595800303990257,0.9141075645979297,0.9595800303990257,0.9141075645979297,1.0,1,0.6738954415836517,51
3406,2,8552,8552,0,0,0,0,0.9595800303990257,0.9141075645979297,0.9595800303990257,0.9141075645979297,1.0,1,0.6690737497554758,51
3407,0,8552,8552,0,0,0,0,0.9461691853407639,0.8880319055087891,0.9461691853407639,0.8880319055087891,1.0,1,0.6719652596408742,52
3408,1,8553,8553,0,0,0,0,0.9286386201072311,0.854532571757048,0.9286386201072311,0.854532571757048,1.0,1,0.6650085231978454,53
3409,1,8554,8554,0,0,0,0,0.9299601271422824,0.854532571757048,0.9299601271422824,0.854532571757048,1.0,1,0.6457753397943262,54
3410,1,8555,8555,0,0,0,0,0.9299601271422824,0.854532571757048,0.9299601271422824,0.854532571757048,1.0,1,0.6545897494048675,54
3411,3,8558,8558,0,0,0,0,0.9738756618690713,0.9412202392054102,0.9738756618690713,0.9412202392054102,1.0,1,0.6409461641846864,54
3412,2,8560,8560,0,0,0,0,0.9683192890861669,0.927398370822466,0.9683192890861669,0.927398370822466,1.0,1,0.6318087931447883,55
3413,6,8566,8566,0,0,0,0,0.9650884745209312,0.9199944207771339,0.9650884745209312,0.9199944207771339,1.0,1,0.6323333568289208,55
3414,9,8575,8575,0,0,0,0,0.9769197045032204,0.9448079890294402,0.9769197045032204,0.9448079890294402,1.0,1,0.596170512714677,55
3415,6,8581,8581,0,0,0,0,0.9755468405233595,0.9404618725786146,0.9755468405233595,0.9404618725786146,1.0,1,0.6065431020917967,56
3416,7,8588,8588,0,0,0,0,0.9720026355716829,0.9330497807148936,0.9720026355716829,0.9330497807148936,1.0,1,0.5957553897876521,55
3417,7,8595,8595,0,0,0,0,0.9871885639348411,0.9673890718341412,0.9871885639348411,0.9673890718341412,1.0,1,0.5768711858113644,56
3418,6,8601,8601,0,0,0,0,0.9693943171201321,0.9268124974611855,0.9693943171201321,0.9268124974611855,1.0,1,0.6216369537276951,55
3419,5,8606,8606,0,0,0,0,0.9640520378283156,0.9124745268863338,0.9640520378283156,0.9124745268863338,1.0,1,0.5962544413359718,56
3420,4,8610,8610,0,0,0,0,0.9397633571763849,0.8619576935292151,0.9397633571763849,0.8619576935292151,1.0,1,0.6251253275290318,55
3421,5,8615,8615,0,0,0,0,0.9038244350730691,0.7891535691986516,0.9038244350730691,0.7891535691986516,1.0,1,0.6407103304235445,57
3422,0,8615,8615,0,0,0,0,0.9021070142708025,0.7891535691986516,0.9021070142708025,0.7891535691986516,1.0,1,0.6467575466469853,56
3423,5,8620,8620,0,0,0,0,0.9021070142708025,0.7891535691986516,0.9021070142708025,0.7891535691986516,1.0,1,0.6402199322586701,56
3424,3,8623,8623,0,0,0,0,0.9021070142708025,0.7891535691986516,0.9021070142708025,0.7891535691986516,1.0,1,0.6469212447044095,56
3425,5,8628,8628,0,0,0,0,0.8865501210859225,0.764696547437469,0.8865501210859225,0.764696547437469,1.0,1,0.6258468263726463,56
3426,2,8630,8630,0,0,0,0,0.8844873960147575,0.764696547437469,0.8844873960147575,0.764696547437469,1.0,1,0.620716590000246,55
3427,1,8631,8631,0,0,0,0,0.8631285510251498,0.7311453680851159,0.8631285510251498,0.7311453680851159,1.0,1,0.647149251882453,55
3428,1,8632,8632,0,0,0,0,0.8631285510251498,0.7311453680851159,0.8631285510251498,0.7311453680851159,1.0,1,0.6544570807664388,55
3429,1,8633,8633,0,0,0,0,0.8605938945626527,0.7311453680851159,0.8605938945626527,0.7311453680851159,1.0,1,0.6797437313730983,54
3430,2,8635,8635,0,0,0,0,0.8472874586440202,0.705106816691901,0.8472874586440202,0.705106816691901,1.0,1,0.6922744511549515,56
3431,0,8635,8635,0,0,0,0,0.8744936715891823,0.7489873431783645,0.8744936715891823,0.7489873431783645,1.0,1,0.6859474762197789,54
3432,2,8637,8637,0,0,0,0,0.8641388586642004,0.7282777173284007,0.8641388586642004,0.7282777173284007,1.0,1,0.691443941958657,56
3433,1,8638,8638,0,0,0,0,0.8788136555806508,0.7621156942879441,0.8788136555806508,0.7621156942879441,1.0,1,0.7006123750872949,53
3434,2,8640,8640,0,0,0,0,0.9188770857203333,0.83450925486948,0.9188770857203333,0.83450925486948,1.0,1,0.7005644306729722,51
3435,0,8640,8640,0,0,0,0,0.9188770857203334,0.83450925486948,0.9188770857203334,0.83450925486948,1.0,1,0.7005644306729722,51
3436,4,8644,8644,0,0,0,0,0.9748486388459336,0.9416945718701191,0.9748486388459336,0.9416945718701191,1.0,1,0.6624900916517211,51
3437,4,8648,8648,0,0,0,0,1.0,1.0,1.0,1.0,1.0,1,0.6340607842711299,53
3438,2,8650,8650,0,0,0,0,1.0,1.0,1.0,1.0,1.0,1,0.6006902765508215,52
3439,7,8657,8657,0,0,0,0,1.0,1.0,1.0,1.0,1.0,1,0.5749012371646991,54
3440,2,8659,8659,0,0,0,0,1.0,1.0,1.0,1.0,1.0,1,0.5687573949575814,52
3441,6,8665,8665,0,0,0,0,1.0,1.0,1.0,1.0,1.0,1,0.5469377209725101,53
3442,3,8668,8668,0,0,0,0,1.0,1.0,1.0,1.0,1.0,1,0.5518684741244674,53
3443,6,8674,8674,0,0,0,0,1.0,1.0,1.0,1.0,1.0,1,0.5535073071649641,53
3444,6,8680,8680,0,0,0,0,1.0,1.0,1.0,1.0,1.0,1,0.5581217827265176,52
3445,6,8686,8686,0,0,0,0,0.9928306997364341,0.9827285039105005,0.9928306997364341,0.9827285039105005,1.0,1,0.5858387338055908,53
3446,6,8692,8692,0,0,0,0,1.0,1.0,1.0,1.0,1.0,1,0.5868288210885669,53
3447,5,8697,8697,0,0,0,0,1.0,1.0,1.0,1.0,1.0,1,0.5955545744922515,53
3448,4,8701,8701,0,0,0,0,1.0,1.0,1.0,1.0,1.0,1,0.6158383361017364,52
3449,4,8705,8705,0,0,0,0,1.0,1.0,1.0,1.0,1.0,1,0.6242284743769446,52
3450,2,8707,8707,0,0,0,0,1.0,1.0,1.0,1.0,1.0,1,0.6194216859814933,52
3451,5,8712,8712,0,0,0,0,1.0,1.0,1.0,1.0,1.0,1,0.609368892146795,54
3452,3,8715,8715,0,0,0,0,1.0,1.0,1.0,1.0,1.0,1,0.6072276711532941,54
3453,2,8717,8717,0,0,0,0,1.0,1.0,1.0,1.0,1.0,1,0.5909183776723486,54
3454,4,8721,8721,0,0,0,0,0.9832855871027844,0.9585773245590742,0.9832855871027844,0.9585773245590742,1.0,1,0.5898848343818124,57
3455,2,8723,8723,0,0,0,0,0.9832855871027842,0.9585773245590742,0.9832855871027842,0.9585773245590742,1.0,1,0.6056351435309193,57
3456,1,8724,8724,0,0,0,0,0.9675392585898511,0.9215532082588069,0.9675392585898511,0.9215532082588069,1.0,1,0.6150062024089341,58
3457,1,8725,8725,0,0,0,0,0.9534814980641879,0.8939378155863487,0.9534814980641879,0.8939378155863487,1.0,1,0.6317146834466558,57
3458,2,8727,8727,0,0,0,0,0.9534814980641879,0.8939378155863487,0.9534814980641879,0.8939378155863487,1.0,1,0.6436664509697295,57
3459,3,8730,8730,0,0,0,0,0.9534814980641879,0.8939378155863487,0.9534814980641879,0.8939378155863487,1.0,1,0.6212854448929667,57
3460,3,8733,8733,0,0,0,0,0.9542835412010123,0.8939378155863487,0.9542835412010123,0.8939378155863487,1.0,1,0.6385868748418151,58
3461,4,8737,8737,0,0,0,0,0.9486354242705053,0.8787796012783926,0.9486354242705053,0.8787796012783926,1.0,1,0.6182859327235195,59
3462,7,8744,8744,0,0,0,0,0.9628837002897809,0.9087557632123782,0.9628837002897809,0.9087557632123782,1.0,1,0.5957002804719188,59
3463,4,8748,8748,0,0,0,0,0.984863530611947,0.9611716654828206,0.984863530611947,0.9611716654828206,1.0,1,0.6002530373247503,59
3464,3,8751,8751,0,0,0,0,0.971757609344363,0.9305707896382257,0.971757609344363,0.9305707896382257,1.0,1,0.6092923706235962,59
3465,5,8756,8756,0,0,0,0,0.9872277163462978,0.9683469492060424,0.9872277163462978,0.9683469492060424,1.0,1,0.6136190682315135,57
3466,4,8760,8760,0,0,0,0,0.9872277163462978,0.9683469492060424,0.9872277163462978,0.9683469492060424,1.0,1,0.6044952275462481,57
3467,4,8764,8764,0,0,0,0,0.9887016351316118,0.9719997044566031,0.9887016351316118,0.9719997044566031,1.0,1,0.5938713681179918,57
3468,4,8768,8768,0,0,0,0,1.0,1.0,1.0,1.0,1.0,1,0.5740943377536472,57
3469,6,8774,8774,0,0,0,0,1.0,1.0,1.0,1.0,1.0,1,0.5878484098949449,53
3470,1,8775,8775,0,0,0,0,1.0,1.0,1.0,1.0,1.0,1,0.6137431021080826,50
3471,4,8779,8779,0,0,0,0,1.0,1.0,1.0,1.0,1.0,1,0.6035019785821817,49
3472,5,8784,8784,0,0,0,0,1.0,1.0,1.0,1.0,1.0,1,0.6030349741716244,47
3473,5,8789,8789,0,0,0,0,1.0,1.0,1.0,1.0,1.0,1,0.6292125232028146,45
3474,3,8792,8792,0,0,0,0,1.0,1.0,1.0,1.0,1.0,1,0.6309615692199063,42
3475,4,8796,8796,0,0,0,0,1.0,1.0,1.0,1.0,1.0,1,0.6440838242684782,43
3476,2,8798,8798,0,0,0,0,1.0,1.0,1.0,1.0,1.0,1,0.6744264518632224,41
3477,3,8801,8801,0,0,0,0,1.0,1.0,1.0,1.0,1.0,1,0.6352257715307744,42
3478,4,8805,8805,0,0,0,0,1.0,1.0,1.0,1.0,1.0,1,0.5963369517732859,40
3479,2,8807,8807,0,0,0,0,1.0,1.0,1.0,1.0,1.0,1,0.5655768949034008,40
3480,1,8808,8808,0,0,0,0,1.0,1.0,1.0,1.0,1.0,1,0.5555042600022433,40
3481,3,8811,8811,0,0,0,0,1.0,1.0,1.0,1.0,1.0,1,0.5642887499169637,40
3482,3,8814,8814,0,0,0,0,1.0,1.0,1.0,1.0,1.0,1,0.562629817938966,40
3483,3,8817,8817,0,0,0,0,1.0,1.0,1.0,1.0,1.0,1,0.6298712734283565,39
3484,3,8820,8820,0,0,0,0,1.0,1.0,1.0,1.0,1.0,1,0.6561438045307237,39
3485,0,8820,8820,0,0,0,0,1.0,1.0,1.0,1.0,1.0,1,0.6632643816973398,40
3486,0,8820,8820,0,0,0,0,1.0,1.0,1.0,1.0,1.0,1,0.6406635501518617,41
3487,0,8820,8820,0,0,0,0,0.9876768211878341,0.9770340758500541,0.9876768211878341,0.9770340758500541,1.0,1,0.6571371929021249,41
3488,1,8821,8821,0,0,0,0,0.9879702302071713,0.9770340758500541,0.9879702302071713,0.9770340758500541,1.0,1,0.6625186291383156,42
3489,0,8821,8821,0,0,0,0,0.988517037925027,0.9770340758500541,0.988517037925027,0.9770340758500541,1.0,1,0.6237689937095398,44
3490,2,8823,8823,0,0,0,0,0.988517037925027,0.9770340758500541,0.988517037925027,0.9770340758500541,1.0,1,0.6049067197333556,44
3491,3,8826,8826,0,0,0,0,0.9640284796885259,0.9296209385210289,0.9640284796885259,0.9296209385210289,1.0,1,0.6193188196668724,45
3492,0,8826,8826,0,0,0,0,0.9640284796885259,0.9296209385210289,0.9640284796885259,0.9296209385210289,1.0,1,0.6193188196668724,45
3493,2,8828,8828,0,0,0,0,0.9640284796885259,0.9296209385210289,0.9640284796885259,0.9296209385210289,1.0,1,0.6227918582350488,45
3494,1,8829,8829,0,0,0,0,0.941566221695269,0.8904366656786294,0.941566221695269,0.8904366656786294,1.0,1,0.6276786939108884,45
3495,1,8830,8830,0,0,0,0,0.941566221695269,0.8904366656786294,0.941566221695269,0.8904366656786294,1.0,1,0.6189837292563718,45
3496,0,8830,8830,0,0,0,0,0.921942640234614,0.8563744580316898,0.921942640234614,0.8563744580316898,1.0,1,0.6223299229330601,46
3497,0,8830,8830,0,0,0,0,0.9236034351232393,0.8563744580316898,0.9236034351232393,0.8563744580316898,1.0,1,0.6137635408964426,47
3498,1,8831,8831,0,0,0,0,0.9074571008694011,0.8291515708358174,0.9074571008694011,0.8291515708358174,1.0,1,0.6151465339280416,48
3499,2,8833,8833,0,0,0,0,0.9054881030155586,0.8291515708358174,0.9054881030155586,0.8291515708358174,1.0,1,0.6497313822977713,47
3500,1,8834,8834,0,0,0,0,0.8949754025704486,0.80551000476009,0.8949754025704486,0.80551000476009,1.0,1,0.6453689933479041,50
3501,1,8835,8835,0,0,0,0,0.8949754025704486,0.80551000476009,0.8949754025704486,0.80551000476009,1.0,1,0.660471382697667,50
3502,1,8836,8836,0,0,0,0,0.8949754025704486,0.80551000476009,0.8949754025704486,0.80551000476009,1.0,1,0.6832955688225546,50
3503,1,8837,8837,0,0,0,0,0.8949754025704486,0.80551000476009,0.8949754025704486,0.80551000476009,1.0,1,0.6883730442393147,50
3504,1,8838,8838,0,0,0,0,0.8882717048621793,0.80551000476009,0.8882717048621793,0.80551000476009,1.0,1,0.6995538375075432,47
3505,2,8840,8840,0,0,0,0,0.8686950194922521,0.7749057477010038,0.8686950194922521,0.7749057477010038,1.0,1,0.713147727298275,48
3506,4,8844,8844,0,0,0,0,0.8122217906344632,0.703189281970603,0.8122217906344632,0.703189281970603,1.0,1,0.7268938921007283,49
3507,0,8844,8844,0,0,0,0,0.8500370517977395,0.7621277373343451,0.8500370517977395,0.7621277373343451,1.0,1,0.7202136555509739,46
3508,2,8846,8846,0,0,0,0,0.8071803383499614,0.7076605129821996,0.8071803383499614,0.7076605129821996,1.0,1,0.7301556174977661,47
3509,2,8848,8848,0,0,0,0,0.8455298569074444,0.7656315070319848,0.8455298569074444,0.7656315070319848,1.0,1,0.7334352493889541,44
3510,0,8848,8848,0,0,0,0,0.8422919141123051,0.7552805563811629,0.8422919141123051,0.7552805563811629,1.0,1,0.7331138615936312,45
3511,1,8849,8849,0,0,0,0,0.8620906258629215,0.7832852692131625,0.8620906258629215,0.7832852692131625,1.0,1,0.7547711455705977,44
3512,0,8849,8849,0,0,0,0,0.8991620822870727,0.8371079790791174,0.8991620822870727,0.8371079790791174,1.0,1,0.7491073118196696,42
3513,4,8853,8853,0,0,0,0,0.9451801971596078,0.9040653450293136,0.9451801971596078,0.9040653450293136,1.0,1,0.726446188893813,42
3514,1,8854,8854,0,0,0,0,0.9974226543100647,0.9950796127737598,0.9974226543100647,0.9950796127737598,1.0,1,0.7104592720320282,42
3515,4,8858,8858,0,0,0,0,1.0,1.0,1.0,1.0,1.0,1,0.6955127227418957,42
3516,4,8862,8862,0,0,0,0,1.0,1.0,1.0,1.0,1.0,1,0.6558738262483673,41
3517,4,8866,8866,0,0,0,0,1.0,1.0,1.0,1.0,1.0,1,0.6158506767445154,44
3518,3,8869,8869,0,0,0,0,1.0,1.0,1.0,1.0,1.0,1,0.6159720991247759,43
3519,3,8872,8872,0,0,0,0,1.0,1.0,1.0,1.0,1.0,1,0.5999392007298675,44
3520,2,8874,8874,0,0,0,0,1.0,1.0,1.0,1.0,1.0,1,0.6110076726770571,45
3521,0,8874,8874,0,0,0,0,1.0,1.0,1.0,1.0,1.0,1,0.6110076726770571,45
3522,2,8876,8876,0,0,0,0,1.0,1.0,1.0,1.0,1.0,1,0.5964465183273298,46
3523,3,8879,8879,0,0,0,0,1.0,1.0,1.0,1.0,1.0,1,0.588790887191972,46
3524,2,8881,8881,0,0,0,0,1.0,1.0,1.0,1.0,1.0,1,0.5755033007614871,47
3525,2,8883,8883,0,0,0,0,1.0,1.0,1.0,1.0,1.0,1,0.6097502920954382,48
3526,4,8887,8887,0,0,0,0,1.0,1.0,1.0,1.0,1.0,1,0.589413413564569,49
3527,1,8888,8888,0,0,0,0,1.0,1.0,1.0,1.0,1.0,1,0.5925232416127896,49
3528,1,8889,8889,0,0,0,0,0.995851026056213,0.9894201164433432,0.995851026056213,0.9894201164433432,1.0,1,0.6027772509275431,51
3529,2,8891,8891,0,0,0,0,0.995851026056213,0.9894201164433432,0.995851026056213,0.9894201164433432,1.0,1,0.6032327899858848,51
3530,3,8894,8894,0,0,0,0,0.9838805898589637,0.9600852701269573,0.9838805898589637,0.9600852701269573,1.0,1,0.5963106974082448,52
3531,1,8895,8895,0,0,0,0,0.9838805898589634,0.9600852701269573,0.9838805898589634,0.9600852701269573,1.0,1,0.6047501271293174,52
3532,2,8897,8897,0,0,0,0,0.9838805898589634,0.9600852701269573,0.9838805898589634,0.9600852701269573,1.0,1,0.5970749091861791,52
3533,2,8899,8899,0,0,0,0,0.9838805898589634,0.9600852701269573,0.9838805898589634,0.9600852701269573,1.0,1,0.5978383577192199,52
3534,0,8899,8899,0,0,0,0,0.9838805898589634,0.9600852701269573,0.9838805898589634,0.9600852701269573,1.0,1,0.5978383577192199,52
3535,3,8902,8902,0,0,0,0,0.9838805898589637,0.9600852701269573,0.9838805898589637,0.9600852701269573,1.0,1,0.6319896146436483,52
3536,0,8902,8902,0,0,0,0,0.9666346536357264,0.9181032407422374,0.9666346536357264,0.9181032407422374,1.0,1,0.6374908166113524,54
3537,0,8902,8902,0,0,0,0,0.967241296296895,0.9181032407422374,0.967241296296895,0.9181032407422374,1.0,1,0.6223542946259899,55
3538,2,8904,8904,0,0,0,0,0.9460941716394896,0.8710947582683451,0.9460941716394896,0.8710947582683451,1.0,1,0.628103543204565,55
3539,2,8906,8906,0,0,0,0,0.9348410080802929,0.8425324361940411,0.9348410080802929,0.8425324361940411,1.0,1,0.6104509315965233,58
3540,2,8908,8908,0,0,0,0,0.9359453977738472,0.8425324361940411,0.9359453977738472,0.8425324361940411,1.0,1,0.62157136529631,59
3541,2,8910,8910,0,0,0,0,0.9359453977738472,0.8425324361940411,0.9359453977738472,0.8425324361940411,1.0,1,0.6220861865446792,59
3542,4,8914,8914,0,0,0,0,0.9047117957809168,0.7764392131783047,0.9047117957809168,0.7764392131783047,1.0,1,0.6494529729036935,61
3543,3,8917,8917,0,0,0,0,0.9062487023005793,0.7764392131783047,0.9062487023005793,0.7764392131783047,1.0,1,0.6561484880689663,62
3544,4,8921,8921,0,0,0,0,0.921734274987814,0.8152928889712411,0.921734274987814,0.8152928889712411,1.0,1,0.6799326175266873,59
3545,1,8922,8922,0,0,0,0,0.9200786435905983,0.8113855988738121,0.9200786435905983,0.8113855988738121,1.0,1,0.6830327351803196,59
3546,1,8923,8923,0,0,0,0,0.9376927363181318,0.8520202487555629,0.9376927363181318,0.8520202487555629,1.0,1,0.688011642203898,57
3547,3,8926,8926,0,0,0,0,0.9480675798649258,0.8803296405583073,0.9480675798649258,0.8803296405583073,1.0,1,0.7129535607798203,53
3548,1,8927,8927,0,0,0,0,0.9480675798649258,0.8803296405583073,0.9480675798649258,0.8803296405583073,1.0,1,0.7175795332741206,53
3549,0,8927,8927,0,0,0,0,0.9470688794777129,0.8803296405583073,0.9470688794777129,0.8803296405583073,1.0,1,0.7188367739055707,52
3550,0,8927,8927,0,0,0,0,0.9460310143694327,0.8803296405583073,0.9460310143694327,0.8803296405583073,1.0,1,0.7243439147768238,51
3551,0,8927,8927,0,0,0,0,0.9254671988396826,0.8416177975343256,0.9254671988396826,0.8416177975343256,1.0,1,0.7287976131676246,51
3552,2,8929,8929,0,0,0,0,0.9017089475917393,0.7994862530871482,0.9017089475917393,0.7994862530871482,1.0,1,0.7157776799789178,51
3553,2,8931,8931,0,0,0,0,0.8976970679016063,0.7994862530871482,0.8976970679016063,0.7994862530871482,1.0,1,0.7333041085330773,49
3554,2,8933,8933,0,0,0,0,0.8976970679016062,0.7994862530871482,0.8976970679016062,0.7994862530871482,1.0,1,0.7242568621776326,49
3555,2,8935,8935,0,0,0,0,0.8851117550843657,0.7746422888193326,0.8851117550843657,0.7746422888193326,1.0,1,0.7269790827942444,51
3556,1,8936,8936,0,0,0,0,0.865897226333488,0.746694760852144,0.865897226333488,0.746694760852144,1.0,1,0.7357346479994997,51
3557,4,8940,8940,0,0,0,0,0.8684761258270748,0.746694760852144,0.8684761258270748,0.746694760852144,1.0,1,0.7225074593196492,52
3558,1,8941,8941,0,0,0,0,0.8684761258270748,0.746694760852144,0.8684761258270748,0.746694760852144,1.0,1,0.7157747605322038,52
3559,5,8946,8946,0,0,0,0,0.8684761258270748,0.746694760852144,0.8684761258270748,0.746694760852144,1.0,1,0.7084302250451981,52
3560,2,8948,8948,0,0,0,0,0.8709577083586394,0.746694760852144,0.8709577083586394,0.746694760852144,1.0,1,0.7017873761635729,53
3561,0,8948,8948,0,0,0,0,0.8557571533549668,0.7218173671845788,0.8557571533549668,0.7218173671845788,1.0,1,0.7051484128298999,54
3562,3,8951,8951,0,0,0,0,0.8557571533549668,0.7218173671845788,0.8557571533549668,0.7218173671845788,1.0,1,0.6815378569335264,54
3563,0,8951,8951,0,0,0,0,0.8448578150869042,0.7057648217165425,0.8448578150869042,0.7057648217165425,1.0,1,0.6840499206907785,55
3564,0,8951,8951,0,0,0,0,0.8503014005224514,0.7057648217165425,0.8503014005224514,0.7057648217165425,1.0,1,0.6660413855082686,57
3565,1,8952,8952,0,0,0,0,0.8476282112460666,0.7057648217165425,0.8476282112460666,0.7057648217165425,1.0,1,0.687578779152019,56
3566,1,8953,8953,0,0,0,0,0.8518223243017511,0.7087542236275798,0.8518223243017511,0.7087542236275798,1.0,1,0.6866590347533691,57
3567,2,8955,8955,0,0,0,0,0.8909291922204686,0.7697394057987673,0.8909291922204686,0.7697394057987673,1.0,1,0.6774965708770537,57
3568,4,8959,8959,0,0,0,0,0.8854474199500956,0.7581667754502016,0.8854474199500956,0.7581667754502016,1.0,1,0.6696873701401374,57
3569,4,8963,8963,0,0,0,0,0.9032075268889058,0.7878011166410628,0.9032075268889058,0.7878011166410628,1.0,1,0.6504460982027485,57
3570,6,8969,8969,0,0,0,0,0.8581075916764562,0.7113223416865834,0.8581075916764562,0.7113223416865834,1.0,1,0.6636777156777152,59
3571,6,8975,8975,0,0,0,0,0.894886902819549,0.7664153395989978,0.894886902819549,0.7664153395989978,1.0,1,0.6328635868419024,60
3572,3,8978,8978,0,0,0,0,0.9115504647552112,0.7924837826949186,0.9115504647552112,0.7924837826949186,1.0,1,0.6277208601149408,61
3573,3,8981,8981,0,0,0,0,0.8641000466158005,0.7094552720751599,0.8641000466158005,0.7094552720751599,1.0,1,0.6472320484441954,62
3574,6,8987,8987,0,0,0,0,0.86625718873301,0.7094552720751599,0.86625718873301,0.7094552720751599,1.0,1,0.6237468660754544,63
3575,4,8991,8991,0,0,0,0,0.855286094892127,0.6961007992734667,0.855286094892127,0.6961007992734667,1.0,1,0.6345200086336249,63
3576,3,8994,8994,0,0,0,0,0.855286094892127,0.6961007992734667,0.855286094892127,0.6961007992734667,1.0,1,0.6276471007613382,63
3577,2,8996,8996,0,0,0,0,0.8399503833309131,0.6695749849412399,0.8399503833309131,0.6695749849412399,1.0,1,0.6205069832810302,64
3578,0,8996,8996,0,0,0,0,0.8399503833309131,0.6695749849412399,0.8399503833309131,0.6695749849412399,1.0,1,0.624147025115108,64
3579,3,8999,8999,0,0,0,0,0.8399503833309131,0.6695749849412399,0.8399503833309131,0.6695749849412399,1.0,1,0.6360646130308535,64
3580,0,8999,8999,0,0,0,0,0.8267886599174008,0.6481644654572203,0.8267886599174008,0.6481644654572203,1.0,1,0.6401304422178331,65
3581,3,9002,9002,0,0,0,0,0.8195900175504132,0.6282460967705482,0.8195900175504132,0.6282460967705482,1.0,1,0.6413760034355875,68
3582,1,9003,9003,0,0,0,0,0.8042887232540503,0.6085774465081005,0.8042887232540503,0.6085774465081005,1.0,1,0.655643416858375,68
3583,3,9006,9006,0,0,0,0,0.813111878210746,0.6318870328393483,0.813111878210746,0.6318870328393483,1.0,1,0.6719414321093975,65
3584,8,9014,9014,0,0,0,0,0.7917277450048915,0.6079581082445016,0.7917277450048915,0.6079581082445016,1.0,1,0.7116610069939507,64
3585,3,9017,9017,0,0,0,0,0.8210929139534802,0.6421858279069603,0.8210929139534802,0.6421858279069603,1.0,1,0.6752385140178881,64
3586,7,9024,9024,0,0,0,0,0.8238453306618881,0.6421858279069603,0.8238453306618881,0.6421858279069603,1.0,1,0.6814378360162434,65
3587,6,9030,9030,0,0,0,0,0.8225799966714474,0.6451599933428949,0.8225799966714474,0.6451599933428949,1.0,1,0.6871322496500668,64
3588,3,9033,9033,0,0,0,0,0.8530871244336649,0.6963800571629076,0.8530871244336649,0.6963800571629076,1.0,1,0.6881423398689811,62
3589,4,9037,9037,0,0,0,0,0.8414620291839269,0.6778099302770128,0.8414620291839269,0.6778099302770128,1.0,1,0.6823567286805973,63
3590,2,9039,9039,0,0,0,0,0.8233827539841374,0.6522847969062707,0.8233827539841374,0.6522847969062707,1.0,1,0.6826666534790217,63
3591,6,9045,9045,0,0,0,0,0.8691332246093706,0.7202158595096889,0.8691332246093706,0.7202158595096889,1.0,1,0.663343359336604,62
3592,1,9046,9046,0,0,0,0,0.9128360936115528,0.8022049816569853,0.9128360936115528,0.8022049816569853,1.0,1,0.656929109381599,59
3593,4,9050,9050,0,0,0,0,0.94616114731555,0.8698894393459126,0.94616114731555,0.8698894393459126,1.0,1,0.6338701739155144,58
3594,5,9055,9055,0,0,0,0,0.9845035571492894,0.9598501253413406,0.9845035571492894,0.9598501253413406,1.0,1,0.606821437884927,57
3595,5,9060,9060,0,0,0,0,0.9851277571470664,0.9601153487125871,0.9851277571470664,0.9601153487125871,1.0,1,0.6093268609171647,59
3596,5,9065,9065,0,0,0,0,0.9944736123223785,0.9849998048750275,0.9944736123223785,0.9849998048750275,1.0,1,0.5972128066297023,57
3597,6,9071,9071,0,0,0,0,0.9924552022113219,0.9795212631450165,0.9924552022113219,0.9795212631450165,1.0,1,0.6024169589997098,57
3598,2,9073,9073,0,0,0,0,0.9995405360217391,0.9987528834875776,0.9995405360217391,0.9987528834875776,1.0,1,0.5991589172704975,57
3599,6,9079,9079,0,0,0,0,0.9860069373423367,0.9613524936121682,0.9860069373423367,0.9613524936121682,1.0,1,0.6076799558912174,58
3600,3,9082,9082,0,0,0,0,1.0,1.0,1.0,1.0,1.0,1,0.5657756525635228,58
3601,4,9086,9086,0,0,0,0,1.0,1.0,1.0,1.0,1.0,1,0.5906421301973768,58
3602,2,9088,9088,0,0,0,0,1.0,1.0,1.0,1.0,1.0,1,0.5718910131462369,60
3603,4,9092,9092,0,0,0,0,1.0,1.0,1.0,1.0,1.0,1,0.5928330964677184,60
3604,2,9094,9094,0,0,0,0,1.0,1.0,1.0,1.0,1.0,1,0.5784495950870704,60
3605,3,9097,9097,0,0,0,0,0.9665897754239965,0.9150823458693246,0.9665897754239965,0.9150823458693246,1.0,1,0.5856135870548858,61
3606,4,9101,9101,0,0,0,0,0.9561885411965703,0.8895951238153571,0.9561885411965703,0.8895951238153571,1.0,1,0.597031344837423,63
3607,2,9103,9103,0,0,0,0,0.9561885411965703,0.8895951238153571,0.9561885411965703,0.8895951238153571,1.0,1,0.5989845849334952,63
3608,5,9108,9108,0,0,0,0,0.9124982328235642,0.7999959607395756,0.9124982328235642,0.7999959607395756,1.0,1,0.6359396582131447,64
3609,1,9109,9109,0,0,0,0,0.9010985991345287,0.7749140532027206,0.9010985991345287,0.7749140532027206,1.0,1,0.6248468055724593,66
3610,2,9111,9111,0,0,0,0,0.9025747394459537,0.7749140532027206,0.9025747394459537,0.7749140532027206,1.0,1,0.6021713888349622,67
3611,1,9112,9112,0,0,0,0,0.9025747394459537,0.7749140532027206,0.9025747394459537,0.7749140532027206,1.0,1,0.6123309486413709,67
3612,2,9114,9114,0,0,0,0,0.9010985991345288,0.7749140532027206,0.9010985991345288,0.7749140532027206,1.0,1,0.6086936297975354,66
3613,0,9114,9114,0,0,0,0,0.9010985991345287,0.7749140532027206,0.9010985991345287,0.7749140532027206,1.0,1,0.6086936297975354,66
3614,2,9116,9116,0,0,0,0,0.8824227267574983,0.745249241307913,0.8824227267574983,0.745249241307913,1.0,1,0.6215516220228253,65
3615,3,9119,9119,0,0,0,0,0.8824227267574983,0.745249241307913,0.8824227267574983,0.745249241307913,1.0,1,0.6312517713111637,65
3616,4,9123,9123,0,0,0,0,0.8824227267574983,0.745249241307913,0.8824227267574983,0.745249241307913,1.0,1,0.6394026709404701,65
3617,2,9125,9125,0,0,0,0,0.8841985350398913,0.7452367770877609,0.8841985350398913,0.7452367770877609,1.0,1,0.635307965902689,66
3618,2,9127,9127,0,0,0,0,0.8841985350398913,0.7452367770877609,0.8841985350398913,0.7452367770877609,1.0,1,0.6238382693666739,66
3619,4,9131,9131,0,0,0,0,0.8965826190159403,0.7682024219322797,0.8965826190159403,0.7682024219322797,1.0,1,0.6102391837687525,65
3620,2,9133,9133,0,0,0,0,0.8831255191642254,0.7428761421612958,0.8831255191642254,0.7428761421612958,1.0,1,0.6102654581971697,66
3621,3,9136,9136,0,0,0,0,0.8929949568103956,0.7601611100922661,0.8929949568103956,0.7601611100922661,1.0,1,0.6073537453594587,65
3622,2,9138,9138,0,0,0,0,0.8950670552811995,0.7648054687337231,0.8950670552811995,0.7648054687337231,1.0,1,0.6042543880994925,65
3623,5,9143,9143,0,0,0,0,0.9495218652587449,0.8748142258416874,0.9495218652587449,0.8748142258416874,1.0,1,0.5981247573305178,62
3624,6,9149,9149,0,0,0,0,0.9612492738609433,0.8998939574741033,0.9612492738609433,0.8998939574741033,1.0,1,0.6152904160708498,62
3625,9,9158,9158,0,0,0,0,0.9967406655638539,0.9909627545179587,0.9967406655638539,0.9909627545179587,1.0,1,0.5807535015758627,61
3626,3,9161,9161,0,0,0,0,1.0,1.0,1.0,1.0,1.0,1,0.5404220468150884,58
3627,10,9171,9171,0,0,0,0,1.0,1.0,1.0,1.0,1.0,1,0.5209834455641418,58
3628,2,9173,9173,0,0,0,0,1.0,1.0,1.0,1.0,1.0,1,0.47286714174850986,57
3629,6,9179,9179,0,0,0,0,1.0,1.0,1.0,1.0,1.0,1,0.48289269946173957,57
3630,3,9182,9182,0,0,0,0,1.0,1.0,1.0,1.0,1.0,1,0.49191378681266207,56
3631,5,9187,9187,0,0,0,0,1.0,1.0,1.0,1.0,1.0,1,0.5212037696168248,54
3632,2,9189,9189,0,0,0,0,1.0,1.0,1.0,1.0,1.0,1,0.554012191959564,52
3633,5,9194,9194,0,0,0,0,1.0,1.0,1.0,1.0,1.0,1,0.5789005455919284,52
3634,0,9194,9194,0,0,0,0,1.0,1.0,1.0,1.0,1.0,1,0.5981530627063593,49
3635,2,9196,9196,0,0,0,0,1.0,1.0,1.0,1.0,1.0,1,0.6291184509890411,47
3636,1,9197,9197,0,0,0,0,1.0,1.0,1.0,1.0,1.0,1,0.6424350023068672,48
3637,0,9197,9197,0,0,0,0,1.0,1.0,1.0,1.0,1.0,1,0.6612042930853788,49
3638,4,9201,9201,0,0,0,0,0.9854527498076141,0.9669380677445777,0.9854527498076141,0.9669380677445777,1.0,1,0.6598411724706288,50
3639,1,9202,9202,0,0,0,0,0.9618650273600251,0.913781800987883,0.9618650273600251,0.913781800987883,1.0,1,0.6552600074175475,52
3640,2,9204,9204,0,0,0,0,0.9463964858435092,0.8838590526609366,0.9463964858435092,0.8838590526609366,1.0,1,0.647561964257626,52
3641,0,9204,9204,0,0,0,0,0.9463964858435092,0.8838590526609366,0.9463964858435092,0.8838590526609366,1.0,1,0.647561964257626,52
3642,1,9205,9205,0,0,0,0,0.9319553480069657,0.8584671238544884,0.9319553480069657,0.8584671238544884,1.0,1,0.6505002658904548,52
3643,1,9206,9206,0,0,0,0,0.9319553480069657,0.8584671238544884,0.9319553480069657,0.8584671238544884,1.0,1,0.6548447388354288,52
3644,1,9207,9207,0,0,0,0,0.9319553480069657,0.8584671238544884,0.9319553480069657,0.8584671238544884,1.0,1,0.6607880131752049,52
3645,3,9210,9210,0,0,0,0,0.9765247944668896,0.9459049611628326,0.9765247944668896,0.9459049611628326,1.0,1,0.6460042332902313,53
3646,3,9213,9213,0,0,0,0,0.9892464273573327,0.9740936659063014,0.9892464273573327,0.9740936659063014,1.0,1,0.6309459607505401,53
3647,6,9219,9219,0,0,0,0,0.9726849678375447,0.9317124195938618,0.9726849678375447,0.9317124195938618,1.0,1,0.6150097207779379,55
3648,5,9224,9224,0,0,0,0,0.9722206686872027,0.9280262779622978,0.9722206686872027,0.9280262779622978,1.0,1,0.6116845283298961,57
3649,4,9228,9228,0,0,0,0,0.9923827879285383,0.9793247100917469,0.9923827879285383,0.9793247100917469,1.0,1,0.6093725515794544,57
3650,2,9230,9230,0,0,0,0,0.9604564847648175,0.8985622870054011,0.9604564847648175,0.8985622870054011,1.0,1,0.6188028907737093,59
3651,3,9233,9233,0,0,0,0,0.9604564847648174,0.8985622870054011,0.9604564847648174,0.8985622870054011,1.0,1,0.6135847971009015,59
3652,0,9233,9233,0,0,0,0,0.9604564847648174,0.8985622870054011,0.9604564847648174,0.8985622870054011,1.0,1,0.6135847971009015,59
3653,1,9234,9234,0,0,0,0,0.9447649733685238,0.8642138928642877,0.9447649733685238,0.8642138928642877,1.0,1,0.6169976428378702,59
3654,0,9234,9234,0,0,0,0,0.9447649733685238,0.8642138928642877,0.9447649733685238,0.8642138928642877,1.0,1,0.6169976428378702,59
3655,0,9234,9234,0,0,0,0,0.9474376359474662,0.8642138928642877,0.9474376359474662,0.8642138928642877,1.0,1,0.6051942878852384,62
3656,0,9234,9234,0,0,0,0,0.9474376359474663,0.8642138928642877,0.9474376359474663,0.8642138928642877,1.0,1,0.6051942878852384,62
3657,0,9234,9234,0,0,0,0,0.93265726876909,0.830296317298107,0.93265726876909,0.830296317298107,1.0,1,0.609606155062643,63
3658,2,9236,9236,0,0,0,0,0.93265726876909,0.830296317298107,0.93265726876909,0.830296317298107,1.0,1,0.6271451316560555,63
3659,5,9241,9241,0,0,0,0,0.9298402045377447,0.8647475546825971,0.9298402045377447,0.8647475546825971,1.0,1,0.6562769858162855,62
3660,0,9241,9241,0,0,0,0,0.9298402045377446,0.8647475546825971,0.9298402045377446,0.8647475546825971,1.0,1,0.6562769858162855,62
3661,2,9243,9243,0,0,0,0,0.9295566367101789,0.8660511681445154,0.9295566367101789,0.8660511681445154,1.0,1,0.6636258081866981,61
3662,4,9247,9247,0,0,0,0,0.9540850275010324,0.8802218108722584,0.9540850275010324,0.8802218108722584,1.0,1,0.6543466217478034,60
3663,1,9248,9248,0,0,0,0,0.9548377319682285,0.8802218108722584,0.9548377319682285,0.8802218108722584,1.0,1,0.6453216412615865,61
3664,6,9254,9254,0,0,0,0,0.9666003670562477,0.9119464222391985,0.9666003670562477,0.9119464222391985,1.0,1,0.6412199440828488,58
3665,1,9255,9255,0,0,0,0,0.9666003670562477,0.9119464222391985,0.9666003670562477,0.9119464222391985,1.0,1,0.6312935912255002,58
3666,3,9258,9258,0,0,0,0,0.9819972172261051,0.9502780285292427,0.9819972172261051,0.9502780285292427,1.0,1,0.6234626496961856,58
3667,4,9262,9262,0,0,0,0,0.9852868948067895,0.9593638047044665,0.9852868948067895,0.9593638047044665,1.0,1,0.6240508896363658,58
3668,3,9265,9265,0,0,0,0,0.9657684169030435,0.9097530991080236,0.9657684169030435,0.9097530991080236,1.0,1,0.6485765321319736,58
3669,2,9267,9267,0,0,0,0,0.9649831659396512,0.9092745662981871,0.9649831659396512,0.9092745662981871,1.0,1,0.6543566889237203,57
3670,4,9271,9271,0,0,0,0,0.9858472875968064,0.9603724052710579,0.9858472875968064,0.9603724052710579,1.0,1,0.6534070196843672,56
3671,1,9272,9272,0,0,0,0,0.9860955807968625,0.9603724052710579,0.9860955807968625,0.9603724052710579,1.0,1,0.638445953266512,57
3672,5,9277,9277,0,0,0,0,0.9886161239437186,0.9675559532395978,0.9886161239437186,0.9675559532395978,1.0,1,0.656866347241521,57
3673,2,9279,9279,0,0,0,0,1.0,1.0,1.0,1.0,1.0,1,0.6424247528480949,58
3674,0,9279,9279,0,0,0,0,1.0,1.0,1.0,1.0,1.0,1,0.6483036549278213,57
3675,2,9281,9281,0,0,0,0,0.9935742127216127,0.9813652168926771,0.9935742127216127,0.9813652168926771,1.0,1,0.6428010973432569,58
3676,0,9281,9281,0,0,0,0,0.993683124370399,0.9813652168926771,0.993683124370399,0.9813652168926771,1.0,1,0.6326888689307932,59
3677,2,9283,9283,0,0,0,0,0.9937884056308923,0.9813652168926771,0.9937884056308923,0.9813652168926771,1.0,1,0.6433467978774138,60
3678,0,9283,9283,0,0,0,0,0.9588861578037742,0.8841337174469998,0.9588861578037742,0.8841337174469998,1.0,1,0.6523800389599438,62
3679,0,9283,9283,0,0,0,0,0.9588861578037742,0.8841337174469998,0.9588861578037742,0.8841337174469998,1.0,1,0.6523800389599438,62
3680,2,9285,9285,0,0,0,0,0.9454119071453028,0.8504760934849599,0.9454119071453028,0.8504760934849599,1.0,1,0.6507792415733116,63
3681,0,9285,9285,0,0,0,0,0.9322525264630416,0.819340070568111,0.9322525264630416,0.819340070568111,1.0,1,0.6541516295164108,64
3682,1,9286,9286,0,0,0,0,0.9191964294777653,0.7931428594630792,0.9191964294777653,0.7931428594630792,1.0,1,0.6569911868081094,64
3683,0,9286,9286,0,0,0,0,0.9191964294777653,0.7931428594630792,0.9191964294777653,0.7931428594630792,1.0,1,0.6569911868081094,64
3684,0,9286,9286,0,0,0,0,0.9191964294777653,0.7931428594630792,0.9191964294777653,0.7931428594630792,1.0,1,0.6569911868081094,64
3685,0,9286,9286,0,0,0,0,0.9191964294777653,0.7931428594630792,0.9191964294777653,0.7931428594630792,1.0,1,0.6569911868081094,64
3686,0,9286,9286,0,0,0,0,0.9204395613319535,0.7931428594630792,0.9204395613319535,0.7931428594630792,1.0,1,0.6491412174956026,65
3687,0,9286,9286,0,0,0,0,0.9204395613319536,0.7931428594630792,0.9204395613319536,0.7931428594630792,1.0,1,0.6491412174956026,65
3688,1,9287,9287,0,0,0,0,0.8940020283946369,0.7408938471868903,0.8940020283946369,0.7408938471868903,1.0,1,0.6554848538678903,66
3689,0,9287,9287,0,0,0,0,0.8940020283946369,0.7408938471868903,0.8940020283946369,0.7408938471868903,1.0,1,0.6554848538678903,66
3690,2,9289,9289,0,0,0,0,0.8815573497713216,0.7165836583813767,0.8815573497713216,0.7165836583813767,1.0,1,0.6726123681679107,67
3691,0,9289,9289,0,0,0,0,0.8832991534511552,0.7165836583813767,0.8832991534511552,0.7165836583813767,1.0,1,0.6643632872149189,68
3692,1,9290,9290,0,0,0,0,0.8849904700678051,0.7165836583813767,0.8849904700678051,0.7165836583813767,1.0,1,0.6651864804864761,69
3693,1,9291,9291,0,0,0,0,0.8934541499189999,0.7340747633011083,0.8934541499189999,0.7340747633011083,1.0,1,0.6669684838774106,69
3694,2,9293,9293,0,0,0,0,0.891525597784388,0.7340747633011083,0.891525597784388,0.7340747633011083,1.0,1,0.6636382576916049,70
3695,1,9294,9294,0,0,0,0,0.8974288372732847,0.7340747633011083,0.8974288372732847,0.7340747633011083,1.0,1,0.6561699140781027,70
3696,1,9295,9295,0,0,0,0,0.8965442976115671,0.7340747633011083,0.8965442976115671,0.7340747633011083,1.0,1,0.657307044441993,71
3697,3,9298,9298,0,0,0,0,0.9074641529896479,0.8047008574422115,0.9074641529896479,0.8047008574422115,1.0,1,0.6586777377880635,70
3698,3,9301,9301,0,0,0,0,0.9153849988878301,0.7863087581002156,0.9153849988878301,0.7863087581002156,1.0,1,0.6615192295442819,70
3699,3,9304,9304,0,0,0,0,0.8984136750780279,0.7805385867174719,0.8984136750780279,0.7805385867174719,1.0,1,0.6676000751595018,70
3700,2,9306,9306,0,0,0,0,0.9239097677753088,0.7930345683488397,0.9239097677753088,0.7930345683488397,1.0,1,0.6580731170893193,68
3701,2,9308,9308,0,0,0,0,0.8974991789247421,0.7380534572521188,0.8974991789247421,0.7380534572521188,1.0,1,0.6639603857557903,69
3702,3,9311,9311,0,0,0,0,0.8964040621057168,0.7352548253812763,0.8964040621057168,0.7352548253812763,1.0,1,0.6652356819096548,69
3703,1,9312,9312,0,0,0,0,0.8664303776440597,0.6775905667270408,0.8664303776440597,0.6775905667270408,1.0,1,0.6764621159498619,70
3704,1,9313,9313,0,0,0,0,0.8615053071781364,0.6704781446652213,0.8615053071781364,0.6704781446652213,1.0,1,0.6816590420534779,69
3705,1,9314,9314,0,0,0,0,0.8771901182757534,0.697361362893821,0.8771901182757534,0.697361362893821,1.0,1,0.6756765286158578,69
3706,0,9314,9314,0,0,0,0,0.8931436784741458,0.7269227338783725,0.8931436784741458,0.7269227338783725,1.0,1,0.665429211880211,69
3707,2,9316,9316,0,0,0,0,0.9205348515951047,0.7870334022748806,0.9205348515951047,0.7870334022748806,1.0,1,0.6501252364012339,67
3708,2,9318,9318,0,0,0,0,0.9372004872555506,0.824684693588412,0.9372004872555506,0.824684693588412,1.0,1,0.6472921011541204,67
3709,3,9321,9321,0,0,0,0,0.9372004872555506,0.824684693588412,0.9372004872555506,0.824684693588412,1.0,1,0.6395880972471781,67
3710,1,9322,9322,0,0,0,0,0.9410400471898234,0.8354034650715901,0.9410400471898234,0.8354034650715901,1.0,1,0.6257690428947724,67
3711,4,9326,9326,0,0,0,0,0.9148782774133111,0.7773739563117368,0.9148782774133111,0.7773739563117368,1.0,1,0.6296516295331975,68
3712,0,9326,9326,0,0,0,0,0.9148782774133111,0.7773739563117368,0.9148782774133111,0.7773739563117368,1.0,1,0.6296516295331975,68
3713,5,9331,9331,0,0,0,0,0.9148782774133111,0.7773739563117368,0.9148782774133111,0.7773739563117368,1.0,1,0.6060193021693063,68
3714,0,9331,9331,0,0,0,0,0.913607803941868,0.7773739563117368,0.913607803941868,0.7773739563117368,1.0,1,0.6132462573570309,67
3715,1,9332,9332,0,0,0,0,0.9148782774133111,0.7773739563117368,0.9148782774133111,0.7773739563117368,1.0,1,0.610427878064385,68
3716,2,9334,9334,0,0,0,0,0.913607803941868,0.7773739563117368,0.913607803941868,0.7773739563117368,1.0,1,0.6010364271112427,67
3717,5,9339,9339,0,0,0,0,0.9008510932499705,0.750291642259185,0.9008510932499705,0.750291642259185,1.0,1,0.6175659033796593,68
3718,0,9339,9339,0,0,0,0,0.9008510932499705,0.750291642259185,0.9008510932499705,0.750291642259185,1.0,1,0.6282596252787552,68
3719,3,9342,9342,0,0,0,0,0.8865651557374015,0.7245153782194034,0.8865651557374015,0.7245153782194034,1.0,1,0.6396399422747993,68
3720,3,9345,9345,0,0,0,0,0.8865651557374015,0.7245153782194034,0.8865651557374015,0.7245153782194034,1.0,1,0.6553471372703846,68
3721,1,9346,9346,0,0,0,0,0.8898061512877614,0.7245153782194034,0.8898061512877614,0.7245153782194034,1.0,1,0.6362712099754787,70
3722,3,9349,9349,0,0,0,0,0.8759992271114794,0.6964119008591393,0.8759992271114794,0.6964119008591393,1.0,1,0.625297252982227,71
3723,7,9356,9356,0,0,0,0,0.8482410154341355,0.65242297083302,0.8482410154341355,0.65242297083302,1.0,1,0.6527207841911306,71
3724,0,9356,9356,0,0,0,0,0.8503487791086614,0.65242297083302,0.8503487791086614,0.65242297083302,1.0,1,0.642173063320795,72
3725,4,9360,9360,0,0,0,0,0.8359097136841471,0.630796855789331,0.8359097136841471,0.630796855789331,1.0,1,0.639417357962046,72
3726,3,9363,9363,0,0,0,0,0.8497210878937681,0.6558128142083077,0.8497210878937681,0.6558128142083077,1.0,1,0.6343888677340067,71
3727,4,9367,9367,0,0,0,0,0.8633054314571666,0.6764895211152945,0.8633054314571666,0.6764895211152945,1.0,1,0.6349161460696717,71
3728,5,9372,9372,0,0,0,0,0.862693269701462,0.6796176293034112,0.862693269701462,0.6796176293034112,1.0,1,0.6596443305334112,70
3729,4,9376,9376,0,0,0,0,0.860735911994844,0.6750504613213028,0.860735911994844,0.6750504613213028,1.0,1,0.6603972522061868,70
3730,3,9379,9379,0,0,0,0,0.8496732794672394,0.6557033174894836,0.8496732794672394,0.6557033174894836,1.0,1,0.6607690641758163,71
3731,0,9379,9379,0,0,0,0,0.8496732794672393,0.6557033174894836,0.8496732794672393,0.6557033174894836,1.0,1,0.6607690641758163,71
3732,0,9379,9379,0,0,0,0,0.85176115058575,0.6557033174894836,0.85176115058575,0.6557033174894836,1.0,1,0.6529452058496483,72
3733,0,9379,9379,0,0,0,0,0.8537918197558081,0.6557033174894836,0.8537918197558081,0.6557033174894836,1.0,1,0.6499723853298085,73
3734,1,9380,9380,0,0,0,0,0.8438472263002664,0.638896710819366,0.8438472263002664,0.638896710819366,1.0,1,0.6451073722357937,74
3735,0,9380,9380,0,0,0,0,0.865993553656121,0.6783845287746905,0.865993553656121,0.6783845287746905,1.0,1,0.6387041488338964,72
3736,2,9382,9382,0,0,0,0,0.8788300840645863,0.6991643466431109,0.8788300840645863,0.6991643466431109,1.0,1,0.6221804422071172,72
3737,1,9383,9383,0,0,0,0,0.8803661961478262,0.6988528385790106,0.8803661961478262,0.6988528385790106,1.0,1,0.6100818583929559,73
3738,5,9388,9388,0,0,0,0,0.9031559120686696,0.7417490988497858,0.9031559120686696,0.7417490988497858,1.0,1,0.5849707883906056,72
3739,4,9392,9392,0,0,0,0,0.9044825434101946,0.7417490988497858,0.9044825434101946,0.7417490988497858,1.0,1,0.577368706702466,73
3740,5,9397,9397,0,0,0,0,0.926955482724904,0.7954753516297315,0.926955482724904,0.7954753516297315,1.0,1,0.571921888485785,70
3741,2,9399,9399,0,0,0,0,0.926955482724904,0.7954753516297315,0.926955482724904,0.7954753516297315,1.0,1,0.5683645610669749,70
3742,3,9402,9402,0,0,0,0,0.9109724778765536,0.7603105173599516,0.9109724778765536,0.7603105173599516,1.0,1,0.5863839568074996,70
3743,3,9405,9405,0,0,0,0,0.879736421397462,0.7036361813008883,0.879736421397462,0.7036361813008883,1.0,1,0.6304307621765921,69
3744,4,9409,9409,0,0,0,0,0.879736421397462,0.7036361813008883,0.879736421397462,0.7036361813008883,1.0,1,0.6289176454439969,69
3745,1,9410,9410,0,0,0,0,0.8779678393591893,0.7036361813008883,0.8779678393591893,0.7036361813008883,1.0,1,0.6333189690237702,68
3746,4,9414,9414,0,0,0,0,0.8742698950973465,0.7036361813008883,0.8742698950973465,0.7036361813008883,1.0,1,0.6452870711309479,66
3747,2,9416,9416,0,0,0,0,0.8742698950973466,0.7036361813008883,0.8742698950973466,0.7036361813008883,1.0,1,0.6474244921232493,66
3748,3,9419,9419,0,0,0,0,0.8893625076243716,0.7336504813179314,0.8893625076243716,0.7336504813179314,1.0,1,0.6267712632991032,65
3749,2,9421,9421,0,0,0,0,0.8876337968060023,0.7336504813179314,0.8876337968060023,0.7336504813179314,1.0,1,0.6258790793541616,64
3750,3,9424,9424,0,0,0,0,0.8858502062791135,0.7336504813179314,0.8858502062791135,0.7336504813179314,1.0,1,0.6401011854276718,63
3751,7,9431,9431,0,0,0,0,0.939740460321975,0.8393078941919335,0.939740460321975,0.8393078941919335,1.0,1,0.6116188187051085,64
3752,2,9433,9433,0,0,0,0,0.939740460321975,0.8393078941919335,0.939740460321975,0.8393078941919335,1.0,1,0.6239075128054332,64
3753,9,9442,9442,0,0,0,0,0.9239643002062082,0.8023071805361414,0.9239643002062082,0.8023071805361414,1.0,1,0.608567613287026,65
3754,2,9444,9444,0,0,0,0,0.9239643002062082,0.8023071805361414,0.9239643002062082,0.8023071805361414,1.0,1,0.6210634408724348,65
3755,5,9449,9449,0,0,0,0,0.8802186904234417,0.7219362456258469,0.8802186904234417,0.7219362456258469,1.0,1,0.6376623431836789,65
3756,1,9450,9450,0,0,0,0,0.8678575568740365,0.7038186619590473,0.8678575568740365,0.7038186619590473,1.0,1,0.6415294277769805,65
3757,1,9451,9451,0,0,0,0,0.8678575568740365,0.7038186619590473,0.8678575568740365,0.7038186619590473,1.0,1,0.6447190569618397,65
3758,1,9452,9452,0,0,0,0,0.8786939390534307,0.7227290035506987,0.8786939390534307,0.7227290035506987,1.0,1,0.6481905609274317,64
3759,1,9453,9453,0,0,0,0,0.8948825199556597,0.750832639894897,0.8948825199556597,0.750832639894897,1.0,1,0.6445632664176529,64
3760,0,9453,9453,0,0,0,0,0.8932139885263845,0.750832639894897,0.8932139885263845,0.750832639894897,1.0,1,0.6625349875738737,63
3761,4,9457,9457,0,0,0,0,0.8932139885263843,0.750832639894897,0.8932139885263843,0.750832639894897,1.0,1,0.6413598604998835,63
3762,0,9457,9457,0,0,0,0,0.8799566296832497,0.7213278903361153,0.8799566296832497,0.7213278903361153,1.0,1,0.6329829359395055,65
3763,3,9460,9460,0,0,0,0,0.8799566296832496,0.7213278903361153,0.8799566296832496,0.7213278903361153,1.0,1,0.6242471886580612,65
3764,2,9462,9462,0,0,0,0,0.8673067578025435,0.6980084832747545,0.8673067578025435,0.6980084832747545,1.0,1,0.6190435786368085,66
3765,3,9465,9465,0,0,0,0,0.8386646093782263,0.6513073815593923,0.8386646093782263,0.6513073815593923,1.0,1,0.6309954682966874,67
3766,1,9466,9466,0,0,0,0,0.8386646093782263,0.6513073815593923,0.8386646093782263,0.6513073815593923,1.0,1,0.6276823167063202,67
3767,2,9468,9468,0,0,0,0,0.8410371886520759,0.6513073815593923,0.8410371886520759,0.6513073815593923,1.0,1,0.6187531033009775,68
3768,3,9471,9471,0,0,0,0,0.8218234665417407,0.6269428830717695,0.8218234665417407,0.6269428830717695,1.0,1,0.6201640455796872,67
3769,1,9472,9472,0,0,0,0,0.8269880037434293,0.6269428830717695,0.8269880037434293,0.6269428830717695,1.0,1,0.5957967053563767,69
3770,7,9479,9479,0,0,0,0,0.8269880037434293,0.6269428830717695,0.8269880037434293,0.6269428830717695,1.0,1,0.6087377911965345,69
3771,4,9483,9483,0,0,0,0,0.8269880037434294,0.6269428830717695,0.8269880037434294,0.6269428830717695,1.0,1,0.6451614349556611,69
3772,1,9484,9484,0,0,0,0,0.8171060341788591,0.6120431028036405,0.8171060341788591,0.6120431028036405,1.0,1,0.6511270829860788,70
3773,3,9487,9487,0,0,0,0,0.839360229491029,0.6476288904964507,0.839360229491029,0.6476288904964507,1.0,1,0.6575792470593542,68
3774,3,9490,9490,0,0,0,0,0.8226863335067889,0.6232084587019264,0.8226863335067889,0.6232084587019264,1.0,1,0.67442629085262,68
3775,1,9491,9491,0,0,0,0,0.8203030595313259,0.6181440015040677,0.8203030595313259,0.6181440015040677,1.0,1,0.6599600204616388,68
3776,4,9495,9495,0,0,0,0,0.8569670337689601,0.6744766975431506,0.8569670337689601,0.6744766975431506,1.0,1,0.6719982844001439,66
3777,4,9499,9499,0,0,0,0,0.8825916261580994,0.7173502111213506,0.8825916261580994,0.7173502111213506,1.0,1,0.6586257034813002,65
3778,4,9503,9503,0,0,0,0,0.9181092904040677,0.787084155050576,0.9181092904040677,0.787084155050576,1.0,1,0.6331178365787571,65
3779,6,9509,9509,0,0,0,0,0.9347005221477817,0.8231472474835752,0.9347005221477817,0.8231472474835752,1.0,1,0.5995046347291106,65
3780,5,9514,9514,0,0,0,0,0.9891672249594753,0.9669858284479246,0.9891672249594753,0.9669858284479246,1.0,1,0.5761268975518292,64
3781,5,9519,9519,0,0,0,0,1.0,1.0,1.0,1.0,1.0,1,0.5595687811310684,64
3782,4,9523,9523,0,0,0,0,0.9871222758219271,0.9589139276223386,0.9871222758219271,0.9589139276223386,1.0,1,0.5817780993190835,67
3783,3,9526,9526,0,0,0,0,0.9979771317177967,0.993425678082839,0.9979771317177967,0.993425678082839,1.0,1,0.5925800623729002,65
3784,3,9529,9529,0,0,0,0,0.9820477450669699,0.9444334966358592,0.9820477450669699,0.9444334966358592,1.0,1,0.6055656765902072,65
3785,4,9533,9533,0,0,0,0,0.963481087575807,0.895423114421629,0.963481087575807,0.895423114421629,1.0,1,0.6441181412892416,63
3786,0,9533,9533,0,0,0,0,0.9507488242003231,0.858670539009623,0.9507488242003231,0.858670539009623,1.0,1,0.6396832107560342,66
3787,2,9535,9535,0,0,0,0,0.9499911138034051,0.858670539009623,0.9499911138034051,0.858670539009623,1.0,1,0.6498415223778392,65
3788,4,9539,9539,0,0,0,0,0.9151939258605998,0.7795042072375595,0.9151939258605998,0.7795042072375595,1.0,1,0.646404396638408,65
3789,2,9541,9541,0,0,0,0,0.9043175698793725,0.7607939246984313,0.9043175698793725,0.7607939246984313,1.0,1,0.6489940696378645,65
3790,3,9544,9544,0,0,0,0,0.8900102904620405,0.7392836514655775,0.8900102904620405,0.7392836514655775,1.0,1,0.6612511282858154,64
3791,2,9546,9546,0,0,0,0,0.8900102904620405,0.7392836514655775,0.8900102904620405,0.7392836514655775,1.0,1,0.6423961683106281,64
3792,3,9549,9549,0,0,0,0,0.8917024398395476,0.7392836514655775,0.8917024398395476,0.7392836514655775,1.0,1,0.626141168504982,65
3793,6,9555,9555,0,0,0,0,0.8500642298288976,0.6601455876121679,0.8500642298288976,0.6601455876121679,1.0,1,0.6185022489344963,68
3794,3,9558,9558,0,0,0,0,0.8500642298288977,0.6601455876121679,0.8500642298288977,0.6601455876121679,1.0,1,0.6144712133271313,68
3795,1,9559,9559,0,0,0,0,0.8522372120052903,0.6601455876121679,0.8522372120052903,0.6601455876121679,1.0,1,0.5984996361329292,69
3796,3,9562,9562,0,0,0,0,0.8522372120052903,0.6601455876121679,0.8522372120052903,0.6601455876121679,1.0,1,0.5917446764521255,69
3797,2,9564,9564,0,0,0,0,0.8275836553307351,0.6228392460359832,0.8275836553307351,0.6228392460359832,1.0,1,0.5998478945136166,70
3798,1,9565,9565,0,0,0,0,0.8275836553307351,0.6228392460359832,0.8275836553307351,0.6228392460359832,1.0,1,0.6069919036347196,70
3799,1,9566,9566,0,0,0,0,0.8250848677268329,0.6228392460359832,0.8250848677268329,0.6228392460359832,1.0,1,0.6180830894725042,69
3800,3,9569,9569,0,0,0,0,0.8250848677268329,0.6228392460359832,0.8250848677268329,0.6228392460359832,1.0,1,0.6229286079360337,69
3801,4,9573,9573,0,0,0,0,0.8478704936186634,0.660244102415015,0.8478704936186634,0.660244102415015,1.0,1,0.6541096920121474,67
3802,4,9577,9577,0,0,0,0,0.8478704936186634,0.660244102415015,0.8478704936186634,0.660244102415015,1.0,1,0.6700218938141344,67
3803,5,9582,9582,0,0,0,0,0.863555061808551,0.7077303829631557,0.863555061808551,0.7077303829631557,1.0,1,0.6676462996948919,69
3804,7,9589,9589,0,0,0,0,0.8862475906252065,0.7156189765630162,0.8862475906252065,0.7156189765630162,1.0,1,0.6445249409328371,70
3805,3,9592,9592,0,0,0,0,0.9008589795634924,0.7392958351484429,0.9008589795634924,0.7392958351484429,1.0,1,0.630139748192511,71
3806,5,9597,9597,0,0,0,0,0.9128058930608237,0.7618930156660961,0.9128058930608237,0.7618930156660961,1.0,1,0.6146400605668969,71
3807,5,9602,9602,0,0,0,0,0.9459288187340034,0.8377864562020102,0.9459288187340034,0.8377864562020102,1.0,1,0.5872514868038256,72
3808,2,9604,9604,0,0,0,0,0.9629868144426887,0.8841326365162429,0.9629868144426887,0.8841326365162429,1.0,1,0.5804659830389086,72
3809,1,9605,9605,0,0,0,0,0.9629868144426885,0.8841326365162429,0.9629868144426885,0.8841326365162429,1.0,1,0.578389411869895,72
3810,2,9607,9607,0,0,0,0,0.9761308105723104,0.9218826527821063,0.9761308105723104,0.9218826527821063,1.0,1,0.586868769021669,72
3811,0,9607,9607,0,0,0,0,1.0,1.0,1.0,1.0,1.0,1,0.5626131606669044,71
3812,1,9608,9608,0,0,0,0,0.9917953077111279,0.9718696264381524,0.9917953077111279,0.9718696264381524,1.0,1,0.5669924093523745,72
3813,1,9609,9609,0,0,0,0,1.0,1.0,1.0,1.0,1.0,1,0.5665861011628264,71
3814,1,9610,9610,0,0,0,0,1.0,1.0,1.0,1.0,1.0,1,0.5783221970702911,72
3815,1,9611,9611,0,0,0,0,1.0,1.0,1.0,1.0,1.0,1,0.5622390761509788,71
3816,2,9613,9613,0,0,0,0,1.0,1.0,1.0,1.0,1.0,1,0.5797442855668398,69
3817,2,9615,9615,0,0,0,0,0.9918994321910094,0.9734890508069395,0.9918994321910094,0.9734890508069395,1.0,1,0.5715963178018993,72
3818,2,9617,9617,0,0,0,0,0.9918994321910092,0.9734890508069395,0.9918994321910092,0.9734890508069395,1.0,1,0.5770794039175541,72
3819,5,9622,9622,0,0,0,0,0.981394436902224,0.9639828732955934,0.981394436902224,0.9639828732955934,1.0,1,0.5682946666244523,72
3820,2,9624,9624,0,0,0,0,0.9646160259505306,0.9107088523038884,0.9646160259505306,0.9107088523038884,1.0,1,0.5723946864092664,72
3821,2,9626,9626,0,0,0,0,0.9646160259505306,0.9107088523038884,0.9646160259505306,0.9107088523038884,1.0,1,0.5684040568834243,72
3822,2,9628,9628,0,0,0,0,0.9884998758106462,0.9734890508069395,0.9884998758106462,0.9734890508069395,1.0,1,0.5681239192177713,69
3823,2,9630,9630,0,0,0,0,0.9884998758106462,0.9734890508069395,0.9884998758106462,0.9734890508069395,1.0,1,0.5655614550904158,69
3824,2,9632,9632,0,0,0,0,1.0,1.0,1.0,1.0,1.0,1,0.5855599741176175,65
3825,4,9636,9636,0,0,0,0,1.0,1.0,1.0,1.0,1.0,1,0.5813023411862,64
3826,1,9637,9637,0,0,0,0,1.0,1.0,1.0,1.0,1.0,1,0.5872653957447057,65
3827,5,9642,9642,0,0,0,0,1.0,1.0,1.0,1.0,1.0,1,0.5778532026356862,64
3828,1,9643,9643,0,0,0,0,1.0,1.0,1.0,1.0,1.0,1,0.5626943065047563,65
3829,6,9649,9649,0,0,0,0,0.9964547880985295,0.9884780613202209,0.9964547880985295,0.9884780613202209,1.0,1,0.5731885957457593,65
3830,3,9652,9652,0,0,0,0,0.996399394162569,0.9884780613202209,0.996399394162569,0.9884780613202209,1.0,1,0.5733195420188961,64
3831,2,9654,9654,0,0,0,0,0.996342241688959,0.9884780613202209,0.996342241688959,0.9884780613202209,1.0,1,0.5782708809813479,63
3832,7,9661,9661,0,0,0,0,0.9971579115524141,0.9909053169677251,0.9971579115524141,0.9909053169677251,1.0,1,0.5816186547365847,64
3833,3,9664,9664,0,0,0,0,1.0,1.0,1.0,1.0,1.0,1,0.5719480032555375,64
3834,4,9668,9668,0,0,0,0,1.0,1.0,1.0,1.0,1.0,1,0.5780801416541377,63
3835,7,9675,9675,0,0,0,0,1.0,1.0,1.0,1.0,1.0,1,0.5765140320916043,63
3836,5,9680,9680,0,0,0,0,1.0,1.0,1.0,1.0,1.0,1,0.5556844465273337,63
3837,4,9684,9684,0,0,0,0,1.0,1.0,1.0,1.0,1.0,1,0.5591173088737348,62
3838,4,9688,9688,0,0,0,0,1.0,1.0,1.0,1.0,1.0,1,0.5694426019982978,62
3839,6,9694,9694,0,0,0,0,1.0,1.0,1.0,1.0,1.0,1,0.5696684432485036,60
3840,1,9695,9695,0,0,0,0,1.0,1.0,1.0,1.0,1.0,1,0.5534736787337319,62
3841,3,9698,9698,0,0,0,0,0.9953434317424193,0.9868769440013636,0.9953434317424193,0.9868769440013636,1.0,1,0.5743389788566604,62
3842,2,9700,9700,0,0,0,0,0.9643889135076233,0.9065208979575112,0.9643889135076233,0.9065208979575112,1.0,1,0.5608071291775855,63
3843,3,9703,9703,0,0,0,0,0.9937820180392755,0.981911325205165,0.9937820180392755,0.981911325205165,1.0,1,0.5557700667439281,64
3844,2,9705,9705,0,0,0,0,0.9938776793002098,0.981911325205165,0.9938776793002098,0.981911325205165,1.0,1,0.5657026845156554,65
3845,3,9708,9708,0,0,0,0,0.9956521844245161,0.986956553273548,0.9956521844245161,0.986956553273548,1.0,1,0.5757584290691076,66
3846,3,9711,9711,0,0,0,0,1.0,1.0,1.0,1.0,1.0,1,0.5657144817729322,67
3847,4,9715,9715,0,0,0,0,0.9761599092929568,0.9305527792447001,0.9761599092929568,0.9305527792447001,1.0,1,0.5955370046185655,67
3848,6,9721,9721,0,0,0,0,0.9433549014953367,0.8481911360075025,0.9433549014953367,0.8481911360075025,1.0,1,0.5935065361466384,67
3849,3,9724,9724,0,0,0,0,0.9273603568824874,0.8128132273510255,0.9273603568824874,0.8128132273510255,1.0,1,0.622808265973365,67
3850,7,9731,9731,0,0,0,0,0.9809994007336061,0.9438243152124012,0.9809994007336061,0.9438243152124012,1.0,1,0.5958689835226296,68
3851,3,9734,9734,0,0,0,0,0.9931624427131598,0.9788657320224936,0.9931624427131598,0.9788657320224936,1.0,1,0.5904779979081418,68
3852,2,9736,9736,0,0,0,0,0.9824705443523432,0.9584407395393609,0.9824705443523432,0.9584407395393609,1.0,1,0.5986757107740632,70
3853,2,9738,9738,0,0,0,0,0.9841848856636801,0.9518670433242434,0.9841848856636801,0.9518670433242434,1.0,1,0.5969261796471934,70
3854,2,9740,9740,0,0,0,0,0.9968902608070985,0.990105375295313,0.9968902608070985,0.990105375295313,1.0,1,0.5911054875874325,70
3855,3,9743,9743,0,0,0,0,1.0,1.0,1.0,1.0,1.0,1,0.5827585069355623,69
3856,0,9743,9743,0,0,0,0,1.0,1.0,1.0,1.0,1.0,1,0.5685859282544365,70
3857,1,9744,9744,0,0,0,0,1.0,1.0,1.0,1.0,1.0,1,0.5780716055901745,68
3858,3,9747,9747,0,0,0,0,1.0,1.0,1.0,1.0,1.0,1,0.5682962770532288,67
3859,3,9750,9750,0,0,0,0,1.0,1.0,1.0,1.0,1.0,1,0.5568482175458126,66
3860,2,9752,9752,0,0,0,0,1.0,1.0,1.0,1.0,1.0,1,0.5547228161305571,66
3861,5,9757,9757,0,0,0,0,1.0,1.0,1.0,1.0,1.0,1,0.5563275836883131,66
3862,1,9758,9758,0,0,0,0,1.0,1.0,1.0,1.0,1.0,1,0.5605399691422367,66
3863,7,9765,9765,0,0,0,0,1.0,1.0,1.0,1.0,1.0,1,0.5970624185085875,63
3864,1,9766,9766,0,0,0,0,1.0,1.0,1.0,1.0,1.0,1,0.6014282585131745,63
3865,2,9768,9768,0,0,0,0,1.0,1.0,1.0,1.0,1.0,1,0.6049219124184385,61
3866,3,9771,9771,0,0,0,0,0.995093361046457,0.986395228356085,0.995093361046457,0.986395228356085,1.0,1,0.6132196092620136,61
3867,1,9772,9772,0,0,0,0,0.9950115837305644,0.986395228356085,0.9950115837305644,0.986395228356085,1.0,1,0.606747736346385,60
3868,2,9774,9774,0,0,0,0,0.994927034302269,0.986395228356085,0.994927034302269,0.986395228356085,1.0,1,0.6023928885368497,59
3869,0,9774,9774,0,0,0,0,0.995093361046457,0.986395228356085,0.995093361046457,0.986395228356085,1.0,1,0.5903097076890885,61
3870,2,9776,9776,0,0,0,0,0.9826577495016289,0.9540053356347549,0.9826577495016289,0.9540053356347549,1.0,1,0.6125191153222062,61
3871,3,9779,9779,0,0,0,0,0.9658283935662398,0.9088757161766394,0.9658283935662398,0.9088757161766394,1.0,1,0.6255676887278818,64
3872,0,9779,9779,0,0,0,0,0.9652859871149103,0.9088757161766394,0.9652859871149103,0.9088757161766394,1.0,1,0.6321664377513678,63
3873,3,9782,9782,0,0,0,0,0.9759294998047253,0.9351143038214336,0.9759294998047253,0.9351143038214336,1.0,1,0.6492482298942701,62
3874,0,9782,9782,0,0,0,0,0.9763115712363963,0.9351143038214336,0.9763115712363963,0.9351143038214336,1.0,1,0.6437641184655566,63
3875,1,9783,9783,0,0,0,0,0.9755349014408685,0.9351143038214336,0.9755349014408685,0.9351143038214336,1.0,1,0.646960153063086,61
3876,1,9784,9784,0,0,0,0,0.9759294998047253,0.9351143038214336,0.9759294998047253,0.9351143038214336,1.0,1,0.6309402256728301,62
3877,2,9786,9786,0,0,0,0,0.9582458091452797,0.8903952490063591,0.9582458091452797,0.8903952490063591,1.0,1,0.6557850509864083,63
3878,3,9789,9789,0,0,0,0,0.9704981397716971,0.9191905567659526,0.9704981397716971,0.9191905567659526,1.0,1,0.6491124266263599,63
3879,0,9789,9789,0,0,0,0,0.9704981397716971,0.9191905567659526,0.9704981397716971,0.9191905567659526,1.0,1,0.6491124266263599,63
3880,5,9794,9794,0,0,0,0,0.9714058893171833,0.9191905567659526,0.9714058893171833,0.9191905567659526,1.0,1,0.642394473656402,65
3881,1,9795,9795,0,0,0,0,0.9714058893171832,0.9191905567659526,0.9714058893171832,0.9191905567659526,1.0,1,0.6448607162419274,65
3882,2,9797,9797,0,0,0,0,0.9718391334184381,0.9191905567659526,0.9718391334184381,0.9191905567659526,1.0,1,0.6445619682991269,66
3883,3,9800,9800,0,0,0,0,0.9718391334184381,0.9191905567659526,0.9718391334184381,0.9191905567659526,1.0,1,0.6485327828685505,66
3884,2,9802,9802,0,0,0,0,0.9718391334184381,0.9191905567659526,0.9718391334184381,0.9191905567659526,1.0,1,0.6400833329383558,66
3885,3,9805,9805,0,0,0,0,0.9718391334184381,0.9191905567659526,0.9718391334184381,0.9191905567659526,1.0,1,0.64440538489108,66
3886,0,9805,9805,0,0,0,0,0.9714058893171833,0.9191905567659526,0.9714058893171833,0.9191905567659526,1.0,1,0.6480497538415853,65
3887,1,9806,9806,0,0,0,0,0.9714058893171833,0.9191905567659526,0.9714058893171833,0.9191905567659526,1.0,1,0.6415956660364318,65
3888,2,9808,9808,0,0,0,0,0.9718391334184381,0.9191905567659526,0.9718391334184381,0.9191905567659526,1.0,1,0.6273509138932726,66
3889,2,9810,9810,0,0,0,0,0.9872033207142545,0.962773296623286,0.9872033207142545,0.962773296623286,1.0,1,0.6147786694784465,64
3890,2,9812,9812,0,0,0,0,0.9743886811295368,0.9298472570069919,0.9743886811295368,0.9298472570069919,1.0,1,0.6111668961086305,63
3891,3,9815,9815,0,0,0,0,0.9871192258239903,0.9613576774719713,0.9871192258239903,0.9613576774719713,1.0,1,0.5783509404524657,66
3892,3,9818,9818,0,0,0,0,0.9737318322024568,0.9234796851115048,0.9737318322024568,0.9234796851115048,1.0,1,0.5788648344168486,67
3893,3,9821,9821,0,0,0,0,0.9853161473444944,0.9559484420334831,0.9853161473444944,0.9559484420334831,1.0,1,0.558956650564321,66
3894,2,9823,9823,0,0,0,0,0.9680514299963128,0.9069324265109976,0.9680514299963128,0.9069324265109976,1.0,1,0.5708319866530391,67
3895,6,9829,9829,0,0,0,0,0.958610174140295,0.8812291953591074,0.958610174140295,0.8812291953591074,1.0,1,0.5644209400295263,66
3896,1,9830,9830,0,0,0,0,0.958610174140295,0.8812291953591074,0.958610174140295,0.8812291953591074,1.0,1,0.5562459037164349,66
3897,1,9831,9831,0,0,0,0,0.9579734075886073,0.8812291953591074,0.9579734075886073,0.8812291953591074,1.0,1,0.5690657058388834,65
3898,5,9836,9836,0,0,0,0,0.9748133024947072,0.925584757370726,0.9748133024947072,0.925584757370726,1.0,1,0.588388504636179,65
3899,2,9838,9838,0,0,0,0,0.9922937363122807,0.9765142439993317,0.9922937363122807,0.9765142439993317,1.0,1,0.5767545766520962,64
3900,6,9844,9844,0,0,0,0,0.9502655987663009,0.8694471967615399,0.9502655987663009,0.8694471967615399,1.0,1,0.6169020902475838,63
3901,4,9848,9848,0,0,0,0,0.9502655987663009,0.8694471967615399,0.9502655987663009,0.8694471967615399,1.0,1,0.6223839350573042,63
3902,1,9849,9849,0,0,0,0,0.9510426987855775,0.8694471967615399,0.9510426987855775,0.8694471967615399,1.0,1,0.6348566147968041,64
3903,6,9855,9855,0,0,0,0,0.9840704558466373,0.9536595079174904,0.9840704558466373,0.9536595079174904,1.0,1,0.6090815870283474,64
3904,0,9855,9855,0,0,0,0,0.9838176059394411,0.9536595079174904,0.9838176059394411,0.9536595079174904,1.0,1,0.6152386816076217,63
3905,4,9859,9859,0,0,0,0,0.9939125098232607,0.9817375294697822,0.9939125098232607,0.9817375294697822,1.0,1,0.5944495446961435,63
3906,4,9863,9863,0,0,0,0,0.9940076268572724,0.9817375294697822,0.9940076268572724,0.9817375294697822,1.0,1,0.5875132605513984,64
3907,2,9865,9865,0,0,0,0,1.0,1.0,1.0,1.0,1.0,1,0.5986453412627328,64
3908,5,9870,9870,0,0,0,0,1.0,1.0,1.0,1.0,1.0,1,0.600195012361344,63
3909,4,9874,9874,0,0,0,0,1.0,1.0,1.0,1.0,1.0,1,0.6121888313135219,62
3910,2,9876,9876,0,0,0,0,1.0,1.0,1.0,1.0,1.0,1,0.6243429413533041,62
3911,3,9879,9879,0,0,0,0,0.9858719438610041,0.956943067004965,0.9858719438610041,0.956943067004965,1.0,1,0.6385736882481077,64
3912,0,9879,9879,0,0,0,0,0.9858719438610042,0.956943067004965,0.9858719438610042,0.956943067004965,1.0,1,0.6385736882481077,64
3913,4,9883,9883,0,0,0,0,0.9753966248767112,0.9452023335519011,0.9753966248767112,0.9452023335519011,1.0,1,0.6460488728423459,65
3914,0,9883,9883,0,0,0,0,0.9650543273369641,0.9452023335519011,0.9650543273369641,0.9452023335519011,1.0,1,0.6566909685269059,65
3915,4,9887,9887,0,0,0,0,0.9517330514368294,0.9011853061996512,0.9517330514368294,0.9011853061996512,1.0,1,0.6566268483971568,66
3916,2,9889,9889,0,0,0,0,0.9317972727044214,0.9011853061996512,0.9317972727044214,0.9011853061996512,1.0,1,0.6581016041776175,66
3917,1,9890,9890,0,0,0,0,0.9317972727044213,0.9011853061996512,0.9317972727044213,0.9011853061996512,1.0,1,0.6548073191862777,66
3918,2,9892,9892,0,0,0,0,0.9352645995620468,0.86279772503538,0.9352645995620468,0.86279772503538,1.0,1,0.657519146252193,67
3919,2,9894,9894,0,0,0,0,0.9534740204534619,0.9078543748272778,0.9534740204534619,0.9078543748272778,1.0,1,0.6376059880047606,68
3920,2,9896,9896,0,0,0,0,0.9657494677243695,0.9078543748272778,0.9657494677243695,0.9078543748272778,1.0,1,0.6127415442002442,69
3921,2,9898,9898,0,0,0,0,0.9516935276284926,0.8732957177826409,0.9516935276284926,0.8732957177826409,1.0,1,0.6207001216834326,68
3922,1,9899,9899,0,0,0,0,0.9516935276284926,0.8732957177826409,0.9516935276284926,0.8732957177826409,1.0,1,0.6117581803944065,68
3923,1,9900,9900,0,0,0,0,0.9420845959095868,0.8401534847104596,0.9420845959095868,0.8401534847104596,1.0,1,0.6132249908777709,69
3924,0,9900,9900,0,0,0,0,0.9420845959095868,0.8401534847104596,0.9420845959095868,0.8401534847104596,1.0,1,0.6072626223063768,69
3925,5,9905,9905,0,0,0,0,0.9580625518988826,0.9091077830907348,0.9580625518988826,0.9091077830907348,1.0,1,0.6073079694506835,67
3926,3,9908,9908,0,0,0,0,0.9599691063859499,0.9091077830907348,0.9599691063859499,0.9091077830907348,1.0,1,0.6166381766965187,67
3927,2,9910,9910,0,0,0,0,0.9714787256926588,0.9426211842386848,0.9714787256926588,0.9426211842386848,1.0,1,0.6344571575239641,65
3928,2,9912,9912,0,0,0,0,0.9610018021747495,0.9155072184603028,0.9610018021747495,0.9155072184603028,1.0,1,0.6454053416302981,65
3929,2,9914,9914,0,0,0,0,0.9856100850182508,0.9718310055605596,0.9856100850182508,0.9718310055605596,1.0,1,0.6446794565341561,64
3930,3,9917,9917,0,0,0,0,0.9845796650558061,0.9530046935034091,0.9845796650558061,0.9530046935034091,1.0,1,0.6433687139112447,64
3931,2,9919,9919,0,0,0,0,1.0,1.0,1.0,1.0,1.0,1,0.6400492219984971,62
3932,1,9920,9920,0,0,0,0,1.0,1.0,1.0,1.0,1.0,1,0.6322839964950041,62
3933,1,9921,9921,0,0,0,0,1.0,1.0,1.0,1.0,1.0,1,0.6266610484644537,62
3934,6,9927,9927,0,0,0,0,1.0,1.0,1.0,1.0,1.0,1,0.6187618472641049,61
3935,1,9928,9928,0,0,0,0,1.0,1.0,1.0,1.0,1.0,1,0.6120003263627184,64
3936,4,9932,9932,0,0,0,0,0.9920758450360954,0.9754728536831521,0.9920758450360954,0.9754728536831521,1.0,1,0.619989666267733,65
3937,4,9936,9936,0,0,0,0,0.9663548751401188,0.9034531199672973,0.9663548751401188,0.9034531199672973,1.0,1,0.6232551332801394,66
3938,1,9937,9937,0,0,0,0,0.9663548751401188,0.9034531199672973,0.9663548751401188,0.9034531199672973,1.0,1,0.6202252659427578,66
3939,3,9940,9940,0,0,0,0,0.9531767393988023,0.8692850641549896,0.9531767393988023,0.8692850641549896,1.0,1,0.6130876744209383,67
3940,6,9946,9946,0,0,0,0,0.9545339353582573,0.8692850641549896,0.9545339353582573,0.8692850641549896,1.0,1,0.6120242036389645,69
3941,1,9947,9947,0,0,0,0,0.9545339353582573,0.8692850641549896,0.9545339353582573,0.8692850641549896,1.0,1,0.6004066453101222,69
3942,4,9951,9951,0,0,0,0,0.954533935358257,0.8692850641549896,0.954533935358257,0.8692850641549896,1.0,1,0.6041307980740919,69
3943,3,9954,9954,0,0,0,0,0.9712634566640648,0.9150397849198435,0.9712634566640648,0.9150397849198435,1.0,1,0.5879828568642994,68
3944,4,9958,9958,0,0,0,0,0.9534901918076056,0.8682222101215491,0.9534901918076056,0.8682222101215491,1.0,1,0.6009406536736127,68
3945,5,9963,9963,0,0,0,0,0.9817155674050816,0.9443155916427481,0.9817155674050816,0.9443155916427481,1.0,1,0.6069843377009069,67
3946,3,9966,9966,0,0,0,0,0.9666291212618999,0.9027891793281431,0.9666291212618999,0.9027891793281431,1.0,1,0.5998785951741218,67
3947,4,9970,9970,0,0,0,0,0.9506670799229032,0.9169928765977047,0.9506670799229032,0.9169928765977047,1.0,1,0.6167961007662444,66
3948,1,9971,9971,0,0,0,0,0.9350485161103474,0.8938006268541769,0.9350485161103474,0.8938006268541769,1.0,1,0.6127441803425321,67
3949,5,9976,9976,0,0,0,0,0.9522146394029287,0.8750810447262014,0.9522146394029287,0.8750810447262014,1.0,1,0.6106722825032812,66
3950,1,9977,9977,0,0,0,0,0.9404108004881097,0.8750810447262014,0.9404108004881097,0.8750810447262014,1.0,1,0.6201935078875005,65
3951,7,9984,9984,0,0,0,0,0.915634747442112,0.8750810447262014,0.915634747442112,0.8750810447262014,1.0,1,0.6058839923559755,65
3952,4,9988,9988,0,0,0,0,0.9287965766542647,0.8750810447262014,0.9287965766542647,0.8750810447262014,1.0,1,0.603231321663576,65
3953,2,9990,9990,0,0,0,0,0.9447940054085919,0.8750810447262014,0.9447940054085919,0.8750810447262014,1.0,1,0.6013582934010173,65
3954,2,9992,9992,0,0,0,0,0.9531553917723256,0.8750810447262014,0.9531553917723256,0.8750810447262014,1.0,1,0.6121883480108502,64
3955,0,9992,9992,0,0,0,0,0.9418901992395933,0.8512389100533587,0.9418901992395933,0.8512389100533587,1.0,1,0.6329760771144041,64
3956,3,9995,9995,0,0,0,0,0.9409678214497456,0.8512389100533587,0.9409678214497456,0.8512389100533587,1.0,1,0.6303197359047257,63
3957,2,9997,9997,0,0,0,0,0.9409678214497454,0.8512389100533587,0.9409678214497454,0.8512389100533587,1.0,1,0.6479349072981072,63
3958,3,10000,10000,0,0,0,0,0.9619879307457778,0.900218318207667,0.9619879307457778,0.900218318207667,1.0,1,0.6339847032795641,63
3959,4,10004,10004,0,0,0,0,1.0,1.0,1.0,1.0,1.0,1,0.615046931397724,62
3960,3,10007,10007,0,0,0,0,0.9994748840478513,0.9985201277712172,0.9994748840478513,0.9985201277712172,1.0,1,0.6098197154438637,62
3961,5,10012,10012,0,0,0,0,0.9887663347079912,0.9657640676814971,0.9887663347079912,0.9657640676814971,1.0,1,0.6116832388153682,64
3962,4,10016,10016,0,0,0,0,0.9518879728699047,0.8661230549423434,0.9518879728699047,0.8661230549423434,1.0,1,0.6206998764929473,64
3963,6,10022,10022,0,0,0,0,0.9692517477124682,0.9133458344624104,0.9692517477124682,0.9133458344624104,1.0,1,0.6152951104851881,62
3964,1,10023,10023,0,0,0,0,0.9586069191811206,0.8866189525395911,0.9586069191811206,0.8866189525395911,1.0,1,0.6124726422752312,63
3965,4,10027,10027,0,0,0,0,0.9712809002773085,0.9177589417032016,0.9712809002773085,0.9177589417032016,1.0,1,0.5973706834917877,63
3966,1,10028,10028,0,0,0,0,0.988261099770749,0.9653422945612592,0.988261099770749,0.9653422945612592,1.0,1,0.5949241713012519,62
3967,1,10029,10029,0,0,0,0,0.9537193154961864,0.8712189648589534,0.9537193154961864,0.8712189648589534,1.0,1,0.5930270455909934,64
3968,2,10031,10031,0,0,0,0,0.9636350709871734,0.8958640669178148,0.9636350709871734,0.8958640669178148,1.0,1,0.6028163991697186,63
3969,1,10032,10032,0,0,0,0,0.9497604379964211,0.8623872866858487,0.9497604379964211,0.8623872866858487,1.0,1,0.6004693405928069,63
3970,1,10033,10033,0,0,0,0,0.9350370410510058,0.824058652846474,0.9350370410510058,0.824058652846474,1.0,1,0.5866228186713196,65
3971,4,10037,10037,0,0,0,0,0.9350370410510058,0.824058652846474,0.9350370410510058,0.824058652846474,1.0,1,0.5814320264658612,65
3972,1,10038,10038,0,0,0,0,0.9467159249157558,0.8470978714973864,0.9467159249157558,0.8470978714973864,1.0,1,0.5661477343731652,66
3973,4,10042,10042,0,0,0,0,0.9651961078660592,0.8955883235981776,0.9651961078660592,0.8955883235981776,1.0,1,0.5601838957536989,66
3974,5,10047,10047,0,0,0,0,1.0,1.0,1.0,1.0,1.0,1,0.5332674629696191,66
3975,1,10048,10048,0,0,0,0,1.0,1.0,1.0,1.0,1.0,1,0.5360779538551678,66
3976,5,10053,10053,0,0,0,0,1.0,1.0,1.0,1.0,1.0,1,0.5502211559255017,66
3977,0,10053,10053,0,0,0,0,1.0,1.0,1.0,1.0,1.0,1,0.5462317432725668,64
3978,2,10055,10055,0,0,0,0,1.0,1.0,1.0,1.0,1.0,1,0.5478886071375764,63
3979,5,10060,10060,0,0,0,0,1.0,1.0,1.0,1.0,1.0,1,0.5665021905341554,63
3980,2,10062,10062,0,0,0,0,1.0,1.0,1.0,1.0,1.0,1,0.5610622487332506,63
3981,3,10065,10065,0,0,0,0,1.0,1.0,1.0,1.0,1.0,1,0.564121993540219,64
3982,2,10067,10067,0,0,0,0,1.0,1.0,1.0,1.0,1.0,1,0.5645783965615311,65
3983,2,10069,10069,0,0,0,0,1.0,1.0,1.0,1.0,1.0,1,0.570320184818766,64
3984,5,10074,10074,0,0,0,0,1.0,1.0,1.0,1.0,1.0,1,0.5733576386713644,65
3985,4,10078,10078,0,0,0,0,1.0,1.0,1.0,1.0,1.0,1,0.5761591766612755,64
3986,6,10084,10084,0,0,0,0,0.9904153320147714,0.9698082958465298,0.9904153320147714,0.9698082958465298,1.0,1,0.6106940800664323,63
3987,8,10092,10092,0,0,0,0,0.9639638936680475,0.8968056955039541,0.9639638936680475,0.8968056955039541,1.0,1,0.626644972213825,63
3988,4,10096,10096,0,0,0,0,0.9639063846623321,0.8968056955039541,0.9639063846623321,0.8968056955039541,1.0,1,0.6356621423969574,63
3989,1,10097,10097,0,0,0,0,0.9386754136305736,0.8390229607802557,0.9386754136305736,0.8390229607802557,1.0,1,0.6532131572923745,63
3990,2,10099,10099,0,0,0,0,0.9213752738214886,0.8050106790772917,0.9213752738214886,0.8050106790772917,1.0,1,0.6686707519862047,62
3991,2,10101,10101,0,0,0,0,0.9213752738214886,0.8050106790772917,0.9213752738214886,0.8050106790772917,1.0,1,0.6725983746804064,62
3992,1,10102,10102,0,0,0,0,0.9250041073374199,0.8050106790772917,0.9250041073374199,0.8050106790772917,1.0,1,0.6417651767130512,65
3993,2,10104,10104,0,0,0,0,0.9421768686355461,0.8433956858879376,0.9421768686355461,0.8433956858879376,1.0,1,0.6255235756111283,65
3994,0,10104,10104,0,0,0,0,0.9412733822079766,0.8433956858879376,0.9412733822079766,0.8433956858879376,1.0,1,0.6310436655220023,64
3995,1,10105,10105,0,0,0,0,0.9412733822079766,0.8433956858879376,0.9412733822079766,0.8433956858879376,1.0,1,0.62307796253144,64
3996,2,10107,10107,0,0,0,0,0.9410425013284803,0.8354103162086741,0.9410425013284803,0.8354103162086741,1.0,1,0.6009159012333987,67
3997,0,10107,10107,0,0,0,0,0.9427514143334519,0.8354103162086741,0.9427514143334519,0.8354103162086741,1.0,1,0.588629132988179,69
3998,2,10109,10109,0,0,0,0,0.9599131721568206,0.8797395164704618,0.9599131721568206,0.8797395164704618,1.0,1,0.6010310939596866,69
3999,2,10111,10111,0,0,0,0,0.9599131721568206,0.8797395164704618,0.9599131721568206,0.8797395164704618,1.0,1,0.5891212361751311,69
4000,1,10112,10112,0,0,0,0,0.9599131721568206,0.8797395164704618,0.9599131721568206,0.8797395164704618,1.0,1,0.5907106462749412,69
4001,2,10114,10114,0,0,0,0,0.9593236599826561,0.8797395164704618,0.9593236599826561,0.8797395164704618,1.0,1,0.5908038536038118,68
4002,2,10116,10116,0,0,0,0,0.948416098789269,0.8538456132362622,0.948416098789269,0.8538456132362622,1.0,1,0.5972135648172051,68
4003,2,10118,10118,0,0,0,0,0.9645071202599849,0.895064529464303,0.9645071202599849,0.895064529464303,1.0,1,0.594341969492472,68
4004,4,10122,10122,0,0,0,0,0.9808997605491401,0.9418310889451084,0.9808997605491401,0.9418310889451084,1.0,1,0.5966872610697704,67
4005,2,10124,10124,0,0,0,0,0.994884918235771,0.9836804534188879,0.994884918235771,0.9836804534188879,1.0,1,0.5848849136446721,67
4006,7,10131,10131,0,0,0,0,1.0,1.0,1.0,1.0,1.0,1,0.5599488985923723,67
4007,2,10133,10133,0,0,0,0,1.0,1.0,1.0,1.0,1.0,1,0.5594867621881454,67
4008,4,10137,10137,0,0,0,0,0.9938847492226323,0.9804894379960171,0.9938847492226323,0.9804894379960171,1.0,1,0.5754039767048338,67
4009,3,10140,10140,0,0,0,0,1.0,1.0,1.0,1.0,1.0,1,0.5608046438560645,67
4010,2,10142,10142,0,0,0,0,1.0,1.0,1.0,1.0,1.0,1,0.5478814353677119,66
4011,2,10144,10144,0,0,0,0,1.0,1.0,1.0,1.0,1.0,1,0.5417092737768566,66
4012,1,10145,10145,0,0,0,0,1.0,1.0,1.0,1.0,1.0,1,0.5267185149859505,66
4013,5,10150,10150,0,0,0,0,1.0,1.0,1.0,1.0,1.0,1,0.5104983919854653,66
4014,3,10153,10153,0,0,0,0,1.0,1.0,1.0,1.0,1.0,1,0.5218144473427584,66
4015,3,10156,10156,0,0,0,0,1.0,1.0,1.0,1.0,1.0,1,0.5162798039125784,64
4016,3,10159,10159,0,0,0,0,1.0,1.0,1.0,1.0,1.0,1,0.5315582782423731,64
4017,3,10162,10162,0,0,0,0,0.968815868633408,0.9105151012958662,0.968815868633408,0.9105151012958662,1.0,1,0.5407053428617838,66
4018,5,10167,10167,0,0,0,0,0.9834079841716641,0.9494697699773404,0.9834079841716641,0.9494697699773404,1.0,1,0.579810663365871,67
4019,5,10172,10172,0,0,0,0,0.9576110920036494,0.8816642985101879,0.9576110920036494,0.8816642985101879,1.0,1,0.571497492494135,67
4020,3,10175,10175,0,0,0,0,0.9569688358218865,0.8816642985101879,0.9569688358218865,0.8816642985101879,1.0,1,0.5950713826239953,66
4021,4,10179,10179,0,0,0,0,0.9569688358218865,0.8816642985101879,0.9569688358218865,0.8816642985101879,1.0,1,0.5893521582654809,66
4022,2,10181,10181,0,0,0,0,0.9569688358218865,0.8816642985101879,0.9569688358218865,0.8816642985101879,1.0,1,0.5858321406621877,66
4023,4,10185,10185,0,0,0,0,0.9569688358218865,0.8816642985101879,0.9569688358218865,0.8816642985101879,1.0,1,0.5922169947498404,66
4024,2,10187,10187,0,0,0,0,0.9442148932921364,0.85272731829124,0.9442148932921364,0.85272731829124,1.0,1,0.6020991678806834,66
4025,6,10193,10193,0,0,0,0,0.9555089724013155,0.8776496741036176,0.9555089724013155,0.8776496741036176,1.0,1,0.5987462881149502,66
4026,3,10196,10196,0,0,0,0,0.9555089724013155,0.8776496741036176,0.9555089724013155,0.8776496741036176,1.0,1,0.5876480885340476,66
4027,4,10200,10200,0,0,0,0,0.9868382460744322,0.9617112613074391,0.9868382460744322,0.9617112613074391,1.0,1,0.5750424379804813,64
4028,3,10203,10203,0,0,0,0,0.986629329345455,0.9617112613074391,0.986629329345455,0.9617112613074391,1.0,1,0.5846809577524972,63
4029,1,10204,10204,0,0,0,0,0.9864136733671558,0.9617112613074391,0.9864136733671558,0.9617112613074391,1.0,1,0.5874052907425006,62
4030,3,10207,10207,0,0,0,0,0.9485551981162478,0.8649573950551505,0.9485551981162478,0.8649573950551505,1.0,1,0.6062976465310989,63
4031,2,10209,10209,0,0,0,0,0.9323983954864011,0.8323480208062748,0.9323983954864011,0.8323480208062748,1.0,1,0.626372673115193,62
4032,2,10211,10211,0,0,0,0,0.9439211033240998,0.855129516920591,0.9439211033240998,0.855129516920591,1.0,1,0.6165396224814199,62
4033,3,10214,10214,0,0,0,0,0.9430017771490851,0.855129516920591,0.9430017771490851,0.855129516920591,1.0,1,0.6407870753000806,61
4034,1,10215,10215,0,0,0,0,0.9574300671737145,0.8889480013227335,0.9574300671737145,0.8889480013227335,1.0,1,0.6251820533372225,60
4035,3,10218,10218,0,0,0,0,0.9759948595494404,0.9356225778825902,0.9759948595494404,0.9356225778825902,1.0,1,0.6202727246478437,59
4036,2,10220,10220,0,0,0,0,0.9782158705826032,0.9425691133541358,0.9782158705826032,0.9425691133541358,1.0,1,0.6177030880305282,58
4037,4,10224,10224,0,0,0,0,0.989705908496268,0.9710785048228483,0.989705908496268,0.9710785048228483,1.0,1,0.5803742289131768,59
4038,0,10224,10224,0,0,0,0,0.9895284241599969,0.9710785048228483,0.9895284241599969,0.9710785048228483,1.0,1,0.5787817847014406,58
4039,6,10230,10230,0,0,0,0,1.0,1.0,1.0,1.0,1.0,1,0.569748740615504,56
4040,3,10233,10233,0,0,0,0,1.0,1.0,1.0,1.0,1.0,1,0.5698666090857968,55
4041,2,10235,10235,0,0,0,0,1.0,1.0,1.0,1.0,1.0,1,0.5878182299619144,54
4042,6,10241,10241,0,0,0,0,0.9566650669876973,0.8944888587526544,0.9566650669876973,0.8944888587526544,1.0,1,0.6119032592367384,56
4043,2,10243,10243,0,0,0,0,0.9708463557407476,0.9257907237037212,0.9708463557407476,0.9257907237037212,1.0,1,0.6112688555525131,56
4044,4,10247,10247,0,0,0,0,0.9670523143367721,0.9197795479504016,0.9670523143367721,0.9197795479504016,1.0,1,0.6167682981864807,56
4045,1,10248,10248,0,0,0,0,0.9840264274513051,0.9586139256692908,0.9840264274513051,0.9586139256692908,1.0,1,0.5992030204775977,57
4046,1,10249,10249,0,0,0,0,0.9755938481548942,0.9345471382335804,0.9755938481548942,0.9345471382335804,1.0,1,0.6005991049139294,59
4047,1,10250,10250,0,0,0,0,0.9867203713789086,0.9626905672074098,0.9867203713789086,0.9626905672074098,1.0,1,0.5955131911093355,59
4048,1,10251,10251,0,0,0,0,0.9746695431870794,0.9320683203653498,0.9746695431870794,0.9320683203653498,1.0,1,0.6010617794225707,59
4049,2,10253,10253,0,0,0,0,0.9750917174672948,0.9320683203653498,0.9750917174672948,0.9320683203653498,1.0,1,0.6073630013628958,60
4050,0,10253,10253,0,0,0,0,0.975091717467295,0.9320683203653498,0.975091717467295,0.9320683203653498,1.0,1,0.6073630013628958,60
4051,0,10253,10253,0,0,0,0,0.9750917174672948,0.9320683203653498,0.9750917174672948,0.9320683203653498,1.0,1,0.6073630013628958,60
4052,1,10254,10254,0,0,0,0,0.975091717467295,0.9320683203653498,0.975091717467295,0.9320683203653498,1.0,1,0.6007794557461094,60
4053,2,10256,10256,0,0,0,0,0.975091717467295,0.9320683203653498,0.975091717467295,0.9320683203653498,1.0,1,0.5871507448937361,60
4054,1,10257,10257,0,0,0,0,0.9755000499678311,0.9320683203653498,0.9755000499678311,0.9320683203653498,1.0,1,0.5719208229943145,61
4055,0,10257,10257,0,0,0,0,0.9755000499678311,0.9320683203653498,0.9755000499678311,0.9320683203653498,1.0,1,0.5719208229943145,61
4056,0,10257,10257,0,0,0,0,0.9758952104522209,0.9320683203653498,0.9758952104522209,0.9320683203653498,1.0,1,0.5736953751948244,62
4057,0,10257,10257,0,0,0,0,0.9642976480557868,0.9022066011962854,0.9642976480557868,0.9022066011962854,1.0,1,0.5775091833410387,63
4058,1,10258,10258,0,0,0,0,0.9478164157843572,0.8608437754249525,0.9478164157843572,0.8608437754249525,1.0,1,0.6014572343203028,64
4059,2,10260,10260,0,0,0,0,0.9469881049237914,0.8608437754249525,0.9469881049237914,0.8608437754249525,1.0,1,0.6131928684698749,63
4060,3,10263,10263,0,0,0,0,0.9469881049237914,0.8608437754249525,0.9469881049237914,0.8608437754249525,1.0,1,0.6322280857067567,63
4061,1,10264,10264,0,0,0,0,0.9469881049237914,0.8608437754249525,0.9469881049237914,0.8608437754249525,1.0,1,0.6369171105670328,63
4062,2,10266,10266,0,0,0,0,0.9389985158095123,0.8608437754249525,0.9389985158095123,0.8608437754249525,1.0,1,0.6354115015636106,65
4063,4,10270,10270,0,0,0,0,0.9478164157843572,0.8608437754249525,0.9478164157843572,0.8608437754249525,1.0,1,0.6204454460010693,64
4064,5,10275,10275,0,0,0,0,0.969157733129776,0.9285869678252784,0.969157733129776,0.9285869678252784,1.0,1,0.6205589791917141,65
4065,4,10279,10279,0,0,0,0,0.9754517701899396,0.9285869678252784,0.9754517701899396,0.9285869678252784,1.0,1,0.6135335748918995,64
4066,5,10284,10284,0,0,0,0,0.9754517701899394,0.9285869678252784,0.9754517701899394,0.9285869678252784,1.0,1,0.6197765898463301,64
4067,8,10292,10292,0,0,0,0,0.9662280902899376,0.9032895312848214,0.9662280902899376,0.9032895312848214,1.0,1,0.6089530203776012,63
4068,7,10299,10299,0,0,0,0,0.9121077915170116,0.783649948349567,0.9121077915170116,0.783649948349567,1.0,1,0.6382487933982521,64
4069,10,10309,10309,0,0,0,0,0.9086644517086673,0.7821998463822069,0.9086644517086673,0.7821998463822069,1.0,1,0.6465808359261149,62
4070,5,10314,10314,0,0,0,0,0.9220180009059615,0.8097239222105463,0.9220180009059615,0.8097239222105463,1.0,1,0.6669350354902036,61
4071,10,10324,10324,0,0,0,0,0.890613512545783,0.7528675653812132,0.890613512545783,0.7528675653812132,1.0,1,0.6816609619352973,61
4072,7,10331,10331,0,0,0,0,0.9211630217016167,0.8107912520838801,0.9211630217016167,0.8107912520838801,1.0,1,0.6438475588617086,60
4073,3,10334,10334,0,0,0,0,0.9211630217016168,0.8107912520838801,0.9211630217016168,0.8107912520838801,1.0,1,0.6109457042283,60
4074,5,10339,10339,0,0,0,0,0.9535802014046172,0.8789048732294361,0.9535802014046172,0.8789048732294361,1.0,1,0.5981486301454645,60
4075,2,10341,10341,0,0,0,0,0.9527934251572377,0.8789048732294361,0.9527934251572377,0.8789048732294361,1.0,1,0.5793487862201725,59
4076,1,10342,10342,0,0,0,0,0.9535802014046172,0.8789048732294361,0.9535802014046172,0.8789048732294361,1.0,1,0.568717316584881,60
4077,2,10344,10344,0,0,0,0,0.9543411817094596,0.8789048732294361,0.9543411817094596,0.8789048732294361,1.0,1,0.5403867400098784,61
4078,0,10344,10344,0,0,0,0,0.9535802014046172,0.8789048732294361,0.9535802014046172,0.8789048732294361,1.0,1,0.5455533737544738,60
4079,0,10344,10344,0,0,0,0,0.9519795186944316,0.8789048732294361,0.9519795186944316,0.8789048732294361,1.0,1,0.5659486666576959,58
4080,2,10346,10346,0,0,0,0,0.9502645015049469,0.8789048732294361,0.9502645015049469,0.8789048732294361,1.0,1,0.5706554211068713,56
4081,1,10347,10347,0,0,0,0,0.950264501504947,0.8789048732294361,0.950264501504947,0.8789048732294361,1.0,1,0.5833297717359872,56
4082,3,10350,10350,0,0,0,0,0.9636786529146377,0.9091966322865944,0.9636786529146377,0.9091966322865944,1.0,1,0.5671510360380217,55
4083,4,10354,10354,0,0,0,0,0.9494594201486235,0.8791420916597521,0.9494594201486235,0.8791420916597521,1.0,1,0.5849664077051663,55
4084,3,10357,10357,0,0,0,0,0.9690494798268526,0.9226236995671314,0.9690494798268526,0.9226236995671314,1.0,1,0.5556323735782712,55
4085,2,10359,10359,0,0,0,0,0.9787296762344775,0.9458573576877607,0.9787296762344775,0.9458573576877607,1.0,1,0.544838071016466,56
4086,1,10360,10360,0,0,0,0,0.9997043379674495,0.9991974887687914,0.9997043379674495,0.9991974887687914,1.0,1,0.5260725146758015,57
4087,1,10361,10361,0,0,0,0,1.0,1.0,1.0,1.0,1.0,1,0.5287491210286612,57
4088,0,10361,10361,0,0,0,0,1.0,1.0,1.0,1.0,1.0,1,0.531167157489468,57
4089,1,10362,10362,0,0,0,0,0.9992570611452466,0.9980188297206578,0.9992570611452466,0.9980188297206578,1.0,1,0.551850012613907,56
4090,2,10364,10364,0,0,0,0,0.9992570611452466,0.9980188297206578,0.9992570611452466,0.9980188297206578,1.0,1,0.5576555675468327,56
4091,0,10364,10364,0,0,0,0,0.983684082166873,0.9584685727884041,0.983684082166873,0.9584685727884041,1.0,1,0.5759544206812031,56
4092,2,10366,10366,0,0,0,0,0.9839703263393842,0.9584685727884041,0.9839703263393842,0.9584685727884041,1.0,1,0.5838867682189294,57
4093,3,10369,10369,0,0,0,0,0.9961176053317281,0.9892771956781061,0.9961176053317281,0.9892771956781061,1.0,1,0.58689988348025,58
4094,4,10373,10373,0,0,0,0,1.0,1.0,1.0,1.0,1.0,1,0.5819390399967288,57
4095,5,10378,10378,0,0,0,0,1.0,1.0,1.0,1.0,1.0,1,0.5969045050740881,57
4096,2,10380,10380,0,0,0,0,1.0,1.0,1.0,1.0,1.0,1,0.6015268852922369,59
4097,6,10386,10386,0,0,0,0,1.0,1.0,1.0,1.0,1.0,1,0.5950411175773167,59
4098,4,10390,10390,0,0,0,0,1.0,1.0,1.0,1.0,1.0,1,0.6020981330674302,59
4099,8,10398,10398,0,0,0,0,1.0,1.0,1.0,1.0,1.0,1,0.5913471822800529,60
4100,7,10405,10405,0,0,0,0,1.0,1.0,1.0,1.0,1.0,1,0.5890085134804757,60
4101,7,10412,10412,0,0,0,0,0.9832638929471906,0.9543560716741563,0.9832638929471906,0.9543560716741563,1.0,1,0.6177202954831625,60
4102,6,10418,10418,0,0,0,0,0.947082148343182,0.8677053708579552,0.947082148343182,0.8677053708579552,1.0,1,0.6067343718391934,60
4103,6,10424,10424,0,0,0,0,0.9808940111274037,0.9496296656995187,0.9808940111274037,0.9496296656995187,1.0,1,0.5996158488116003,58
4104,3,10427,10427,0,0,0,0,0.9815308774231569,0.9496296656995187,0.9815308774231569,0.9496296656995187,1.0,1,0.6097514174545966,60
4105,3,10430,10430,0,0,0,0,0.9725685630580185,0.9264338736555952,0.9725685630580185,0.9264338736555952,1.0,1,0.624681972072322,59
4106,2,10432,10432,0,0,0,0,0.9593467901521794,0.8921806173601279,0.9593467901521794,0.8921806173601279,1.0,1,0.6210625069027215,61
4107,2,10434,10434,0,0,0,0,0.9579687152420836,0.8921806173601279,0.9579687152420836,0.8921806173601279,1.0,1,0.6304145222341578,59
4108,2,10436,10436,0,0,0,0,0.9586692366547157,0.8921806173601279,0.9586692366547157,0.8921806173601279,1.0,1,0.6068652759355119,60
4109,4,10440,10440,0,0,0,0,0.9766553472311899,0.9373938857563728,0.9766553472311899,0.9373938857563728,1.0,1,0.5954290955776508,59
4110,2,10442,10442,0,0,0,0,0.9770444247773368,0.9373938857563728,0.9770444247773368,0.9373938857563728,1.0,1,0.5821012765801536,60
4111,3,10445,10445,0,0,0,0,0.9575481910579144,0.8874104197622947,0.9575481910579144,0.8874104197622947,1.0,1,0.5954522923954176,61
4112,3,10448,10448,0,0,0,0,0.9777465049992023,0.9393086499978246,0.9777465049992023,0.9393086499978246,1.0,1,0.5874784666202284,60
4113,2,10450,10450,0,0,0,0,0.9993817684763069,0.9982041846216535,0.9993817684763069,0.9982041846216535,1.0,1,0.5616767212989694,61
4114,1,10451,10451,0,0,0,0,0.9993917399524955,0.9982041846216535,0.9993917399524955,0.9982041846216535,1.0,1,0.5626796727014906,62
4115,3,10454,10454,0,0,0,0,1.0,1.0,1.0,1.0,1.0,1,0.5625558739660261,60
4116,1,10455,10455,0,0,0,0,1.0,1.0,1.0,1.0,1.0,1,0.5656753552424965,59
4117,7,10462,10462,0,0,0,0,1.0,1.0,1.0,1.0,1.0,1,0.5748543709984887,56
4118,1,10463,10463,0,0,0,0,1.0,1.0,1.0,1.0,1.0,1,0.5855765418210338,55
4119,5,10468,10468,0,0,0,0,1.0,1.0,1.0,1.0,1.0,1,0.6158296425756751,53
4120,0,10468,10468,0,0,0,0,1.0,1.0,1.0,1.0,1.0,1,0.6219616622704466,52
4121,4,10472,10472,0,0,0,0,1.0,1.0,1.0,1.0,1.0,1,0.6102131902666011,53
4122,1,10473,10473,0,0,0,0,1.0,1.0,1.0,1.0,1.0,1,0.5953348873112229,52
4123,3,10476,10476,0,0,0,0,1.0,1.0,1.0,1.0,1.0,1,0.5910848671903993,51
4124,4,10480,10480,0,0,0,0,1.0,1.0,1.0,1.0,1.0,1,0.5953746851481855,51
4125,2,10482,10482,0,0,0,0,1.0,1.0,1.0,1.0,1.0,1,0.6026930806783802,50
4126,4,10486,10486,0,0,0,0,1.0,1.0,1.0,1.0,1.0,1,0.6244791397353626,50
4127,0,10486,10486,0,0,0,0,1.0,1.0,1.0,1.0,1.0,1,0.628454347345156,49
4128,3,10489,10489,0,0,0,0,1.0,1.0,1.0,1.0,1.0,1,0.6297261698166727,49
4129,3,10492,10492,0,0,0,0,1.0,1.0,1.0,1.0,1.0,1,0.6034406883533399,49
4130,1,10493,10493,0,0,0,0,1.0,1.0,1.0,1.0,1.0,1,0.6015778678288272,50
4131,1,10494,10494,0,0,0,0,1.0,1.0,1.0,1.0,1.0,1,0.5836480906083134,50
4132,3,10497,10497,0,0,0,0,1.0,1.0,1.0,1.0,1.0,1,0.5904820967058519,50
4133,1,10498,10498,0,0,0,0,1.0,1.0,1.0,1.0,1.0,1,0.6069035126712009,51
4134,3,10501,10501,0,0,0,0,1.0,1.0,1.0,1.0,1.0,1,0.5854296528545421,53
4135,1,10502,10502,0,0,0,0,1.0,1.0,1.0,1.0,1.0,1,0.5851271626512191,54
4136,1,10503,10503,0,0,0,0,1.0,1.0,1.0,1.0,1.0,1,0.5906148346577589,54
4137,0,10503,10503,0,0,0,0,1.0,1.0,1.0,1.0,1.0,1,0.568602159835946,55
4138,1,10504,10504,0,0,0,0,1.0,1.0,1.0,1.0,1.0,1,0.5757753908631663,54
4139,3,10507,10507,0,0,0,0,1.0,1.0,1.0,1.0,1.0,1,0.6011663574910228,54
4140,2,10509,10509,0,0,0,0,1.0,1.0,1.0,1.0,1.0,1,0.60856664499912,55
4141,3,10512,10512,0,0,0,0,1.0,1.0,1.0,1.0,1.0,1,0.6086685465151611,55
4142,4,10516,10516,0,0,0,0,1.0,1.0,1.0,1.0,1.0,1,0.5836674887295118,55
4143,2,10518,10518,0,0,0,0,1.0,1.0,1.0,1.0,1.0,1,0.5898974795986005,53
4144,7,10525,10525,0,0,0,0,1.0,1.0,1.0,1.0,1.0,1,0.6319946229593607,52
4145,6,10531,10531,0,0,0,0,1.0,1.0,1.0,1.0,1.0,1,0.6392336909504495,51
4146,3,10534,10534,0,0,0,0,1.0,1.0,1.0,1.0,1.0,1,0.6629221199718166,51
4147,5,10539,10539,0,0,0,0,1.0,1.0,1.0,1.0,1.0,1,0.6857801611033687,50
4148,3,10542,10542,0,0,0,0,1.0,1.0,1.0,1.0,1.0,1,0.6721445426298472,52
4149,0,10542,10542,0,0,0,0,1.0,1.0,1.0,1.0,1.0,1,0.6581340776786506,53
4150,1,10543,10543,0,0,0,0,1.0,1.0,1.0,1.0,1.0,1,0.6537227175501341,53
4151,1,10544,10544,0,0,0,0,1.0,1.0,1.0,1.0,1.0,1,0.6495453182114015,53
4152,0,10544,10544,0,0,0,0,1.0,1.0,1.0,1.0,1.0,1,0.6354973788457419,54
4153,1,10545,10545,0,0,0,0,1.0,1.0,1.0,1.0,1.0,1,0.6410169969251708,51
4154,2,10547,10547,0,0,0,0,1.0,1.0,1.0,1.0,1.0,1,0.6442383629512122,51
4155,3,10550,10550,0,0,0,0,1.0,1.0,1.0,1.0,1.0,1,0.6647567734911612,51
4156,1,10551,10551,0,0,0,0,1.0,1.0,1.0,1.0,1.0,1,0.6503933584908798,52
4157,3,10554,10554,0,0,0,0,1.0,1.0,1.0,1.0,1.0,1,0.6555379507963913,52
4158,4,10558,10558,0,0,0,0,1.0,1.0,1.0,1.0,1.0,1,0.6438109014137573,52
4159,4,10562,10562,0,0,0,0,1.0,1.0,1.0,1.0,1.0,1,0.6492111997989138,52
4160,0,10562,10562,0,0,0,0,1.0,1.0,1.0,1.0,1.0,1,0.6588685916030782,50
4161,3,10565,10565,0,0,0,0,1.0,1.0,1.0,1.0,1.0,1,0.6459553948011105,50
4162,1,10566,10566,0,0,0,0,1.0,1.0,1.0,1.0,1.0,1,0.6465362551089215,51
4163,3,10569,10569,0,0,0,0,1.0,1.0,1.0,1.0,1.0,1,0.6330810819876865,48
4164,2,10571,10571,0,0,0,0,1.0,1.0,1.0,1.0,1.0,1,0.6004768928698183,50
4165,1,10572,10572,0,0,0,0,1.0,1.0,1.0,1.0,1.0,1,0.5814902509208093,49
4166,2,10574,10574,0,0,0,0,1.0,1.0,1.0,1.0,1.0,1,0.5655115322724855,50
4167,6,10580,10580,0,0,0,0,1.0,1.0,1.0,1.0,1.0,1,0.5387321293986596,50
4168,3,10583,10583,0,0,0,0,1.0,1.0,1.0,1.0,1.0,1,0.524502824652712,50
4169,5,10588,10588,0,0,0,0,0.9908981107302551,0.9778954117734767,0.9908981107302551,0.9778954117734767,1.0,1,0.5354628008148987,51
4170,1,10589,10589,0,0,0,0,0.9698417780228951,0.9314585864156705,0.9698417780228951,0.9314585864156705,1.0,1,0.5422142057378901,50
4171,6,10595,10595,0,0,0,0,0.9294189794868959,0.8529562072643662,0.9294189794868959,0.8529562072643662,1.0,1,0.575145765173893,50
4172,2,10597,10597,0,0,0,0,0.9492735664709149,0.8919306416119488,0.9492735664709149,0.8919306416119488,1.0,1,0.5728755463117952,49
4173,5,10602,10602,0,0,0,0,0.9859284203391426,0.9678363893466121,0.9859284203391426,0.9678363893466121,1.0,1,0.6300735567387323,48
4174,1,10603,10603,0,0,0,0,0.9859284203391429,0.9678363893466121,0.9859284203391429,0.9678363893466121,1.0,1,0.6448635915434346,48
4175,4,10607,10607,0,0,0,0,1.0,1.0,1.0,1.0,1.0,1,0.6690506608003216,48
4176,1,10608,10608,0,0,0,0,1.0,1.0,1.0,1.0,1.0,1,0.6469778010055911,50
4177,3,10611,10611,0,0,0,0,1.0,1.0,1.0,1.0,1.0,1,0.6253819289415685,52
4178,3,10614,10614,0,0,0,0,1.0,1.0,1.0,1.0,1.0,1,0.5839381673860352,53
4179,3,10617,10617,0,0,0,0,1.0,1.0,1.0,1.0,1.0,1,0.5825843306634669,54
4180,2,10619,10619,0,0,0,0,1.0,1.0,1.0,1.0,1.0,1,0.5717522345305336,55
4181,1,10620,10620,0,0,0,0,1.0,1.0,1.0,1.0,1.0,1,0.5674423617079013,56
4182,3,10623,10623,0,0,0,0,1.0,1.0,1.0,1.0,1.0,1,0.5663685454745786,56
4183,0,10623,10623,0,0,0,0,1.0,1.0,1.0,1.0,1.0,1,0.5573055396010542,57
4184,3,10626,10626,0,0,0,0,1.0,1.0,1.0,1.0,1.0,1,0.5717267748191482,57
4185,3,10629,10629,0,0,0,0,1.0,1.0,1.0,1.0,1.0,1,0.6125826417187726,54
4186,1,10630,10630,0,0,0,0,1.0,1.0,1.0,1.0,1.0,1,0.6136588365333608,55
4187,1,10631,10631,0,0,0,0,1.0,1.0,1.0,1.0,1.0,1,0.6241710254372255,53
4188,1,10632,10632,0,0,0,0,1.0,1.0,1.0,1.0,1.0,1,0.6428835790593791,53
4189,6,10638,10638,0,0,0,0,1.0,1.0,1.0,1.0,1.0,1,0.6205397944165473,53
4190,6,10644,10644,0,0,0,0,1.0,1.0,1.0,1.0,1.0,1,0.5906837282834871,53
4191,1,10645,10645,0,0,0,0,1.0,1.0,1.0,1.0,1.0,1,0.5780131812166326,51
4192,3,10648,10648,0,0,0,0,1.0,1.0,1.0,1.0,1.0,1,0.5750408237969395,51
4193,3,10651,10651,0,0,0,0,1.0,1.0,1.0,1.0,1.0,1,0.5634349988561232,50
4194,5,10656,10656,0,0,0,0,1.0,1.0,1.0,1.0,1.0,1,0.5482887298633462,50
4195,4,10660,10660,0,0,0,0,1.0,1.0,1.0,1.0,1.0,1,0.5326026910160256,50
4196,1,10661,10661,0,0,0,0,1.0,1.0,1.0,1.0,1.0,1,0.5128709027741497,51
4197,1,10662,10662,0,0,0,0,1.0,1.0,1.0,1.0,1.0,1,0.5073708190658227,50
4198,2,10664,10664,0,0,0,0,1.0,1.0,1.0,1.0,1.0,1,0.4941042925741403,48
4199,2,10666,10666,0,0,0,0,1.0,1.0,1.0,1.0,1.0,1,0.4685839540077756,48
4200,1,10667,10667,0,0,0,0,1.0,1.0,1.0,1.0,1.0,1,0.4504508907605149,48
4201,5,10672,10672,0,0,0,0,1.0,1.0,1.0,1.0,1.0,1,0.4801479434789688,47
4202,3,10675,10675,0,0,0,0,1.0,1.0,1.0,1.0,1.0,1,0.48764715869177966,47
4203,5,10680,10680,0,0,0,0,1.0,1.0,1.0,1.0,1.0,1,0.528040857939534,47
4204,3,10683,10683,0,0,0,0,1.0,1.0,1.0,1.0,1.0,1,0.5681595419164269,48
4205,1,10684,10684,0,0,0,0,1.0,1.0,1.0,1.0,1.0,1,0.5485068496639797,49
4206,3,10687,10687,0,0,0,0,1.0,1.0,1.0,1.0,1.0,1,0.574555035265041,49
4207,3,10690,10690,0,0,0,0,1.0,1.0,1.0,1.0,1.0,1,0.5478084773861432,48
4208,1,10691,10691,0,0,0,0,1.0,1.0,1.0,1.0,1.0,1,0.5620242887438747,49
4209,1,10692,10692,0,0,0,0,1.0,1.0,1.0,1.0,1.0,1,0.5402000011024448,51
4210,2,10694,10694,0,0,0,0,1.0,1.0,1.0,1.0,1.0,1,0.5467178378984555,52
4211,0,10694,10694,0,0,0,0,1.0,1.0,1.0,1.0,1.0,1,0.5379322946274143,53
4212,1,10695,10695,0,0,0,0,1.0,1.0,1.0,1.0,1.0,1,0.5251051989882568,53
4213,1,10696,10696,0,0,0,0,1.0,1.0,1.0,1.0,1.0,1,0.5095731985314322,54
4214,1,10697,10697,0,0,0,0,1.0,1.0,1.0,1.0,1.0,1,0.4922518334862745,54
4215,0,10697,10697,0,0,0,0,1.0,1.0,1.0,1.0,1.0,1,0.4922518334862745,54
4216,1,10698,10698,0,0,0,0,1.0,1.0,1.0,1.0,1.0,1,0.49734504398804785,53
4217,2,10700,10700,0,0,0,0,1.0,1.0,1.0,1.0,1.0,1,0.500630513967576,54
4218,3,10703,10703,0,0,0,0,1.0,1.0,1.0,1.0,1.0,1,0.5053396427767344,53
4219,6,10709,10709,0,0,0,0,1.0,1.0,1.0,1.0,1.0,1,0.5273830107612267,53
4220,2,10711,10711,0,0,0,0,1.0,1.0,1.0,1.0,1.0,1,0.5549670991322366,53
4221,3,10714,10714,0,0,0,0,1.0,1.0,1.0,1.0,1.0,1,0.5506151370625898,54
4222,6,10720,10720,0,0,0,0,1.0,1.0,1.0,1.0,1.0,1,0.5673284163719504,55
4223,1,10721,10721,0,0,0,0,1.0,1.0,1.0,1.0,1.0,1,0.5607096596261332,56
4224,3,10724,10724,0,0,0,0,1.0,1.0,1.0,1.0,1.0,1,0.5828930812014068,55
4225,3,10727,10727,0,0,0,0,1.0,1.0,1.0,1.0,1.0,1,0.578130396753194,53
4226,1,10728,10728,0,0,0,0,1.0,1.0,1.0,1.0,1.0,1,0.5972104196603192,54
4227,3,10731,10731,0,0,0,0,1.0,1.0,1.0,1.0,1.0,1,0.5955513285913805,52
4228,1,10732,10732,0,0,0,0,1.0,1.0,1.0,1.0,1.0,1,0.6035357220486713,51
4229,1,10733,10733,0,0,0,0,1.0,1.0,1.0,1.0,1.0,1,0.5958386172962264,48
4230,1,10734,10734,0,0,0,0,1.0,1.0,1.0,1.0,1.0,1,0.6158925845461451,48
4231,1,10735,10735,0,0,0,0,1.0,1.0,1.0,1.0,1.0,1,0.6165397020691735,48
4232,1,10736,10736,0,0,0,0,1.0,1.0,1.0,1.0,1.0,1,0.6354600098389908,48
4233,4,10740,10740,0,0,0,0,1.0,1.0,1.0,1.0,1.0,1,0.6008036944994121,48
4234,2,10742,10742,0,0,0,0,1.0,1.0,1.0,1.0,1.0,1,0.5876381447094601,49
4235,3,10745,10745,0,0,0,0,1.0,1.0,1.0,1.0,1.0,1,0.5639332893262661,47
4236,4,10749,10749,0,0,0,0,1.0,1.0,1.0,1.0,1.0,1,0.558028014879789,47
4237,2,10751,10751,0,0,0,0,1.0,1.0,1.0,1.0,1.0,1,0.5248310421333785,48
4238,0,10751,10751,0,0,0,0,1.0,1.0,1.0,1.0,1.0,1,0.5323655805032788,47
4239,4,10755,10755,0,0,0,0,1.0,1.0,1.0,1.0,1.0,1,0.5260475606602432,48
4240,0,10755,10755,0,0,0,0,1.0,1.0,1.0,1.0,1.0,1,0.5338536118471878,47
4241,2,10757,10757,0,0,0,0,1.0,1.0,1.0,1.0,1.0,1,0.5388795849543747,49
4242,0,10757,10757,0,0,0,0,1.0,1.0,1.0,1.0,1.0,1,0.5369411817752783,49
4243,2,10759,10759,0,0,0,0,1.0,1.0,1.0,1.0,1.0,1,0.5123869983036581,50
4244,1,10760,10760,0,0,0,0,1.0,1.0,1.0,1.0,1.0,1,0.5146340109033009,51
4245,2,10762,10762,0,0,0,0,1.0,1.0,1.0,1.0,1.0,1,0.5087706260296276,51
4246,3,10765,10765,0,0,0,0,1.0,1.0,1.0,1.0,1.0,1,0.4855374801662611,51
4247,4,10769,10769,0,0,0,0,1.0,1.0,1.0,1.0,1.0,1,0.5273995441736152,52
4248,4,10773,10773,0,0,0,0,1.0,1.0,1.0,1.0,1.0,1,0.5284544541461729,52
4249,6,10779,10779,0,0,0,0,1.0,1.0,1.0,1.0,1.0,1,0.5517959995934647,52
4250,10,10789,10789,0,0,0,0,1.0,1.0,1.0,1.0,1.0,1,0.5471155327415358,52
4251,6,10795,10795,0,0,0,0,1.0,1.0,1.0,1.0,1.0,1,0.5177014613400414,53
4252,3,10798,10798,0,0,0,0,1.0,1.0,1.0,1.0,1.0,1,0.49157059877981873,53
4253,11,10809,10809,0,0,0,0,1.0,1.0,1.0,1.0,1.0,1,0.4938448864042376,54
4254,2,10811,10811,0,0,0,0,1.0,1.0,1.0,1.0,1.0,1,0.4730458174476723,54
4255,3,10814,10814,0,0,0,0,1.0,1.0,1.0,1.0,1.0,1,0.4703378306585634,55
4256,3,10817,10817,0,0,0,0,1.0,1.0,1.0,1.0,1.0,1,0.4660824971982272,57
4257,1,10818,10818,0,0,0,0,1.0,1.0,1.0,1.0,1.0,1,0.4795635642293914,57
4258,2,10820,10820,0,0,0,0,1.0,1.0,1.0,1.0,1.0,1,0.49883870453463475,57
4259,2,10822,10822,0,0,0,0,1.0,1.0,1.0,1.0,1.0,1,0.49346244355697844,57
4260,2,10824,10824,0,0,0,0,1.0,1.0,1.0,1.0,1.0,1,0.5015354521098885,58
4261,4,10828,10828,0,0,0,0,1.0,1.0,1.0,1.0,1.0,1,0.51805210842053,59
4262,3,10831,10831,0,0,0,0,1.0,1.0,1.0,1.0,1.0,1,0.5052880034301674,60
4263,3,10834,10834,0,0,0,0,1.0,1.0,1.0,1.0,1.0,1,0.5132169196619957,59
4264,3,10837,10837,0,0,0,0,1.0,1.0,1.0,1.0,1.0,1,0.522162210244589,58
4265,2,10839,10839,0,0,0,0,1.0,1.0,1.0,1.0,1.0,1,0.5326761091992583,58
4266,5,10844,10844,0,0,0,0,1.0,1.0,1.0,1.0,1.0,1,0.5406993732681206,58
4267,2,10846,10846,0,0,0,0,1.0,1.0,1.0,1.0,1.0,1,0.5525152882457751,55
4268,1,10847,10847,0,0,0,0,1.0,1.0,1.0,1.0,1.0,1,0.5571899531699528,55
4269,0,10847,10847,0,0,0,0,1.0,1.0,1.0,1.0,1.0,1,0.554644903293841,50
4270,5,10852,10852,0,0,0,0,1.0,1.0,1.0,1.0,1.0,1,0.5831459306511801,47
4271,3,10855,10855,0,0,0,0,1.0,1.0,1.0,1.0,1.0,1,0.5795275522473364,47
4272,3,10858,10858,0,0,0,0,1.0,1.0,1.0,1.0,1.0,1,0.6013560101600903,46
4273,6,10864,10864,0,0,0,0,1.0,1.0,1.0,1.0,1.0,1,0.6156368482684388,47
4274,7,10871,10871,0,0,0,0,1.0,1.0,1.0,1.0,1.0,1,0.6678083444558569,45
4275,4,10875,10875,0,0,0,0,1.0,1.0,1.0,1.0,1.0,1,0.6665412388737253,44
4276,8,10883,10883,0,0,0,0,0.9942261732437621,0.9875862724740886,0.9942261732437621,0.9875862724740886,1.0,1,0.6678736943685923,43
4277,4,10887,10887,0,0,0,0,1.0,1.0,1.0,1.0,1.0,1,0.6202669016196845,42
4278,5,10892,10892,0,0,0,0,0.9973587143118173,0.9945916531146739,0.9973587143118173,0.9945916531146739,1.0,1,0.6533967210036202,43
4279,0,10892,10892,0,0,0,0,0.997295826557337,0.9945916531146739,0.997295826557337,0.9945916531146739,1.0,1,0.6716653544838465,42
4280,6,10898,10898,0,0,0,0,0.9924060210184235,0.9840888059433636,0.9924060210184235,0.9840888059433636,1.0,1,0.6476206810759929,44
4281,2,10900,10900,0,0,0,0,1.0,1.0,1.0,1.0,1.0,1,0.6117093979897177,44
4282,3,10903,10903,0,0,0,0,1.0,1.0,1.0,1.0,1.0,1,0.5803789891751804,44
4283,4,10907,10907,0,0,0,0,1.0,1.0,1.0,1.0,1.0,1,0.5795688800257556,45
4284,3,10910,10910,0,0,0,0,1.0,1.0,1.0,1.0,1.0,1,0.5674099167829847,45
4285,3,10913,10913,0,0,0,0,1.0,1.0,1.0,1.0,1.0,1,0.5324574308968933,47
4286,1,10914,10914,0,0,0,0,1.0,1.0,1.0,1.0,1.0,1,0.5572278415670591,47
4287,2,10916,10916,0,0,0,0,1.0,1.0,1.0,1.0,1.0,1,0.5154246816035759,49
4288,3,10919,10919,0,0,0,0,1.0,1.0,1.0,1.0,1.0,1,0.5182190304465697,49
4289,3,10922,10922,0,0,0,0,1.0,1.0,1.0,1.0,1.0,1,0.49043382472093505,50
4290,2,10924,10924,0,0,0,0,1.0,1.0,1.0,1.0,1.0,1,0.5102505165511234,51
4291,2,10926,10926,0,0,0,0,1.0,1.0,1.0,1.0,1.0,1,0.5270349213105139,50
4292,1,10927,10927,0,0,0,0,1.0,1.0,1.0,1.0,1.0,1,0.5086808666169903,51
4293,3,10930,10930,0,0,0,0,1.0,1.0,1.0,1.0,1.0,1,0.4916804989786405,51
4294,1,10931,10931,0,0,0,0,1.0,1.0,1.0,1.0,1.0,1,0.512733864126474,50
4295,2,10933,10933,0,0,0,0,1.0,1.0,1.0,1.0,1.0,1,0.5049061099906432,50
4296,0,10933,10933,0,0,0,0,1.0,1.0,1.0,1.0,1.0,1,0.5171358537371045,49
4297,4,10937,10937,0,0,0,0,1.0,1.0,1.0,1.0,1.0,1,0.5855690969254344,49
4298,2,10939,10939,0,0,0,0,1.0,1.0,1.0,1.0,1.0,1,0.5947220003177505,49
4299,2,10941,10941,0,0,0,0,1.0,1.0,1.0,1.0,1.0,1,0.5938176998043785,48
4300,2,10943,10943,0,0,0,0,1.0,1.0,1.0,1.0,1.0,1,0.5898419243670582,49
4301,2,10945,10945,0,0,0,0,1.0,1.0,1.0,1.0,1.0,1,0.5707396579283028,50
4302,4,10949,10949,0,0,0,0,1.0,1.0,1.0,1.0,1.0,1,0.5784242954291011,51
4303,5,10954,10954,0,0,0,0,1.0,1.0,1.0,1.0,1.0,1,0.553852495200432,51
4304,4,10958,10958,0,0,0,0,1.0,1.0,1.0,1.0,1.0,1,0.5463901683711866,51
4305,8,10966,10966,0,0,0,0,1.0,1.0,1.0,1.0,1.0,1,0.5765805101900057,49
4306,3,10969,10969,0,0,0,0,1.0,1.0,1.0,1.0,1.0,1,0.5554781729962821,49
4307,6,10975,10975,0,0,0,0,1.0,1.0,1.0,1.0,1.0,1,0.5704793636093664,46
4308,3,10978,10978,0,0,0,0,1.0,1.0,1.0,1.0,1.0,1,0.5246082735959442,44
4309,5,10983,10983,0,0,0,0,1.0,1.0,1.0,1.0,1.0,1,0.5329833998825674,44
4310,2,10985,10985,0,0,0,0,1.0,1.0,1.0,1.0,1.0,1,0.5302547702680239,42
4311,3,10988,10988,0,0,0,0,1.0,1.0,1.0,1.0,1.0,1,0.5270478468592626,42
4312,3,10991,10991,0,0,0,0,1.0,1.0,1.0,1.0,1.0,1,0.5147006216504553,40
4313,2,10993,10993,0,0,0,0,1.0,1.0,1.0,1.0,1.0,1,0.5171779769047326,40
4314,5,10998,10998,0,0,0,0,1.0,1.0,1.0,1.0,1.0,1,0.5174023064863027,36
4315,0,10998,10998,0,0,0,0,1.0,1.0,1.0,1.0,1.0,1,0.5233348725126487,37
4316,3,11001,11001,0,0,0,0,1.0,1.0,1.0,1.0,1.0,1,0.5404564078065578,37
4317,1,11002,11002,0,0,0,0,1.0,1.0,1.0,1.0,1.0,1,0.5279438080449445,36
4318,1,11003,11003,0,0,0,0,1.0,1.0,1.0,1.0,1.0,1,0.49858558994821955,34
4319,1,11004,11004,0,0,0,0,1.0,1.0,1.0,1.0,1.0,1,0.5223332095685154,34
4320,2,11006,11006,0,0,0,0,1.0,1.0,1.0,1.0,1.0,1,0.5627687481725504,34
4321,1,11007,11007,0,0,0,0,1.0,1.0,1.0,1.0,1.0,1,0.5437456993891845,35
4322,2,11009,11009,0,0,0,0,1.0,1.0,1.0,1.0,1.0,1,0.5071956849754025,35
4323,2,11011,11011,0,0,0,0,1.0,1.0,1.0,1.0,1.0,1,0.507715509228232,35
4324,4,11015,11015,0,0,0,0,1.0,1.0,1.0,1.0,1.0,1,0.5328090856556746,34
4325,2,11017,11017,0,0,0,0,1.0,1.0,1.0,1.0,1.0,1,0.5072789148155608,34
4326,4,11021,11021,0,0,0,0,1.0,1.0,1.0,1.0,1.0,1,0.5727825681306258,36
4327,3,11024,11024,0,0,0,0,1.0,1.0,1.0,1.0,1.0,1,0.5773068665483333,35
4328,2,11026,11026,0,0,0,0,1.0,1.0,1.0,1.0,1.0,1,0.6228800123786655,35
4329,1,11027,11027,0,0,0,0,1.0,1.0,1.0,1.0,1.0,1,0.5718049722274751,38
4330,2,11029,11029,0,0,0,0,1.0,1.0,1.0,1.0,1.0,1,0.5635945362060303,38
4331,2,11031,11031,0,0,0,0,1.0,1.0,1.0,1.0,1.0,1,0.5542361646462087,39
4332,1,11032,11032,0,0,0,0,1.0,1.0,1.0,1.0,1.0,1,0.5744987046899924,40
4333,1,11033,11033,0,0,0,0,1.0,1.0,1.0,1.0,1.0,1,0.5620311905927765,41
4334,1,11034,11034,0,0,0,0,1.0,1.0,1.0,1.0,1.0,1,0.566428129873929,41
4335,0,11034,11034,0,0,0,0,1.0,1.0,1.0,1.0,1.0,1,0.5462835963911896,42
4336,3,11037,11037,0,0,0,0,1.0,1.0,1.0,1.0,1.0,1,0.5514720637818349,43
4337,0,11037,11037,0,0,0,0,1.0,1.0,1.0,1.0,1.0,1,0.5290693061231251,44
4338,3,11040,11040,0,0,0,0,1.0,1.0,1.0,1.0,1.0,1,0.5124261358942316,44
4339,2,11042,11042,0,0,0,0,1.0,1.0,1.0,1.0,1.0,1,0.5213811549685194,46
4340,3,11045,11045,0,0,0,0,1.0,1.0,1.0,1.0,1.0,1,0.5478743268134527,47
4341,2,11047,11047,0,0,0,0,1.0,1.0,1.0,1.0,1.0,1,0.5428612685997724,47
4342,3,11050,11050,0,0,0,0,1.0,1.0,1.0,1.0,1.0,1,0.5537947519263955,47
4343,2,11052,11052,0,0,0,0,1.0,1.0,1.0,1.0,1.0,1,0.5643922741485448,42
4344,1,11053,11053,0,0,0,0,1.0,1.0,1.0,1.0,1.0,1,0.5588261817005304,42
4345,4,11057,11057,0,0,0,0,1.0,1.0,1.0,1.0,1.0,1,0.6018959672892313,39
4346,4,11061,11061,0,0,0,0,1.0,1.0,1.0,1.0,1.0,1,0.5594590392296686,37
4347,3,11064,11064,0,0,0,0,1.0,1.0,1.0,1.0,1.0,1,0.5861485704511907,37
4348,5,11069,11069,0,0,0,0,1.0,1.0,1.0,1.0,1.0,1,0.538580188651401,38
4349,5,11074,11074,0,0,0,0,1.0,1.0,1.0,1.0,1.0,1,0.5668957294784069,36
4350,3,11077,11077,0,0,0,0,1.0,1.0,1.0,1.0,1.0,1,0.558296606873331,37
4351,3,11080,11080,0,0,0,0,1.0,1.0,1.0,1.0,1.0,1,0.5685955519701461,35
4352,1,11081,11081,0,0,0,0,1.0,1.0,1.0,1.0,1.0,1,0.6048508191824128,34
4353,5,11086,11086,0,0,0,0,1.0,1.0,1.0,1.0,1.0,1,0.6044430001017119,34
4354,1,11087,11087,0,0,0,0,1.0,1.0,1.0,1.0,1.0,1,0.620124113792028,32
4355,6,11093,11093,0,0,0,0,1.0,1.0,1.0,1.0,1.0,1,0.5871666082080912,32
4356,3,11096,11096,0,0,0,0,1.0,1.0,1.0,1.0,1.0,1,0.5989820004760921,34
4357,2,11098,11098,0,0,0,0,1.0,1.0,1.0,1.0,1.0,1,0.5836327731615194,35
4358,3,11101,11101,0,0,0,0,1.0,1.0,1.0,1.0,1.0,1,0.6309464682202929,35
4359,6,11107,11107,0,0,0,0,1.0,1.0,1.0,1.0,1.0,1,0.6247593628819473,37
4360,0,11107,11107,0,0,0,0,1.0,1.0,1.0,1.0,1.0,1,0.6136357194420371,38
4361,1,11108,11108,0,0,0,0,1.0,1.0,1.0,1.0,1.0,1,0.5997496621995022,39
4362,2,11110,11110,0,0,0,0,1.0,1.0,1.0,1.0,1.0,1,0.5833940525597335,38
4363,0,11110,11110,0,0,0,0,1.0,1.0,1.0,1.0,1.0,1,0.5833940525597335,38
4364,3,11113,11113,0,0,0,0,1.0,1.0,1.0,1.0,1.0,1,0.5829130428874977,39
4365,0,11113,11113,0,0,0,0,1.0,1.0,1.0,1.0,1.0,1,0.5829130428874977,39
4366,3,11116,11116,0,0,0,0,1.0,1.0,1.0,1.0,1.0,1,0.5400428593208635,39
4367,2,11118,11118,0,0,0,0,1.0,1.0,1.0,1.0,1.0,1,0.5079289108659147,41
4368,4,11122,11122,0,0,0,0,1.0,1.0,1.0,1.0,1.0,1,0.5327206923681291,41
4369,1,11123,11123,0,0,0,0,1.0,1.0,1.0,1.0,1.0,1,0.5143951190651253,42
4370,2,11125,11125,0,0,0,0,1.0,1.0,1.0,1.0,1.0,1,0.532294341390464,42
4371,3,11128,11128,0,0,0,0,1.0,1.0,1.0,1.0,1.0,1,0.5795485665644226,43
4372,3,11131,11131,0,0,0,0,1.0,1.0,1.0,1.0,1.0,1,0.5704557770768082,43
4373,2,11133,11133,0,0,0,0,1.0,1.0,1.0,1.0,1.0,1,0.5958708935087317,43
4374,7,11140,11140,0,0,0,0,1.0,1.0,1.0,1.0,1.0,1,0.566303358896972,44
4375,4,11144,11144,0,0,0,0,1.0,1.0,1.0,1.0,1.0,1,0.6029659041125326,45
4376,7,11151,11151,0,0,0,0,1.0,1.0,1.0,1.0,1.0,1,0.5993189286229109,46
4377,2,11153,11153,0,0,0,0,1.0,1.0,1.0,1.0,1.0,1,0.5861588733065873,47
4378,4,11157,11157,0,0,0,0,1.0,1.0,1.0,1.0,1.0,1,0.5491123716048754,49
4379,3,11160,11160,0,0,0,0,1.0,1.0,1.0,1.0,1.0,1,0.5265966385509709,51
4380,2,11162,11162,0,0,0,0,1.0,1.0,1.0,1.0,1.0,1,0.5215796723744724,50
4381,2,11164,11164,0,0,0,0,1.0,1.0,1.0,1.0,1.0,1,0.5413666262162731,49
4382,2,11166,11166,0,0,0,0,1.0,1.0,1.0,1.0,1.0,1,0.5486825395431212,47
4383,2,11168,11168,0,0,0,0,1.0,1.0,1.0,1.0,1.0,1,0.5693856438153446,47
4384,2,11170,11170,0,0,0,0,1.0,1.0,1.0,1.0,1.0,1,0.6039633686108,44
4385,1,11171,11171,0,0,0,0,1.0,1.0,1.0,1.0,1.0,1,0.6302175761489706,42
4386,4,11175,11175,0,0,0,0,1.0,1.0,1.0,1.0,1.0,1,0.6605678899036759,41
4387,0,11175,11175,0,0,0,0,1.0,1.0,1.0,1.0,1.0,1,0.6697865315998104,39
4388,2,11177,11177,0,0,0,0,1.0,1.0,1.0,1.0,1.0,1,0.6783777481863768,39
4389,3,11180,11180,0,0,0,0,1.0,1.0,1.0,1.0,1.0,1,0.6710784358353539,38
4390,4,11184,11184,0,0,0,0,1.0,1.0,1.0,1.0,1.0,1,0.7096476765958287,38
4391,0,11184,11184,0,0,0,0,1.0,1.0,1.0,1.0,1.0,1,0.7013691537241565,39
4392,0,11184,11184,0,0,0,0,1.0,1.0,1.0,1.0,1.0,1,0.7013691537241565,39
4393,1,11185,11185,0,0,0,0,1.0,1.0,1.0,1.0,1.0,1,0.6806702951490614,40
4394,0,11185,11185,0,0,0,0,1.0,1.0,1.0,1.0,1.0,1,0.6809771785420183,39
4395,0,11185,11185,0,0,0,0,1.0,1.0,1.0,1.0,1.0,1,0.6809771785420183,39
4396,0,11185,11185,0,0,0,0,1.0,1.0,1.0,1.0,1.0,1,0.6812198555895449,39
4397,0,11185,11185,0,0,0,0,1.0,1.0,1.0,1.0,1.0,1,0.6954474795157755,38
4398,0,11185,11185,0,0,0,0,1.0,1.0,1.0,1.0,1.0,1,0.6765284978178874,39
4399,0,11185,11185,0,0,0,0,1.0,1.0,1.0,1.0,1.0,1,0.6598116468029684,42
4400,0,11185,11185,0,0,0,0,1.0,1.0,1.0,1.0,1.0,1,0.6553666563996968,43
4401,0,11185,11185,0,0,0,0,1.0,1.0,1.0,1.0,1.0,1,0.6481530601767775,44
4402,1,11186,11186,0,0,0,0,1.0,1.0,1.0,1.0,1.0,1,0.6643280812955836,44
4403,1,11187,11187,0,0,0,0,1.0,1.0,1.0,1.0,1.0,1,0.6684134344256736,45
4404,0,11187,11187,0,0,0,0,1.0,1.0,1.0,1.0,1.0,1,0.6684134344256736,45
4405,3,11190,11190,0,0,0,0,1.0,1.0,1.0,1.0,1.0,1,0.6566461979834923,46
4406,0,11190,11190,0,0,0,0,1.0,1.0,1.0,1.0,1.0,1,0.6566461979834923,46
4407,1,11191,11191,0,0,0,0,1.0,1.0,1.0,1.0,1.0,1,0.6494253450837215,46
4408,2,11193,11193,0,0,0,0,1.0,1.0,1.0,1.0,1.0,1,0.6339872765552458,47
4409,1,11194,11194,0,0,0,0,1.0,1.0,1.0,1.0,1.0,1,0.6190005403901777,48
4410,2,11196,11196,0,0,0,0,1.0,1.0,1.0,1.0,1.0,1,0.6401234969324174,48
4411,0,11196,11196,0,0,0,0,1.0,1.0,1.0,1.0,1.0,1,0.6312233838166571,50
4412,1,11197,11197,0,0,0,0,1.0,1.0,1.0,1.0,1.0,1,0.6456133374394277,50
4413,0,11197,11197,0,0,0,0,1.0,1.0,1.0,1.0,1.0,1,0.6458110367809816,50
4414,2,11199,11199,0,0,0,0,1.0,1.0,1.0,1.0,1.0,1,0.6703081044804374,51
4415,2,11201,11201,0,0,0,0,1.0,1.0,1.0,1.0,1.0,1,0.6441308096292765,51
4416,0,11201,11201,0,0,0,0,1.0,1.0,1.0,1.0,1.0,1,0.6441308096292765,51
4417,0,11201,11201,0,0,0,0,1.0,1.0,1.0,1.0,1.0,1,0.6441308096292765,51
4418,1,11202,11202,0,0,0,0,1.0,1.0,1.0,1.0,1.0,1,0.6215036169607483,51
4419,1,11203,11203,0,0,0,0,1.0,1.0,1.0,1.0,1.0,1,0.6066877886056032,50
4420,0,11203,11203,0,0,0,0,1.0,1.0,1.0,1.0,1.0,1,0.6032359513590554,50
4421,4,11207,11207,0,0,0,0,1.0,1.0,1.0,1.0,1.0,1,0.6373892906839541,52
4422,2,11209,11209,0,0,0,0,1.0,1.0,1.0,1.0,1.0,1,0.6550686835038726,51
4423,3,11212,11212,0,0,0,0,0.9504810852179572,0.894772306088159,0.9504810852179572,0.894772306088159,1.0,1,0.6824212283481851,51
4424,4,11216,11216,0,0,0,0,0.9761230427074123,0.942478239249675,0.9761230427074123,0.942478239249675,1.0,1,0.6597726055582014,53
4425,1,11217,11217,0,0,0,0,0.9994112550829531,0.998486084499022,0.9994112550829531,0.998486084499022,1.0,1,0.6384613909100576,54
4426,1,11218,11218,0,0,0,0,1.0,1.0,1.0,1.0,1.0,1,0.6254253950795728,55
4427,2,11220,11220,0,0,0,0,1.0,1.0,1.0,1.0,1.0,1,0.6138623826688584,55
4428,0,11220,11220,0,0,0,0,1.0,1.0,1.0,1.0,1.0,1,0.6138623826688584,55
4429,2,11222,11222,0,0,0,0,1.0,1.0,1.0,1.0,1.0,1,0.5962676024135807,56
4430,0,11222,11222,0,0,0,0,1.0,1.0,1.0,1.0,1.0,1,0.5981244242235076,55
4431,3,11225,11225,0,0,0,0,1.0,1.0,1.0,1.0,1.0,1,0.5791246638648884,56
4432,2,11227,11227,0,0,0,0,1.0,1.0,1.0,1.0,1.0,1,0.556108995157124,56
4433,3,11230,11230,0,0,0,0,1.0,1.0,1.0,1.0,1.0,1,0.5308106457125116,57
4434,4,11234,11234,0,0,0,0,1.0,1.0,1.0,1.0,1.0,1,0.5130237185535892,56
4435,0,11234,11234,0,0,0,0,1.0,1.0,1.0,1.0,1.0,1,0.5130237185535892,56
4436,8,11242,11242,0,0,0,0,1.0,1.0,1.0,1.0,1.0,1,0.516912427236737,55
4437,3,11245,11245,0,0,0,0,1.0,1.0,1.0,1.0,1.0,1,0.5716524161869808,54
4438,5,11250,11250,0,0,0,0,1.0,1.0,1.0,1.0,1.0,1,0.5791275158339555,54
4439,3,11253,11253,0,0,0,0,1.0,1.0,1.0,1.0,1.0,1,0.6083590419445911,55
4440,2,11255,11255,0,0,0,0,1.0,1.0,1.0,1.0,1.0,1,0.6158795438863551,55
4441,2,11257,11257,0,0,0,0,1.0,1.0,1.0,1.0,1.0,1,0.5693373302845666,59
4442,2,11259,11259,0,0,0,0,1.0,1.0,1.0,1.0,1.0,1,0.5474046911739678,61
4443,5,11264,11264,0,0,0,0,1.0,1.0,1.0,1.0,1.0,1,0.5598156510907226,60
4444,2,11266,11266,0,0,0,0,1.0,1.0,1.0,1.0,1.0,1,0.568269027689556,61
4445,3,11269,11269,0,0,0,0,1.0,1.0,1.0,1.0,1.0,1,0.5924997551358293,61
4446,2,11271,11271,0,0,0,0,1.0,1.0,1.0,1.0,1.0,1,0.5885118671850764,62
4447,5,11276,11276,0,0,0,0,1.0,1.0,1.0,1.0,1.0,1,0.6045876244608541,63
4448,1,11277,11277,0,0,0,0,1.0,1.0,1.0,1.0,1.0,1,0.5954562103686198,63
4449,3,11280,11280,0,0,0,0,0.9891306198786203,0.9657614526176539,0.9891306198786203,0.9657614526176539,1.0,1,0.5964697633952296,63
4450,1,11281,11281,0,0,0,0,1.0,1.0,1.0,1.0,1.0,1,0.597510413951066,62
4451,1,11282,11282,0,0,0,0,1.0,1.0,1.0,1.0,1.0,1,0.5838390103013559,63
4452,2,11284,11284,0,0,0,0,0.9997571154569189,0.9992227694621407,0.9997571154569189,0.9992227694621407,1.0,1,0.6077886214178752,64
4453,0,11284,11284,0,0,0,0,0.9997608521421973,0.9992227694621407,0.9997608521421973,0.9992227694621407,1.0,1,0.6078084484850976,65
4454,1,11285,11285,0,0,0,0,1.0,1.0,1.0,1.0,1.0,1,0.5783315440761034,66
4455,1,11286,11286,0,0,0,0,1.0,1.0,1.0,1.0,1.0,1,0.5538783460369893,67
4456,1,11287,11287,0,0,0,0,1.0,1.0,1.0,1.0,1.0,1,0.5360407324251306,67
4457,4,11291,11291,0,0,0,0,1.0,1.0,1.0,1.0,1.0,1,0.5465506986342504,65
4458,1,11292,11292,0,0,0,0,1.0,1.0,1.0,1.0,1.0,1,0.5345105543790634,65
4459,6,11298,11298,0,0,0,0,1.0,1.0,1.0,1.0,1.0,1,0.5178449805438284,64
4460,3,11301,11301,0,0,0,0,1.0,1.0,1.0,1.0,1.0,1,0.5198889018752756,63
4461,4,11305,11305,0,0,0,0,1.0,1.0,1.0,1.0,1.0,1,0.4957147385115305,62
4462,2,11307,11307,0,0,0,0,1.0,1.0,1.0,1.0,1.0,1,0.5032136052205005,61
4463,1,11308,11308,0,0,0,0,1.0,1.0,1.0,1.0,1.0,1,0.5146216276631036,61
4464,8,11316,11316,0,0,0,0,1.0,1.0,1.0,1.0,1.0,1,0.5201529127084714,58
4465,5,11321,11321,0,0,0,0,1.0,1.0,1.0,1.0,1.0,1,0.535604418188791,57
4466,7,11328,11328,0,0,0,0,1.0,1.0,1.0,1.0,1.0,1,0.5649442935712364,54
4467,5,11333,11333,0,0,0,0,1.0,1.0,1.0,1.0,1.0,1,0.5476069370839163,52
4468,4,11337,11337,0,0,0,0,1.0,1.0,1.0,1.0,1.0,1,0.5288748134105946,52
4469,4,11341,11341,0,0,0,0,1.0,1.0,1.0,1.0,1.0,1,0.5249691499674609,51
4470,3,11344,11344,0,0,0,0,1.0,1.0,1.0,1.0,1.0,1,0.5547400888089536,51
4471,3,11347,11347,0,0,0,0,1.0,1.0,1.0,1.0,1.0,1,0.5436041900780023,50
4472,6,11353,11353,0,0,0,0,1.0,1.0,1.0,1.0,1.0,1,0.5884781140688528,48
4473,5,11358,11358,0,0,0,0,1.0,1.0,1.0,1.0,1.0,1,0.6051578808828136,47
4474,3,11361,11361,0,0,0,0,1.0,1.0,1.0,1.0,1.0,1,0.5797938233479017,49
4475,4,11365,11365,0,0,0,0,1.0,1.0,1.0,1.0,1.0,1,0.5731846392274227,47
4476,2,11367,11367,0,0,0,0,1.0,1.0,1.0,1.0,1.0,1,0.5583741280065013,49
4477,3,11370,11370,0,0,0,0,1.0,1.0,1.0,1.0,1.0,1,0.5916613747740905,48
4478,0,11370,11370,0,0,0,0,1.0,1.0,1.0,1.0,1.0,1,0.5916613747740905,48
4479,0,11370,11370,0,0,0,0,1.0,1.0,1.0,1.0,1.0,1,0.5916613747740905,48
4480,0,11370,11370,0,0,0,0,1.0,1.0,1.0,1.0,1.0,1,0.5928030514991788,49
4481,2,11372,11372,0,0,0,0,1.0,1.0,1.0,1.0,1.0,1,0.588240624408043,49
4482,2,11374,11374,0,0,0,0,1.0,1.0,1.0,1.0,1.0,1,0.591110454619563,49
4483,3,11377,11377,0,0,0,0,1.0,1.0,1.0,1.0,1.0,1,0.5848519933611699,50
4484,1,11378,11378,0,0,0,0,1.0,1.0,1.0,1.0,1.0,1,0.5739158045815689,52
4485,4,11382,11382,0,0,0,0,1.0,1.0,1.0,1.0,1.0,1,0.5681304622221812,53
4486,3,11385,11385,0,0,0,0,1.0,1.0,1.0,1.0,1.0,1,0.5520661368792266,55
4487,2,11387,11387,0,0,0,0,1.0,1.0,1.0,1.0,1.0,1,0.5516828865929128,55
4488,4,11391,11391,0,0,0,0,1.0,1.0,1.0,1.0,1.0,1,0.5481480135981109,54
4489,2,11393,11393,0,0,0,0,1.0,1.0,1.0,1.0,1.0,1,0.5484664367964364,53
4490,4,11397,11397,0,0,0,0,1.0,1.0,1.0,1.0,1.0,1,0.5651022513212731,53
4491,3,11400,11400,0,0,0,0,1.0,1.0,1.0,1.0,1.0,1,0.5950531246813505,52
4492,2,11402,11402,0,0,0,0,1.0,1.0,1.0,1.0,1.0,1,0.5940411953038066,52
4493,2,11404,11404,0,0,0,0,1.0,1.0,1.0,1.0,1.0,1,0.6263978377256572,52
4494,0,11404,11404,0,0,0,0,1.0,1.0,1.0,1.0,1.0,1,0.6308637893245885,53
4495,1,11405,11405,0,0,0,0,1.0,1.0,1.0,1.0,1.0,1,0.6442374870138975,50
4496,2,11407,11407,0,0,0,0,1.0,1.0,1.0,1.0,1.0,1,0.6302441602029379,51
4497,4,11411,11411,0,0,0,0,1.0,1.0,1.0,1.0,1.0,1,0.616054490025992,50
4498,6,11417,11417,0,0,0,0,1.0,1.0,1.0,1.0,1.0,1,0.6127433587447643,49
4499,8,11425,11425,0,0,0,0,1.0,1.0,1.0,1.0,1.0,1,0.6079054954359434,48
4500,6,11431,11431,0,0,0,0,1.0,1.0,1.0,1.0,1.0,1,0.5438455356944242,48
4501,5,11436,11436,0,0,0,0,1.0,1.0,1.0,1.0,1.0,1,0.5257281388124334,48
4502,7,11443,11443,0,0,0,0,1.0,1.0,1.0,1.0,1.0,1,0.5313022928546148,49
4503,5,11448,11448,0,0,0,0,1.0,1.0,1.0,1.0,1.0,1,0.5328803393517236,49
4504,2,11450,11450,0,0,0,0,1.0,1.0,1.0,1.0,1.0,1,0.5587655157375709,45
4505,5,11455,11455,0,0,0,0,1.0,1.0,1.0,1.0,1.0,1,0.5580872753268519,46
4506,4,11459,11459,0,0,0,0,1.0,1.0,1.0,1.0,1.0,1,0.5648394799875402,45
4507,3,11462,11462,0,0,0,0,1.0,1.0,1.0,1.0,1.0,1,0.5618229235991671,45
4508,1,11463,11463,0,0,0,0,1.0,1.0,1.0,1.0,1.0,1,0.5301960343397407,43
4509,0,11463,11463,0,0,0,0,1.0,1.0,1.0,1.0,1.0,1,0.5431341229614689,41
4510,2,11465,11465,0,0,0,0,1.0,1.0,1.0,1.0,1.0,1,0.5515684142057721,42
4511,1,11466,11466,0,0,0,0,1.0,1.0,1.0,1.0,1.0,1,0.5597562983374035,41
4512,2,11468,11468,0,0,0,0,1.0,1.0,1.0,1.0,1.0,1,0.5499942264436888,41
4513,2,11470,11470,0,0,0,0,1.0,1.0,1.0,1.0,1.0,1,0.5627253246476589,41
4514,4,11474,11474,0,0,0,0,1.0,1.0,1.0,1.0,1.0,1,0.5459073741900794,42
4515,3,11477,11477,0,0,0,0,1.0,1.0,1.0,1.0,1.0,1,0.5483604463571167,41
4516,2,11479,11479,0,0,0,0,1.0,1.0,1.0,1.0,1.0,1,0.5561587370803098,42
4517,2,11481,11481,0,0,0,0,1.0,1.0,1.0,1.0,1.0,1,0.5668543624594286,43
4518,2,11483,11483,0,0,0,0,1.0,1.0,1.0,1.0,1.0,1,0.5705191257356457,42
4519,0,11483,11483,0,0,0,0,1.0,1.0,1.0,1.0,1.0,1,0.5705191257356457,42
4520,5,11488,11488,0,0,0,0,1.0,1.0,1.0,1.0,1.0,1,0.6133245137531244,42
4521,2,11490,11490,0,0,0,0,1.0,1.0,1.0,1.0,1.0,1,0.6080563161162658,42
4522,3,11493,11493,0,0,0,0,1.0,1.0,1.0,1.0,1.0,1,0.6316757591673166,42
4523,5,11498,11498,0,0,0,0,1.0,1.0,1.0,1.0,1.0,1,0.6428445953463653,42
4524,4,11502,11502,0,0,0,0,1.0,1.0,1.0,1.0,1.0,1,0.5707453849664956,43
4525,5,11507,11507,0,0,0,0,1.0,1.0,1.0,1.0,1.0,1,0.5386304934361189,46
4526,5,11512,11512,0,0,0,0,1.0,1.0,1.0,1.0,1.0,1,0.5366806714050326,46
4527,6,11518,11518,0,0,0,0,1.0,1.0,1.0,1.0,1.0,1,0.5797409612796398,47
4528,3,11521,11521,0,0,0,0,1.0,1.0,1.0,1.0,1.0,1,0.5577374478506902,49
4529,3,11524,11524,0,0,0,0,1.0,1.0,1.0,1.0,1.0,1,0.5212050023547928,50
4530,1,11525,11525,0,0,0,0,1.0,1.0,1.0,1.0,1.0,1,0.5209999984376736,51
4531,4,11529,11529,0,0,0,0,1.0,1.0,1.0,1.0,1.0,1,0.5234371364300499,51
4532,0,11529,11529,0,0,0,0,1.0,1.0,1.0,1.0,1.0,1,0.5234371364300499,51
4533,2,11531,11531,0,0,0,0,1.0,1.0,1.0,1.0,1.0,1,0.49385742464226906,50
4534,1,11532,11532,0,0,0,0,1.0,1.0,1.0,1.0,1.0,1,0.4897841213367133,51
4535,1,11533,11533,0,0,0,0,1.0,1.0,1.0,1.0,1.0,1,0.4651327556096929,50
4536,2,11535,11535,0,0,0,0,1.0,1.0,1.0,1.0,1.0,1,0.47642302931627156,48
4537,2,11537,11537,0,0,0,0,1.0,1.0,1.0,1.0,1.0,1,0.47305437619428264,49
4538,1,11538,11538,0,0,0,0,1.0,1.0,1.0,1.0,1.0,1,0.502546238285232,48
4539,5,11543,11543,0,0,0,0,1.0,1.0,1.0,1.0,1.0,1,0.4483133720937172,50
4540,2,11545,11545,0,0,0,0,1.0,1.0,1.0,1.0,1.0,1,0.44312881928764103,49
4541,3,11548,11548,0,0,0,0,1.0,1.0,1.0,1.0,1.0,1,0.4339434952077845,49
4542,3,11551,11551,0,0,0,0,1.0,1.0,1.0,1.0,1.0,1,0.425400493602968,47
4543,1,11552,11552,0,0,0,0,1.0,1.0,1.0,1.0,1.0,1,0.44241336371738055,45
4544,5,11557,11557,0,0,0,0,1.0,1.0,1.0,1.0,1.0,1,0.4478227771102759,45
4545,2,11559,11559,0,0,0,0,1.0,1.0,1.0,1.0,1.0,1,0.4653207012443813,43
4546,2,11561,11561,0,0,0,0,1.0,1.0,1.0,1.0,1.0,1,0.5031477181982708,43
4547,7,11568,11568,0,0,0,0,1.0,1.0,1.0,1.0,1.0,1,0.5092247033169999,41
4548,0,11568,11568,0,0,0,0,1.0,1.0,1.0,1.0,1.0,1,0.5121440305318792,42
4549,2,11570,11570,0,0,0,0,1.0,1.0,1.0,1.0,1.0,1,0.4990623974318828,41
4550,1,11571,11571,0,0,0,0,1.0,1.0,1.0,1.0,1.0,1,0.5350294742475535,41
4551,2,11573,11573,0,0,0,0,1.0,1.0,1.0,1.0,1.0,1,0.5763652000043646,39
4552,1,11574,11574,0,0,0,0,1.0,1.0,1.0,1.0,1.0,1,0.564643867421615,38
4553,2,11576,11576,0,0,0,0,1.0,1.0,1.0,1.0,1.0,1,0.5597768279503275,39
4554,0,11576,11576,0,0,0,0,1.0,1.0,1.0,1.0,1.0,1,0.5611161684747625,38
4555,6,11582,11582,0,0,0,0,1.0,1.0,1.0,1.0,1.0,1,0.5852506453579369,37
4556,3,11585,11585,0,0,0,0,1.0,1.0,1.0,1.0,1.0,1,0.6087299461601411,36
4557,5,11590,11590,0,0,0,0,1.0,1.0,1.0,1.0,1.0,1,0.6413943180924571,38
4558,2,11592,11592,0,0,0,0,1.0,1.0,1.0,1.0,1.0,1,0.6158583518054644,39
4559,1,11593,11593,0,0,0,0,1.0,1.0,1.0,1.0,1.0,1,0.6283185697122387,38
4560,1,11594,11594,0,0,0,0,1.0,1.0,1.0,1.0,1.0,1,0.5994407657924434,41
4561,2,11596,11596,0,0,0,0,1.0,1.0,1.0,1.0,1.0,1,0.6105752819593092,41
4562,0,11596,11596,0,0,0,0,1.0,1.0,1.0,1.0,1.0,1,0.5948326112663997,43
4563,3,11599,11599,0,0,0,0,1.0,1.0,1.0,1.0,1.0,1,0.6347233583819253,42
4564,0,11599,11599,0,0,0,0,1.0,1.0,1.0,1.0,1.0,1,0.6238859663764964,43
4565,2,11601,11601,0,0,0,0,1.0,1.0,1.0,1.0,1.0,1,0.6221355982190295,44
4566,2,11603,11603,0,0,0,0,1.0,1.0,1.0,1.0,1.0,1,0.632032917189962,45
4567,3,11606,11606,0,0,0,0,1.0,1.0,1.0,1.0,1.0,1,0.6188587819808639,47
4568,1,11607,11607,0,0,0,0,1.0,1.0,1.0,1.0,1.0,1,0.637578623807015,47
4569,4,11611,11611,0,0,0,0,1.0,1.0,1.0,1.0,1.0,1,0.6271331277013029,49
4570,5,11616,11616,0,0,0,0,1.0,1.0,1.0,1.0,1.0,1,0.6202207084792261,49
4571,2,11618,11618,0,0,0,0,1.0,1.0,1.0,1.0,1.0,1,0.607493691307626,48
4572,1,11619,11619,0,0,0,0,1.0,1.0,1.0,1.0,1.0,1,0.6103085733696223,48
4573,1,11620,11620,0,0,0,0,1.0,1.0,1.0,1.0,1.0,1,0.6163975424198125,48
4574,1,11621,11621,0,0,0,0,1.0,1.0,1.0,1.0,1.0,1,0.6172986788368527,50
4575,0,11621,11621,0,0,0,0,1.0,1.0,1.0,1.0,1.0,1,0.6121569404961343,51
4576,1,11622,11622,0,0,0,0,1.0,1.0,1.0,1.0,1.0,1,0.6162081784602991,48
4577,4,11626,11626,0,0,0,0,1.0,1.0,1.0,1.0,1.0,1,0.6285488200420387,47
4578,0,11626,11626,0,0,0,0,1.0,1.0,1.0,1.0,1.0,1,0.623495787713978,46
4579,2,11628,11628,0,0,0,0,1.0,1.0,1.0,1.0,1.0,1,0.6354207721354669,46
4580,3,11631,11631,0,0,0,0,1.0,1.0,1.0,1.0,1.0,1,0.6267024119069967,47
4581,1,11632,11632,0,0,0,0,1.0,1.0,1.0,1.0,1.0,1,0.6364934815164776,47
4582,2,11634,11634,0,0,0,0,1.0,1.0,1.0,1.0,1.0,1,0.6409597350524567,48
4583,1,11635,11635,0,0,0,0,1.0,1.0,1.0,1.0,1.0,1,0.6377010406054396,48
4584,0,11635,11635,0,0,0,0,1.0,1.0,1.0,1.0,1.0,1,0.6331424730175165,50
4585,0,11635,11635,0,0,0,0,1.0,1.0,1.0,1.0,1.0,1,0.6331424730175165,50
4586,0,11635,11635,0,0,0,0,1.0,1.0,1.0,1.0,1.0,1,0.6331424730175165,50
4587,0,11635,11635,0,0,0,0,1.0,1.0,1.0,1.0,1.0,1,0.6331424730175165,50
4588,1,11636,11636,0,0,0,0,1.0,1.0,1.0,1.0,1.0,1,0.6478288760783956,50
4589,0,11636,11636,0,0,0,0,1.0,1.0,1.0,1.0,1.0,1,0.6366597041429658,52
4590,2,11638,11638,0,0,0,0,1.0,1.0,1.0,1.0,1.0,1,0.6505920838935171,52
4591,3,11641,11641,0,0,0,0,1.0,1.0,1.0,1.0,1.0,1,0.6595001616772175,53
4592,1,11642,11642,0,0,0,0,1.0,1.0,1.0,1.0,1.0,1,0.661460265299601,54
4593,2,11644,11644,0,0,0,0,1.0,1.0,1.0,1.0,1.0,1,0.6418974026454415,56
4594,1,11645,11645,0,0,0,0,1.0,1.0,1.0,1.0,1.0,1,0.6463861577962188,57
4595,1,11646,11646,0,0,0,0,1.0,1.0,1.0,1.0,1.0,1,0.6588235942078025,56
4596,3,11649,11649,0,0,0,0,1.0,1.0,1.0,1.0,1.0,1,0.6522303177132197,56
4597,0,11649,11649,0,0,0,0,1.0,1.0,1.0,1.0,1.0,1,0.6522303177132197,56
4598,3,11652,11652,0,0,0,0,1.0,1.0,1.0,1.0,1.0,1,0.6631977941144723,57
4599,2,11654,11654,0,0,0,0,1.0,1.0,1.0,1.0,1.0,1,0.6415055224056361,59
4600,3,11657,11657,0,0,0,0,0.9956858998943237,0.9882342724390646,0.9956858998943237,0.9882342724390646,1.0,1,0.6419643505304026,60
4601,1,11658,11658,0,0,0,0,0.9956858998943238,0.9882342724390646,0.9956858998943238,0.9882342724390646,1.0,1,0.6453206487577949,60
4602,1,11659,11659,0,0,0,0,0.9958250644138616,0.9882342724390646,0.9958250644138616,0.9882342724390646,1.0,1,0.6344854570291151,62
4603,1,11660,11660,0,0,0,0,0.9958250644138616,0.9882342724390646,0.9958250644138616,0.9882342724390646,1.0,1,0.6381541970363189,62
4604,1,11661,11661,0,0,0,0,0.9958913332326892,0.9882342724390646,0.9958913332326892,0.9882342724390646,1.0,1,0.6329981408511804,63
4605,1,11662,11662,0,0,0,0,0.9958913332326893,0.9882342724390646,0.9958913332326893,0.9882342724390646,1.0,1,0.6403010305056959,63
4606,1,11663,11663,0,0,0,0,0.9959555311509285,0.9882342724390646,0.9959555311509285,0.9882342724390646,1.0,1,0.6436863699654947,64
4607,2,11665,11665,0,0,0,0,0.9960177537486066,0.9882342724390646,0.9960177537486066,0.9882342724390646,1.0,1,0.6423777881822716,65
4608,1,11666,11666,0,0,0,0,0.9831465405223735,0.9578815386989729,0.9831465405223735,0.9578815386989729,1.0,1,0.6405227668809712,66
4609,2,11668,11668,0,0,0,0,1.0,1.0,1.0,1.0,1.0,1,0.639723048420261,65
4610,2,11670,11670,0,0,0,0,1.0,1.0,1.0,1.0,1.0,1,0.6349502183000701,63
4611,2,11672,11672,0,0,0,0,1.0,1.0,1.0,1.0,1.0,1,0.6214623506737768,64
4612,2,11674,11674,0,0,0,0,1.0,1.0,1.0,1.0,1.0,1,0.6065832099847673,62
4613,4,11678,11678,0,0,0,0,1.0,1.0,1.0,1.0,1.0,1,0.5781129378225003,63
4614,0,11678,11678,0,0,0,0,1.0,1.0,1.0,1.0,1.0,1,0.5745690906347334,61
4615,7,11685,11685,0,0,0,0,1.0,1.0,1.0,1.0,1.0,1,0.5582812949914187,59
4616,1,11686,11686,0,0,0,0,1.0,1.0,1.0,1.0,1.0,1,0.5510370558085272,58
4617,1,11687,11687,0,0,0,0,1.0,1.0,1.0,1.0,1.0,1,0.5544761162043665,58
4618,4,11691,11691,0,0,0,0,1.0,1.0,1.0,1.0,1.0,1,0.5767852499189587,57
4619,3,11694,11694,0,0,0,0,1.0,1.0,1.0,1.0,1.0,1,0.5803648757727896,57
4620,4,11698,11698,0,0,0,0,1.0,1.0,1.0,1.0,1.0,1,0.5918764251041788,57
4621,3,11701,11701,0,0,0,0,1.0,1.0,1.0,1.0,1.0,1,0.604206134969833,59
4622,5,11706,11706,0,0,0,0,0.9980249597822379,0.9946135266788306,0.9980249597822379,0.9946135266788306,1.0,1,0.6225172263014627,60
4623,6,11712,11712,0,0,0,0,1.0,1.0,1.0,1.0,1.0,1,0.6212075216753248,59
4624,3,11715,11715,0,0,0,0,1.0,1.0,1.0,1.0,1.0,1,0.6201090334243717,59
4625,6,11721,11721,0,0,0,0,1.0,1.0,1.0,1.0,1.0,1,0.6213422637047146,57
4626,1,11722,11722,0,0,0,0,1.0,1.0,1.0,1.0,1.0,1,0.6255245862286669,56
4627,5,11727,11727,0,0,0,0,1.0,1.0,1.0,1.0,1.0,1,0.6503399721689502,56
4628,2,11729,11729,0,0,0,0,1.0,1.0,1.0,1.0,1.0,1,0.6492901425915744,56
4629,3,11732,11732,0,0,0,0,1.0,1.0,1.0,1.0,1.0,1,0.6557911111694377,56
4630,1,11733,11733,0,0,0,0,1.0,1.0,1.0,1.0,1.0,1,0.6507585452308471,57
4631,3,11736,11736,0,0,0,0,1.0,1.0,1.0,1.0,1.0,1,0.6775376896688475,56
4632,0,11736,11736,0,0,0,0,1.0,1.0,1.0,1.0,1.0,1,0.6773456862390376,57
4633,1,11737,11737,0,0,0,0,1.0,1.0,1.0,1.0,1.0,1,0.6706712545653306,58
4634,0,11737,11737,0,0,0,0,1.0,1.0,1.0,1.0,1.0,1,0.6706712545653306,58
4635,1,11738,11738,0,0,0,0,1.0,1.0,1.0,1.0,1.0,1,0.6539180096486055,59
4636,1,11739,11739,0,0,0,0,1.0,1.0,1.0,1.0,1.0,1,0.6372378794106693,60
4637,2,11741,11741,0,0,0,0,1.0,1.0,1.0,1.0,1.0,1,0.6296069812381864,60
4638,4,11745,11745,0,0,0,0,0.9809707979841806,0.9495312468276097,0.9809707979841806,0.9495312468276097,1.0,1,0.6382345564656252,61
4639,3,11748,11748,0,0,0,0,0.9656523570876522,0.9112685891431012,0.9656523570876522,0.9112685891431012,1.0,1,0.6316149975998914,62
4640,1,11749,11749,0,0,0,0,0.9462828040335296,0.8646326661644945,0.9462828040335296,0.8646326661644945,1.0,1,0.6339548195282535,63
4641,3,11752,11752,0,0,0,0,0.9462828040335296,0.8646326661644945,0.9462828040335296,0.8646326661644945,1.0,1,0.6147517569144918,63
4642,5,11757,11757,0,0,0,0,0.9310121878709456,0.8354906018461011,0.9310121878709456,0.8354906018461011,1.0,1,0.6231532641893271,62
4643,2,11759,11759,0,0,0,0,0.9321072325079147,0.8354906018461011,0.9321072325079147,0.8354906018461011,1.0,1,0.6036809827556708,63
4644,4,11763,11763,0,0,0,0,0.9310121878709455,0.8354906018461011,0.9310121878709455,0.8354906018461011,1.0,1,0.6128674691314898,62
4645,3,11766,11766,0,0,0,0,0.9321072325079148,0.8354906018461011,0.9321072325079148,0.8354906018461011,1.0,1,0.6139355737005362,63
4646,0,11766,11766,0,0,0,0,0.9321072325079147,0.8354906018461011,0.9321072325079147,0.8354906018461011,1.0,1,0.6139355737005362,63
4647,5,11771,11771,0,0,0,0,0.9431494764918692,0.8590107016998358,0.9431494764918692,0.8590107016998358,1.0,1,0.6233178667098892,62
4648,0,11771,11771,0,0,0,0,0.9440518657539031,0.8590107016998358,0.9440518657539031,0.8590107016998358,1.0,1,0.6268396865743894,63
4649,1,11772,11772,0,0,0,0,0.9716089027244034,0.9247018724429832,0.9716089027244034,0.9247018724429832,1.0,1,0.6266564309338752,61
4650,2,11774,11774,0,0,0,0,0.9794991909209128,0.9438456099138048,0.9794991909209128,0.9438456099138048,1.0,1,0.6017093303302318,63
4651,2,11776,11776,0,0,0,0,0.9936467739400184,0.982095453830961,0.9936467739400184,0.982095453830961,1.0,1,0.5945349968256413,62
4652,1,11777,11777,0,0,0,0,1.0,1.0,1.0,1.0,1.0,1,0.5951296299474665,59
4653,3,11780,11780,0,0,0,0,1.0,1.0,1.0,1.0,1.0,1,0.5906180890997644,60
4654,6,11786,11786,0,0,0,0,1.0,1.0,1.0,1.0,1.0,1,0.591568060608951,60
4655,6,11792,11792,0,0,0,0,1.0,1.0,1.0,1.0,1.0,1,0.5792351826272248,60
4656,5,11797,11797,0,0,0,0,1.0,1.0,1.0,1.0,1.0,1,0.6041440794723474,61
4657,5,11802,11802,0,0,0,0,1.0,1.0,1.0,1.0,1.0,1,0.5868836916156266,62
4658,5,11807,11807,0,0,0,0,1.0,1.0,1.0,1.0,1.0,1,0.5957289008388564,62
4659,6,11813,11813,0,0,0,0,1.0,1.0,1.0,1.0,1.0,1,0.5863852786870123,61
4660,0,11813,11813,0,0,0,0,1.0,1.0,1.0,1.0,1.0,1,0.5866503921779238,61
4661,5,11818,11818,0,0,0,0,0.9763273882160397,0.9398321117157673,0.9763273882160397,0.9398321117157673,1.0,1,0.6046234321518159,61
4662,3,11821,11821,0,0,0,0,0.9767092045351358,0.9398321117157673,0.9767092045351358,0.9398321117157673,1.0,1,0.6001842190160532,62
4663,3,11824,11824,0,0,0,0,0.9955512614549998,0.9882011716849997,0.9955512614549998,0.9882011716849997,1.0,1,0.578289665286521,61
4664,3,11827,11827,0,0,0,0,1.0,1.0,1.0,1.0,1.0,1,0.581320813103312,62
4665,0,11827,11827,0,0,0,0,1.0,1.0,1.0,1.0,1.0,1,0.5884656113382088,61
4666,5,11832,11832,0,0,0,0,1.0,1.0,1.0,1.0,1.0,1,0.585839859080659,61
4667,3,11835,11835,0,0,0,0,1.0,1.0,1.0,1.0,1.0,1,0.5877418307410159,59
4668,4,11839,11839,0,0,0,0,1.0,1.0,1.0,1.0,1.0,1,0.5483957307617998,59
4669,2,11841,11841,0,0,0,0,1.0,1.0,1.0,1.0,1.0,1,0.5726155625651155,58
4670,5,11846,11846,0,0,0,0,1.0,1.0,1.0,1.0,1.0,1,0.5899450906576627,57
4671,0,11846,11846,0,0,0,0,1.0,1.0,1.0,1.0,1.0,1,0.6013989511409453,55
4672,4,11850,11850,0,0,0,0,1.0,1.0,1.0,1.0,1.0,1,0.6330201911003486,56
4673,2,11852,11852,0,0,0,0,1.0,1.0,1.0,1.0,1.0,1,0.6096270953502165,58
4674,5,11857,11857,0,0,0,0,1.0,1.0,1.0,1.0,1.0,1,0.595652665902278,58
4675,0,11857,11857,0,0,0,0,1.0,1.0,1.0,1.0,1.0,1,0.6225231233064591,57
4676,2,11859,11859,0,0,0,0,0.9879909097621432,0.9668320364859195,0.9879909097621432,0.9668320364859195,1.0,1,0.6158303740334489,58
4677,0,11859,11859,0,0,0,0,0.9877802239684967,0.9668320364859195,0.9877802239684967,0.9668320364859195,1.0,1,0.6306307868823298,57
4678,9,11868,11868,0,0,0,0,1.0,1.0,1.0,1.0,1.0,1,0.58177023865048,57
4679,1,11869,11869,0,0,0,0,1.0,1.0,1.0,1.0,1.0,1,0.5736591275302438,57
4680,5,11874,11874,0,0,0,0,1.0,1.0,1.0,1.0,1.0,1,0.5552663899026894,59
4681,4,11878,11878,0,0,0,0,1.0,1.0,1.0,1.0,1.0,1,0.5742222090077502,60
4682,6,11884,11884,0,0,0,0,1.0,1.0,1.0,1.0,1.0,1,0.5683224911037663,60
4683,8,11892,11892,0,0,0,0,1.0,1.0,1.0,1.0,1.0,1,0.5978480188011444,60
4684,1,11893,11893,0,0,0,0,1.0,1.0,1.0,1.0,1.0,1,0.6016145699986248,60
4685,3,11896,11896,0,0,0,0,1.0,1.0,1.0,1.0,1.0,1,0.6057944075181467,59
4686,1,11897,11897,0,0,0,0,1.0,1.0,1.0,1.0,1.0,1,0.5973868752122602,60
4687,2,11899,11899,0,0,0,0,1.0,1.0,1.0,1.0,1.0,1,0.5905140289729809,59
4688,2,11901,11901,0,0,0,0,1.0,1.0,1.0,1.0,1.0,1,0.6048345868163659,59
4689,2,11903,11903,0,0,0,0,1.0,1.0,1.0,1.0,1.0,1,0.5938231897693036,59
4690,0,11903,11903,0,0,0,0,1.0,1.0,1.0,1.0,1.0,1,0.5798004090059892,58
4691,1,11904,11904,0,0,0,0,1.0,1.0,1.0,1.0,1.0,1,0.5649469847646224,57
4692,2,11906,11906,0,0,0,0,1.0,1.0,1.0,1.0,1.0,1,0.5447675503009244,58
4693,0,11906,11906,0,0,0,0,1.0,1.0,1.0,1.0,1.0,1,0.5425218486380032,57
4694,2,11908,11908,0,0,0,0,1.0,1.0,1.0,1.0,1.0,1,0.516299554888283,57
4695,1,11909,11909,0,0,0,0,1.0,1.0,1.0,1.0,1.0,1,0.5191298775117946,56
4696,2,11911,11911,0,0,0,0,1.0,1.0,1.0,1.0,1.0,1,0.5052419310402018,57
4697,2,11913,11913,0,0,0,0,1.0,1.0,1.0,1.0,1.0,1,0.4953482278344123,58
4698,1,11914,11914,0,0,0,0,1.0,1.0,1.0,1.0,1.0,1,0.4957472094970275,59
4699,5,11919,11919,0,0,0,0,1.0,1.0,1.0,1.0,1.0,1,0.4977011768995483,58
4700,2,11921,11921,0,0,0,0,1.0,1.0,1.0,1.0,1.0,1,0.4943892333817262,59
4701,4,11925,11925,0,0,0,0,1.0,1.0,1.0,1.0,1.0,1,0.48645409951809565,60
4702,5,11930,11930,0,0,0,0,1.0,1.0,1.0,1.0,1.0,1,0.4822390661355125,61
4703,5,11935,11935,0,0,0,0,1.0,1.0,1.0,1.0,1.0,1,0.4806235529082671,59
4704,6,11941,11941,0,0,0,0,1.0,1.0,1.0,1.0,1.0,1,0.4853783917949613,58
4705,6,11947,11947,0,0,0,0,1.0,1.0,1.0,1.0,1.0,1,0.5104298117916144,58
4706,6,11953,11953,0,0,0,0,1.0,1.0,1.0,1.0,1.0,1,0.5373714315317848,60
4707,5,11958,11958,0,0,0,0,1.0,1.0,1.0,1.0,1.0,1,0.5612706478032178,57
4708,3,11961,11961,0,0,0,0,1.0,1.0,1.0,1.0,1.0,1,0.5658090104024666,57
4709,3,11964,11964,0,0,0,0,1.0,1.0,1.0,1.0,1.0,1,0.5903563974489826,55
4710,2,11966,11966,0,0,0,0,1.0,1.0,1.0,1.0,1.0,1,0.5783741966208416,53
4711,4,11970,11970,0,0,0,0,1.0,1.0,1.0,1.0,1.0,1,0.5690122965006159,52
4712,3,11973,11973,0,0,0,0,1.0,1.0,1.0,1.0,1.0,1,0.5827681555341344,52
4713,3,11976,11976,0,0,0,0,1.0,1.0,1.0,1.0,1.0,1,0.6046445601973591,51
4714,1,11977,11977,0,0,0,0,1.0,1.0,1.0,1.0,1.0,1,0.6155252737635616,50
4715,3,11980,11980,0,0,0,0,1.0,1.0,1.0,1.0,1.0,1,0.5801225908245505,50
4716,0,11980,11980,0,0,0,0,1.0,1.0,1.0,1.0,1.0,1,0.574030267388069,49
4717,2,11982,11982,0,0,0,0,1.0,1.0,1.0,1.0,1.0,1,0.5468371542932541,49
4718,1,11983,11983,0,0,0,0,1.0,1.0,1.0,1.0,1.0,1,0.5379148896265534,50
4719,4,11987,11987,0,0,0,0,1.0,1.0,1.0,1.0,1.0,1,0.5507101302107898,49
4720,1,11988,11988,0,0,0,0,1.0,1.0,1.0,1.0,1.0,1,0.5661724635757144,49
4721,1,11989,11989,0,0,0,0,1.0,1.0,1.0,1.0,1.0,1,0.5596740860115118,50
4722,0,11989,11989,0,0,0,0,1.0,1.0,1.0,1.0,1.0,1,0.5621178412797537,51
4723,3,11992,11992,0,0,0,0,1.0,1.0,1.0,1.0,1.0,1,0.5440309461401286,50
4724,1,11993,11993,0,0,0,0,1.0,1.0,1.0,1.0,1.0,1,0.5323337949360978,50
4725,3,11996,11996,0,0,0,0,1.0,1.0,1.0,1.0,1.0,1,0.5317628140153902,52
4726,3,11999,11999,0,0,0,0,1.0,1.0,1.0,1.0,1.0,1,0.5165033100277128,51
4727,2,12001,12001,0,0,0,0,1.0,1.0,1.0,1.0,1.0,1,0.5243842206560609,52
4728,3,12004,12004,0,0,0,0,1.0,1.0,1.0,1.0,1.0,1,0.4911824789229789,52
4729,4,12008,12008,0,0,0,0,1.0,1.0,1.0,1.0,1.0,1,0.48764527153415316,52
4730,5,12013,12013,0,0,0,0,1.0,1.0,1.0,1.0,1.0,1,0.5023267628071907,50
4731,5,12018,12018,0,0,0,0,1.0,1.0,1.0,1.0,1.0,1,0.497453102426109,51
4732,3,12021,12021,0,0,0,0,1.0,1.0,1.0,1.0,1.0,1,0.5057647439437143,52
4733,2,12023,12023,0,0,0,0,1.0,1.0,1.0,1.0,1.0,1,0.5015488040296031,53
4734,3,12026,12026,0,0,0,0,1.0,1.0,1.0,1.0,1.0,1,0.49658485845569866,53
4735,0,12026,12026,0,0,0,0,1.0,1.0,1.0,1.0,1.0,1,0.49658485845569866,53
4736,0,12026,12026,0,0,0,0,1.0,1.0,1.0,1.0,1.0,1,0.4953029215374588,55
4737,0,12026,12026,0,0,0,0,1.0,1.0,1.0,1.0,1.0,1,0.4937595927788201,57
4738,3,12029,12029,0,0,0,0,1.0,1.0,1.0,1.0,1.0,1,0.5160897732409198,57
4739,2,12031,12031,0,0,0,0,1.0,1.0,1.0,1.0,1.0,1,0.5215752866750624,57
4740,1,12032,12032,0,0,0,0,1.0,1.0,1.0,1.0,1.0,1,0.5357552635836236,57
4741,3,12035,12035,0,0,0,0,1.0,1.0,1.0,1.0,1.0,1,0.5485040198515119,58
4742,3,12038,12038,0,0,0,0,1.0,1.0,1.0,1.0,1.0,1,0.5704667189078897,58
4743,4,12042,12042,0,0,0,0,1.0,1.0,1.0,1.0,1.0,1,0.5723331565003899,56
4744,4,12046,12046,0,0,0,0,1.0,1.0,1.0,1.0,1.0,1,0.5786518555942346,57
4745,3,12049,12049,0,0,0,0,1.0,1.0,1.0,1.0,1.0,1,0.5824711124249292,56
4746,3,12052,12052,0,0,0,0,1.0,1.0,1.0,1.0,1.0,1,0.6012295000553651,56
4747,4,12056,12056,0,0,0,0,1.0,1.0,1.0,1.0,1.0,1,0.6034178938658423,55
4748,2,12058,12058,0,0,0,0,1.0,1.0,1.0,1.0,1.0,1,0.6148280233024664,55
4749,1,12059,12059,0,0,0,0,1.0,1.0,1.0,1.0,1.0,1,0.6060656233721919,54
4750,1,12060,12060,0,0,0,0,1.0,1.0,1.0,1.0,1.0,1,0.6079099766058486,53
4751,0,12060,12060,0,0,0,0,1.0,1.0,1.0,1.0,1.0,1,0.6254784545509723,53
4752,1,12061,12061,0,0,0,0,1.0,1.0,1.0,1.0,1.0,1,0.6261588588029946,53
4753,2,12063,12063,0,0,0,0,1.0,1.0,1.0,1.0,1.0,1,0.6158295266609353,52
4754,1,12064,12064,0,0,0,0,1.0,1.0,1.0,1.0,1.0,1,0.6076634729109132,52
4755,2,12066,12066,0,0,0,0,1.0,1.0,1.0,1.0,1.0,1,0.5903244141859147,51
4756,2,12068,12068,0,0,0,0,1.0,1.0,1.0,1.0,1.0,1,0.5770914737866585,52
4757,2,12070,12070,0,0,0,0,1.0,1.0,1.0,1.0,1.0,1,0.5594500417290392,51
4758,5,12075,12075,0,0,0,0,1.0,1.0,1.0,1.0,1.0,1,0.5409634103421928,51
4759,4,12079,12079,0,0,0,0,1.0,1.0,1.0,1.0,1.0,1,0.5531569991759402,51
4760,7,12086,12086,0,0,0,0,1.0,1.0,1.0,1.0,1.0,1,0.5384813377852908,52
4761,7,12093,12093,0,0,0,0,1.0,1.0,1.0,1.0,1.0,1,0.5800271135778837,50
4762,7,12100,12100,0,0,0,0,1.0,1.0,1.0,1.0,1.0,1,0.5952410967031041,51
4763,6,12106,12106,0,0,0,0,1.0,1.0,1.0,1.0,1.0,1,0.5977828728863172,51
4764,3,12109,12109,0,0,0,0,1.0,1.0,1.0,1.0,1.0,1,0.5595058049890228,53
4765,4,12113,12113,0,0,0,0,1.0,1.0,1.0,1.0,1.0,1,0.546795609826204,53
4766,1,12114,12114,0,0,0,0,1.0,1.0,1.0,1.0,1.0,1,0.5170841963064866,55
4767,0,12114,12114,0,0,0,0,1.0,1.0,1.0,1.0,1.0,1,0.5076442313542566,56
4768,2,12116,12116,0,0,0,0,1.0,1.0,1.0,1.0,1.0,1,0.4825036851472798,56
4769,0,12116,12116,0,0,0,0,1.0,1.0,1.0,1.0,1.0,1,0.4825036851472798,56
4770,0,12116,12116,0,0,0,0,1.0,1.0,1.0,1.0,1.0,1,0.4825036851472798,56
4771,0,12116,12116,0,0,0,0,1.0,1.0,1.0,1.0,1.0,1,0.4858855287235461,55
4772,1,12117,12117,0,0,0,0,1.0,1.0,1.0,1.0,1.0,1,0.4927997731238188,56
4773,1,12118,12118,0,0,0,0,1.0,1.0,1.0,1.0,1.0,1,0.4970484562375546,56
4774,4,12122,12122,0,0,0,0,1.0,1.0,1.0,1.0,1.0,1,0.4889048277336243,58
4775,2,12124,12124,0,0,0,0,1.0,1.0,1.0,1.0,1.0,1,0.4778167894485559,59
4776,2,12126,12126,0,0,0,0,1.0,1.0,1.0,1.0,1.0,1,0.5121878709928249,59
4777,4,12130,12130,0,0,0,0,1.0,1.0,1.0,1.0,1.0,1,0.5011910935107351,60
4778,2,12132,12132,0,0,0,0,1.0,1.0,1.0,1.0,1.0,1,0.5209914472504402,60
4779,4,12136,12136,0,0,0,0,1.0,1.0,1.0,1.0,1.0,1,0.5029293845118888,61
4780,6,12142,12142,0,0,0,0,1.0,1.0,1.0,1.0,1.0,1,0.5233248600908862,63
4781,2,12144,12144,0,0,0,0,1.0,1.0,1.0,1.0,1.0,1,0.5376563927260701,62
4782,10,12154,12154,0,0,0,0,1.0,1.0,1.0,1.0,1.0,1,0.5521345551520978,63
4783,2,12156,12156,0,0,0,0,1.0,1.0,1.0,1.0,1.0,1,0.5553932083826956,62
4784,11,12167,12167,0,0,0,0,0.9457398992872629,0.865434950232412,0.9457398992872629,0.865434950232412,1.0,1,0.5721422522813173,62
4785,5,12172,12172,0,0,0,0,0.9831649477510624,0.9546185548072118,0.9831649477510624,0.9546185548072118,1.0,1,0.5634038470905518,62
4786,13,12185,12185,0,0,0,0,0.9590522551048036,0.8878387857218534,0.9590522551048036,0.8878387857218534,1.0,1,0.5624262529040723,63
4787,6,12191,12191,0,0,0,0,0.9730879827811589,0.924157042383266,0.9730879827811589,0.924157042383266,1.0,1,0.5486478873817037,62
4788,6,12197,12197,0,0,0,0,0.9681052200190604,0.9101147109628065,0.9681052200190604,0.9101147109628065,1.0,1,0.5391814443945006,62
4789,5,12202,12202,0,0,0,0,0.9877458419232408,0.9649881197806879,0.9877458419232408,0.9649881197806879,1.0,1,0.5284079436140016,60
4790,3,12205,12205,0,0,0,0,0.9895354087109298,0.9696028538746055,0.9895354087109298,0.9696028538746055,1.0,1,0.5324349751161808,61
4791,5,12210,12210,0,0,0,0,0.9803851330277772,0.9439575229365061,0.9803851330277772,0.9439575229365061,1.0,1,0.5583744957411083,60
4792,3,12213,12213,0,0,0,0,1.0,1.0,1.0,1.0,1.0,1,0.5477930097416681,60
4793,5,12218,12218,0,0,0,0,0.9882522293539148,0.9658755233613714,0.9882522293539148,0.9658755233613714,1.0,1,0.5883133787534686,61
4794,1,12219,12219,0,0,0,0,0.969810118494424,0.91903622687141,0.969810118494424,0.91903622687141,1.0,1,0.6046310104584454,59
4795,0,12219,12219,0,0,0,0,0.9707999506749347,0.91903622687141,0.9707999506749347,0.91903622687141,1.0,1,0.6026449956006731,61
4796,0,12219,12219,0,0,0,0,0.969810118494424,0.91903622687141,0.969810118494424,0.91903622687141,1.0,1,0.6110184675498789,59
4797,0,12219,12219,0,0,0,0,0.9692896032960522,0.91903622687141,0.9692896032960522,0.91903622687141,1.0,1,0.6253932235264933,58
4798,0,12219,12219,0,0,0,0,0.9698101184944239,0.91903622687141,0.9698101184944239,0.91903622687141,1.0,1,0.6258822218287056,59
4799,4,12223,12223,0,0,0,0,0.9906306633636942,0.9732973905865285,0.9906306633636942,0.9732973905865285,1.0,1,0.6177499443532118,57
4800,0,12223,12223,0,0,0,0,0.9907922036505271,0.9732973905865285,0.9907922036505271,0.9732973905865285,1.0,1,0.6077542264925279,58
4801,0,12223,12223,0,0,0,0,0.9906306633636942,0.9732973905865285,0.9906306633636942,0.9732973905865285,1.0,1,0.5919838845201174,57
4802,1,12224,12224,0,0,0,0,1.0,1.0,1.0,1.0,1.0,1,0.5893190472944569,57
4803,3,12227,12227,0,0,0,0,1.0,1.0,1.0,1.0,1.0,1,0.5368450250894317,56
4804,2,12229,12229,0,0,0,0,1.0,1.0,1.0,1.0,1.0,1,0.5537710454822481,54
4805,4,12233,12233,0,0,0,0,1.0,1.0,1.0,1.0,1.0,1,0.4957659762954303,56
4806,1,12234,12234,0,0,0,0,1.0,1.0,1.0,1.0,1.0,1,0.5039294067695834,55
4807,3,12237,12237,0,0,0,0,1.0,1.0,1.0,1.0,1.0,1,0.553574767423796,54
4808,4,12241,12241,0,0,0,0,0.997164256616118,0.9924852800327127,0.997164256616118,0.9924852800327127,1.0,1,0.5548426164617396,53
4809,2,12243,12243,0,0,0,0,1.0,1.0,1.0,1.0,1.0,1,0.5658819106983246,53
4810,5,12248,12248,0,0,0,0,1.0,1.0,1.0,1.0,1.0,1,0.5685268561353503,51
4811,2,12250,12250,0,0,0,0,1.0,1.0,1.0,1.0,1.0,1,0.5591952886915839,52
4812,6,12256,12256,0,0,0,0,1.0,1.0,1.0,1.0,1.0,1,0.5764935099952329,52
4813,5,12261,12261,0,0,0,0,1.0,1.0,1.0,1.0,1.0,1,0.5838367580778699,52
4814,6,12267,12267,0,0,0,0,1.0,1.0,1.0,1.0,1.0,1,0.5953211389951588,53
4815,5,12272,12272,0,0,0,0,1.0,1.0,1.0,1.0,1.0,1,0.5610624139226448,54
4816,6,12278,12278,0,0,0,0,1.0,1.0,1.0,1.0,1.0,1,0.5710294794894988,54
4817,7,12285,12285,0,0,0,0,1.0,1.0,1.0,1.0,1.0,1,0.5441215627123882,55
4818,4,12289,12289,0,0,0,0,1.0,1.0,1.0,1.0,1.0,1,0.5419120311599244,55
4819,5,12294,12294,0,0,0,0,1.0,1.0,1.0,1.0,1.0,1,0.5131527834527492,55
4820,1,12295,12295,0,0,0,0,1.0,1.0,1.0,1.0,1.0,1,0.5151778790927394,55
4821,3,12298,12298,0,0,0,0,1.0,1.0,1.0,1.0,1.0,1,0.5031078721042261,55
4822,4,12302,12302,0,0,0,0,1.0,1.0,1.0,1.0,1.0,1,0.5193494605842075,54
4823,0,12302,12302,0,0,0,0,1.0,1.0,1.0,1.0,1.0,1,0.5337784434957711,54
4824,6,12308,12308,0,0,0,0,1.0,1.0,1.0,1.0,1.0,1,0.5398581848152922,55
4825,3,12311,12311,0,0,0,0,1.0,1.0,1.0,1.0,1.0,1,0.5633489167762066,53
4826,4,12315,12315,0,0,0,0,1.0,1.0,1.0,1.0,1.0,1,0.5490752166979258,54
4827,3,12318,12318,0,0,0,0,1.0,1.0,1.0,1.0,1.0,1,0.5186226785514311,53
4828,3,12321,12321,0,0,0,0,1.0,1.0,1.0,1.0,1.0,1,0.5062516451538445,54
4829,2,12323,12323,0,0,0,0,1.0,1.0,1.0,1.0,1.0,1,0.46988095475468933,54
4830,3,12326,12326,0,0,0,0,1.0,1.0,1.0,1.0,1.0,1,0.5108992673825019,53
4831,0,12326,12326,0,0,0,0,1.0,1.0,1.0,1.0,1.0,1,0.5128001967133716,52
4832,3,12329,12329,0,0,0,0,1.0,1.0,1.0,1.0,1.0,1,0.5632813990189569,50
4833,1,12330,12330,0,0,0,0,1.0,1.0,1.0,1.0,1.0,1,0.5762799797661204,51
4834,4,12334,12334,0,0,0,0,1.0,1.0,1.0,1.0,1.0,1,0.6395064534844773,51
4835,2,12336,12336,0,0,0,0,1.0,1.0,1.0,1.0,1.0,1,0.629223562760398,50
4836,3,12339,12339,0,0,0,0,0.9579293459867902,0.904384877242705,0.9579293459867902,0.904384877242705,1.0,1,0.6841581728939243,50
4837,1,12340,12340,0,0,0,0,0.9761693456549068,0.9477995190536053,0.9761693456549068,0.9477995190536053,1.0,1,0.6935265603347126,46
4838,2,12342,12342,0,0,0,0,0.9761106782965886,0.9465334228542698,0.9761106782965886,0.9465334228542698,1.0,1,0.680654264713691,47
4839,0,12342,12342,0,0,0,0,0.9750489306653258,0.9465334228542698,0.9750489306653258,0.9465334228542698,1.0,1,0.6812166343903276,45
4840,2,12344,12344,0,0,0,0,0.9723851302035863,0.940825279007685,0.9723851302035863,0.940825279007685,1.0,1,0.6973410315663794,45
4841,3,12347,12347,0,0,0,0,1.0,1.0,1.0,1.0,1.0,1,0.6846298408244562,43
4842,0,12347,12347,0,0,0,0,1.0,1.0,1.0,1.0,1.0,1,0.6745963882843623,43
4843,5,12352,12352,0,0,0,0,1.0,1.0,1.0,1.0,1.0,1,0.6308215824533345,44
4844,1,12353,12353,0,0,0,0,1.0,1.0,1.0,1.0,1.0,1,0.6548641479579218,43
4845,3,12356,12356,0,0,0,0,1.0,1.0,1.0,1.0,1.0,1,0.6580180067552901,44
4846,1,12357,12357,0,0,0,0,1.0,1.0,1.0,1.0,1.0,1,0.6482488090057723,43
4847,1,12358,12358,0,0,0,0,1.0,1.0,1.0,1.0,1.0,1,0.6431618742190005,42
4848,1,12359,12359,0,0,0,0,1.0,1.0,1.0,1.0,1.0,1,0.6425534373094942,41
4849,2,12361,12361,0,0,0,0,1.0,1.0,1.0,1.0,1.0,1,0.5777160847489489,41
4850,2,12363,12363,0,0,0,0,1.0,1.0,1.0,1.0,1.0,1,0.5771775608532714,41
4851,2,12365,12365,0,0,0,0,1.0,1.0,1.0,1.0,1.0,1,0.5961006515489511,41
4852,2,12367,12367,0,0,0,0,1.0,1.0,1.0,1.0,1.0,1,0.6034844057154657,43
4853,0,12367,12367,0,0,0,0,1.0,1.0,1.0,1.0,1.0,1,0.6114088743146002,44
4854,0,12367,12367,0,0,0,0,1.0,1.0,1.0,1.0,1.0,1,0.6025221035343136,45
4855,2,12369,12369,0,0,0,0,1.0,1.0,1.0,1.0,1.0,1,0.6396143202672764,44
4856,0,12369,12369,0,0,0,0,1.0,1.0,1.0,1.0,1.0,1,0.6396143202672764,44
4857,0,12369,12369,0,0,0,0,1.0,1.0,1.0,1.0,1.0,1,0.6381283583368849,44
4858,1,12370,12370,0,0,0,0,1.0,1.0,1.0,1.0,1.0,1,0.63942010208964,45
4859,2,12372,12372,0,0,0,0,1.0,1.0,1.0,1.0,1.0,1,0.6498329669042014,46
4860,2,12374,12374,0,0,0,0,1.0,1.0,1.0,1.0,1.0,1,0.6435972193423488,46
4861,3,12377,12377,0,0,0,0,1.0,1.0,1.0,1.0,1.0,1,0.6045161593505883,46
4862,6,12383,12383,0,0,0,0,1.0,1.0,1.0,1.0,1.0,1,0.6201163931727816,47
4863,3,12386,12386,0,0,0,0,1.0,1.0,1.0,1.0,1.0,1,0.6100727719821173,47
4864,5,12391,12391,0,0,0,0,1.0,1.0,1.0,1.0,1.0,1,0.626172784564669,47
4865,1,12392,12392,0,0,0,0,1.0,1.0,1.0,1.0,1.0,1,0.6171897041430944,48
4866,3,12395,12395,0,0,0,0,1.0,1.0,1.0,1.0,1.0,1,0.6210989794737268,49
4867,0,12395,12395,0,0,0,0,1.0,1.0,1.0,1.0,1.0,1,0.6167384963741637,50
4868,2,12397,12397,0,0,0,0,1.0,1.0,1.0,1.0,1.0,1,0.62135762914166,50
4869,3,12400,12400,0,0,0,0,1.0,1.0,1.0,1.0,1.0,1,0.6451877704737999,50
4870,2,12402,12402,0,0,0,0,1.0,1.0,1.0,1.0,1.0,1,0.6371315210451717,52
4871,2,12404,12404,0,0,0,0,1.0,1.0,1.0,1.0,1.0,1,0.6448432883122833,52
4872,2,12406,12406,0,0,0,0,1.0,1.0,1.0,1.0,1.0,1,0.6261495536606562,53
4873,3,12409,12409,0,0,0,0,1.0,1.0,1.0,1.0,1.0,1,0.6384505043525383,55
4874,2,12411,12411,0,0,0,0,1.0,1.0,1.0,1.0,1.0,1,0.6235060717036915,56
4875,4,12415,12415,0,0,0,0,1.0,1.0,1.0,1.0,1.0,1,0.6341642466173227,55
4876,2,12417,12417,0,0,0,0,1.0,1.0,1.0,1.0,1.0,1,0.6458952806484731,55
4877,3,12420,12420,0,0,0,0,1.0,1.0,1.0,1.0,1.0,1,0.6290335216855193,54
4878,3,12423,12423,0,0,0,0,1.0,1.0,1.0,1.0,1.0,1,0.6263613478672719,53
4879,4,12427,12427,0,0,0,0,1.0,1.0,1.0,1.0,1.0,1,0.5999908353394966,54
4880,1,12428,12428,0,0,0,0,1.0,1.0,1.0,1.0,1.0,1,0.5907888666141508,54
4881,2,12430,12430,0,0,0,0,1.0,1.0,1.0,1.0,1.0,1,0.5713943380390439,53
4882,0,12430,12430,0,0,0,0,1.0,1.0,1.0,1.0,1.0,1,0.5565697370771853,53
4883,1,12431,12431,0,0,0,0,1.0,1.0,1.0,1.0,1.0,1,0.5486062150031162,53
4884,1,12432,12432,0,0,0,0,1.0,1.0,1.0,1.0,1.0,1,0.5420684662524016,51
4885,0,12432,12432,0,0,0,0,1.0,1.0,1.0,1.0,1.0,1,0.5353719850763916,50
4886,3,12435,12435,0,0,0,0,1.0,1.0,1.0,1.0,1.0,1,0.5544677844019846,48
4887,1,12436,12436,0,0,0,0,1.0,1.0,1.0,1.0,1.0,1,0.5492035701998829,48
4888,1,12437,12437,0,0,0,0,1.0,1.0,1.0,1.0,1.0,1,0.5743064141382852,48
4889,1,12438,12438,0,0,0,0,1.0,1.0,1.0,1.0,1.0,1,0.5747336289996539,48
4890,0,12438,12438,0,0,0,0,1.0,1.0,1.0,1.0,1.0,1,0.5825917693134545,49
4891,1,12439,12439,0,0,0,0,1.0,1.0,1.0,1.0,1.0,1,0.5718405721239394,50
4892,3,12442,12442,0,0,0,0,1.0,1.0,1.0,1.0,1.0,1,0.5891405075956521,49
4893,1,12443,12443,0,0,0,0,1.0,1.0,1.0,1.0,1.0,1,0.6022019159528899,50
4894,2,12445,12445,0,0,0,0,1.0,1.0,1.0,1.0,1.0,1,0.6191072429973132,51
4895,0,12445,12445,0,0,0,0,1.0,1.0,1.0,1.0,1.0,1,0.6201545739344729,52
4896,1,12446,12446,0,0,0,0,1.0,1.0,1.0,1.0,1.0,1,0.6219346713094979,53
4897,1,12447,12447,0,0,0,0,1.0,1.0,1.0,1.0,1.0,1,0.6066625775683081,53
4898,2,12449,12449,0,0,0,0,1.0,1.0,1.0,1.0,1.0,1,0.5896251247492176,53
4899,6,12455,12455,0,0,0,0,1.0,1.0,1.0,1.0,1.0,1,0.5420922649077465,55
4900,3,12458,12458,0,0,0,0,1.0,1.0,1.0,1.0,1.0,1,0.5695935108065745,55
4901,4,12462,12462,0,0,0,0,1.0,1.0,1.0,1.0,1.0,1,0.5649512595674504,56
4902,5,12467,12467,0,0,0,0,1.0,1.0,1.0,1.0,1.0,1,0.5694678673298776,58
4903,5,12472,12472,0,0,0,0,0.9970923526638988,0.9919693549764824,0.9970923526638988,0.9919693549764824,1.0,1,0.6037407248988608,58
4904,1,12473,12473,0,0,0,0,0.9970413413071251,0.9919693549764824,0.9970413413071251,0.9919693549764824,1.0,1,0.6104058270569641,57
4905,1,12474,12474,0,0,0,0,0.9777561615639839,0.9454014874752333,0.9777561615639839,0.9454014874752333,1.0,1,0.6412169342447311,54
4906,0,12474,12474,0,0,0,0,0.9571659649686662,0.8975707857946366,0.9571659649686662,0.8975707857946366,1.0,1,0.646370460934878,55
4907,1,12475,12475,0,0,0,0,0.9305791992206264,0.8495882649780239,0.9305791992206264,0.8495882649780239,1.0,1,0.6757179849252151,52
4908,0,12475,12475,0,0,0,0,0.931889025650426,0.8495882649780239,0.931889025650426,0.8495882649780239,1.0,1,0.6667531478613821,53
4909,1,12476,12476,0,0,0,0,0.9305791992206264,0.8495882649780239,0.9305791992206264,0.8495882649780239,1.0,1,0.6698215088481869,52
4910,1,12477,12477,0,0,0,0,0.931889025650426,0.8495882649780239,0.931889025650426,0.8495882649780239,1.0,1,0.6605590642967905,53
4911,4,12481,12481,0,0,0,0,0.9592193425971137,0.9024810366452722,0.9592193425971137,0.9024810366452722,1.0,1,0.6285762942120662,55
4912,4,12485,12485,0,0,0,0,0.9990636207101709,0.9975921675404393,0.9990636207101709,0.9975921675404393,1.0,1,0.6023527546189692,54
4913,3,12488,12488,0,0,0,0,1.0,1.0,1.0,1.0,1.0,1,0.5825360668332195,53
4914,4,12492,12492,0,0,0,0,1.0,1.0,1.0,1.0,1.0,1,0.5456274307253335,53
4915,7,12499,12499,0,0,0,0,1.0,1.0,1.0,1.0,1.0,1,0.5551810186755912,54
4916,4,12503,12503,0,0,0,0,1.0,1.0,1.0,1.0,1.0,1,0.5114947105536446,52
4917,5,12508,12508,0,0,0,0,1.0,1.0,1.0,1.0,1.0,1,0.548603667239393,52
4918,2,12510,12510,0,0,0,0,1.0,1.0,1.0,1.0,1.0,1,0.5316845177478265,51
4919,3,12513,12513,0,0,0,0,1.0,1.0,1.0,1.0,1.0,1,0.5836565325785025,50
4920,3,12516,12516,0,0,0,0,1.0,1.0,1.0,1.0,1.0,1,0.5701801410463609,51
4921,3,12519,12519,0,0,0,0,1.0,1.0,1.0,1.0,1.0,1,0.6074513745368967,51
4922,0,12519,12519,0,0,0,0,1.0,1.0,1.0,1.0,1.0,1,0.6000042374767642,53
4923,3,12522,12522,0,0,0,0,1.0,1.0,1.0,1.0,1.0,1,0.6008591009064659,53
4924,3,12525,12525,0,0,0,0,1.0,1.0,1.0,1.0,1.0,1,0.6029024600497839,55
4925,2,12527,12527,0,0,0,0,1.0,1.0,1.0,1.0,1.0,1,0.5747108166106509,56
4926,2,12529,12529,0,0,0,0,1.0,1.0,1.0,1.0,1.0,1,0.5599383434170238,55
4927,4,12533,12533,0,0,0,0,1.0,1.0,1.0,1.0,1.0,1,0.5675484170543743,55
4928,0,12533,12533,0,0,0,0,1.0,1.0,1.0,1.0,1.0,1,0.5675484170543743,55
4929,3,12536,12536,0,0,0,0,0.9909731726324754,0.9759284603532677,0.9909731726324754,0.9759284603532677,1.0,1,0.596738009749526,56
4930,0,12536,12536,0,0,0,0,0.9912844425417005,0.9759284603532677,0.9912844425417005,0.9759284603532677,1.0,1,0.5948757536933393,58
4931,1,12537,12537,0,0,0,0,0.9698403938021659,0.9191174197421725,0.9698403938021659,0.9191174197421725,1.0,1,0.6071018226882805,59
4932,2,12539,12539,0,0,0,0,0.9953484753699621,0.9860454261098862,0.9953484753699621,0.9860454261098862,1.0,1,0.5934928730918287,60
4933,2,12541,12541,0,0,0,0,0.9913679055199918,0.9741037165599753,0.9913679055199918,0.9741037165599753,1.0,1,0.5982705965402795,60
4934,2,12543,12543,0,0,0,0,1.0,1.0,1.0,1.0,1.0,1,0.5884916649687557,60
4935,0,12543,12543,0,0,0,0,1.0,1.0,1.0,1.0,1.0,1,0.5884916649687557,60
4936,2,12545,12545,0,0,0,0,1.0,1.0,1.0,1.0,1.0,1,0.580682500982918,61
4937,2,12547,12547,0,0,0,0,1.0,1.0,1.0,1.0,1.0,1,0.5552803462383882,62
4938,3,12550,12550,0,0,0,0,0.9903696640586722,0.9715675796017941,0.9903696640586722,0.9715675796017941,1.0,1,0.5490770785498329,62
4939,4,12554,12554,0,0,0,0,0.9906706120568386,0.9715675796017941,0.9906706120568386,0.9715675796017941,1.0,1,0.5426045583172152,64
4940,3,12557,12557,0,0,0,0,0.9719256881006141,0.9145009592155063,0.9719256881006141,0.9145009592155063,1.0,1,0.5493094643612397,67
4941,3,12560,12560,0,0,0,0,0.9563309743302282,0.8746888828606547,0.9563309743302282,0.8746888828606547,1.0,1,0.5501713638185449,66
4942,5,12565,12565,0,0,0,0,0.9459769700077425,0.8491857079382812,0.9459769700077425,0.8491857079382812,1.0,1,0.5576185976112192,67
4943,2,12567,12567,0,0,0,0,0.9443147229310576,0.8491857079382812,0.9443147229310576,0.8491857079382812,1.0,1,0.5551200409952146,65
4944,7,12574,12574,0,0,0,0,0.9443147229310577,0.8491857079382812,0.9443147229310577,0.8491857079382812,1.0,1,0.5491898727526336,65
4945,2,12576,12576,0,0,0,0,0.941620274040625,0.8491857079382812,0.941620274040625,0.8491857079382812,1.0,1,0.5640578012616002,62
4946,7,12583,12583,0,0,0,0,0.9739863922207362,0.927871360248405,0.9739863922207362,0.927871360248405,1.0,1,0.5431247787403329,61
4947,4,12587,12587,0,0,0,0,0.9731045750078798,0.927871360248405,0.9731045750078798,0.927871360248405,1.0,1,0.5602444360708658,59
4948,7,12594,12594,0,0,0,0,0.9731045750078798,0.927871360248405,0.9731045750078798,0.927871360248405,1.0,1,0.5832700746295693,59
4949,3,12597,12597,0,0,0,0,0.9721608758853494,0.927871360248405,0.9721608758853494,0.927871360248405,1.0,1,0.5885600732447154,57
4950,3,12600,12600,0,0,0,0,0.9520867973995119,0.8791754021378995,0.9520867973995119,0.8791754021378995,1.0,1,0.5986033825177393,58
4951,4,12604,12604,0,0,0,0,0.9637665346530526,0.9094163366326316,0.9637665346530526,0.9094163366326316,1.0,1,0.6095591035669352,55
4952,1,12605,12605,0,0,0,0,0.9943453884741232,0.9857288375775494,0.9943453884741232,0.9857288375775494,1.0,1,0.603694240294878,53
4953,5,12610,12610,0,0,0,0,0.9760301228171486,0.9411648469148195,0.9760301228171486,0.9411648469148195,1.0,1,0.6075664036705616,54
4954,1,12611,12611,0,0,0,0,1.0,1.0,1.0,1.0,1.0,1,0.600384358838364,52
4955,5,12616,12616,0,0,0,0,1.0,1.0,1.0,1.0,1.0,1,0.5988104427439096,51
4956,1,12617,12617,0,0,0,0,1.0,1.0,1.0,1.0,1.0,1,0.5977988351762051,47
4957,2,12619,12619,0,0,0,0,1.0,1.0,1.0,1.0,1.0,1,0.6028513844256587,48
4958,0,12619,12619,0,0,0,0,1.0,1.0,1.0,1.0,1.0,1,0.5963672664987384,47
4959,0,12619,12619,0,0,0,0,1.0,1.0,1.0,1.0,1.0,1,0.5963672664987384,47
4960,3,12622,12622,0,0,0,0,1.0,1.0,1.0,1.0,1.0,1,0.6135338726645525,48
4961,1,12623,12623,0,0,0,0,1.0,1.0,1.0,1.0,1.0,1,0.5961348513980652,49
4962,3,12626,12626,0,0,0,0,1.0,1.0,1.0,1.0,1.0,1,0.608187334651414,49
4963,5,12631,12631,0,0,0,0,1.0,1.0,1.0,1.0,1.0,1,0.6022913551412253,51
4964,1,12632,12632,0,0,0,0,1.0,1.0,1.0,1.0,1.0,1,0.5927017357716011,51
4965,10,12642,12642,0,0,0,0,1.0,1.0,1.0,1.0,1.0,1,0.5835049699365544,51
4966,4,12646,12646,0,0,0,0,1.0,1.0,1.0,1.0,1.0,1,0.5632068841128354,51
4967,6,12652,12652,0,0,0,0,1.0,1.0,1.0,1.0,1.0,1,0.5539723436364463,51
4968,3,12655,12655,0,0,0,0,1.0,1.0,1.0,1.0,1.0,1,0.5514416850159364,52
4969,7,12662,12662,0,0,0,0,1.0,1.0,1.0,1.0,1.0,1,0.522432303065906,53
4970,5,12667,12667,0,0,0,0,1.0,1.0,1.0,1.0,1.0,1,0.5090597294247655,54
4971,5,12672,12672,0,0,0,0,1.0,1.0,1.0,1.0,1.0,1,0.5130170559489502,55
4972,1,12673,12673,0,0,0,0,1.0,1.0,1.0,1.0,1.0,1,0.534908728124797,56
4973,3,12676,12676,0,0,0,0,1.0,1.0,1.0,1.0,1.0,1,0.5284660190453063,57
4974,3,12679,12679,0,0,0,0,0.9884692908249432,0.9692514421998486,0.9884692908249432,0.9692514421998486,1.0,1,0.5740424437560331,56
4975,2,12681,12681,0,0,0,0,0.9687905383753723,0.9191391221543738,0.9687905383753723,0.9191391221543738,1.0,1,0.6146761709434605,57
4976,0,12681,12681,0,0,0,0,0.9687905383753722,0.9191391221543738,0.9687905383753722,0.9191391221543738,1.0,1,0.6165499225439813,57
4977,2,12683,12683,0,0,0,0,0.9687905383753722,0.9191391221543738,0.9687905383753722,0.9191391221543738,1.0,1,0.6172062418105633,57
4978,4,12687,12687,0,0,0,0,0.9888669014861521,0.9692514421998486,0.9888669014861521,0.9692514421998486,1.0,1,0.5904780344974534,58
4979,7,12694,12694,0,0,0,0,0.9888669014861521,0.9692514421998486,0.9888669014861521,0.9692514421998486,1.0,1,0.5659495253667536,58
4980,2,12696,12696,0,0,0,0,0.9732535016870573,0.9282707545243808,0.9732535016870573,0.9282707545243808,1.0,1,0.5784991678797915,59
4981,5,12701,12701,0,0,0,0,0.959343846656388,0.8939404695384039,0.959343846656388,0.8939404695384039,1.0,1,0.5367856752668779,60
4982,5,12706,12706,0,0,0,0,0.9600103409734966,0.8939404695384039,0.9600103409734966,0.8939404695384039,1.0,1,0.5331049642636821,61
4983,6,12712,12712,0,0,0,0,0.9434585769895121,0.8562905498483433,0.9434585769895121,0.8562905498483433,1.0,1,0.5056867436009859,61
4984,5,12717,12717,0,0,0,0,0.9415419185823769,0.8562905498483433,0.9415419185823769,0.8562905498483433,1.0,1,0.5555423974031912,59
4985,3,12720,12720,0,0,0,0,0.9260845886429412,0.8285162456516235,0.9260845886429412,0.8285162456516235,1.0,1,0.5500763301098143,58
4986,2,12722,12722,0,0,0,0,0.9273373922252642,0.8285162456516235,0.9273373922252642,0.8285162456516235,1.0,1,0.5702711122456352,59
4987,2,12724,12724,0,0,0,0,0.9260845886429412,0.8285162456516235,0.9260845886429412,0.8285162456516235,1.0,1,0.5907326389193978,58
4988,3,12727,12727,0,0,0,0,0.9094062258563431,0.8013905720696751,0.9094062258563431,0.8013905720696751,1.0,1,0.6394586168655396,57
4989,2,12729,12729,0,0,0,0,0.9284394477495553,0.8454292071390396,0.9284394477495553,0.8454292071390396,1.0,1,0.6325193382676255,54
4990,1,12730,12730,0,0,0,0,0.9406886298965914,0.8690207243549726,0.9406886298965914,0.8690207243549726,1.0,1,0.610135002085565,53
4991,1,12731,12731,0,0,0,0,0.9449311828092403,0.8806842294200207,0.9449311828092403,0.8806842294200207,1.0,1,0.6284188847419622,52
4992,2,12733,12733,0,0,0,0,0.9880566127443157,0.9739417005330523,0.9880566127443157,0.9739417005330523,1.0,1,0.6281515071813745,48
4993,1,12734,12734,0,0,0,0,0.9880566127443157,0.9739417005330523,0.9880566127443157,0.9739417005330523,1.0,1,0.6399081900005349,48
4994,5,12739,12739,0,0,0,0,0.9733780229487142,0.945545956031461,0.9733780229487142,0.945545956031461,1.0,1,0.6577881072907998,45
4995,3,12742,12742,0,0,0,0,0.9733780229487142,0.945545956031461,0.9733780229487142,0.945545956031461,1.0,1,0.6327171758512675,45
4996,5,12747,12747,0,0,0,0,0.9698302672143934,0.9382891829385319,0.9698302672143934,0.9382891829385319,1.0,1,0.6250283336905819,45
4997,3,12750,12750,0,0,0,0,0.9878451230186723,0.9756902460373446,0.9878451230186723,0.9756902460373446,1.0,1,0.5943630344179228,42
4998,3,12753,12753,0,0,0,0,0.9124942772304213,0.8395728415891057,0.9124942772304213,0.8395728415891057,1.0,1,0.6210803680475071,44
4999,1,12754,12754,0,0,0,0,0.9180297499728778,0.8497212082836094,0.9180297499728778,0.8497212082836094,1.0,1,0.6110034972002651,44
5000,0,12754,12754,0,0,0,0,0.9416111867668746,0.8933769497482059,0.9416111867668746,0.8933769497482059,1.0,1,0.6149404869862272,42
5001,1,12755,12755,0,0,0,0,0.9285011385392491,0.8748769924436858,0.9285011385392491,0.8748769924436858,1.0,1,0.6260939916480631,42
5002,0,12755,12755,0,0,0,0,0.9477731805872922,0.9069000175686515,0.9477731805872922,0.9069000175686515,1.0,1,0.6207639731095703,41
5003,0,12755,12755,0,0,0,0,0.9477731805872922,0.9069000175686515,0.9477731805872922,0.9069000175686515,1.0,1,0.6360333335962534,41
5004,1,12756,12756,0,0,0,0,0.9477731805872924,0.9069000175686515,0.9477731805872924,0.9069000175686515,1.0,1,0.6598627401087885,41
5005,0,12756,12756,0,0,0,0,0.9477731805872922,0.9069000175686515,0.9477731805872922,0.9069000175686515,1.0,1,0.6598627401087885,41
5006,0,12756,12756,0,0,0,0,0.9490166762875949,0.9069000175686515,0.9490166762875949,0.9069000175686515,1.0,1,0.6600540678410941,42
5007,1,12757,12757,0,0,0,0,0.950202334978581,0.9069000175686515,0.950202334978581,0.9069000175686515,1.0,1,0.6483624522342512,43
5008,0,12757,12757,0,0,0,0,0.9380962286036573,0.8813511048236766,0.9380962286036573,0.8813511048236766,1.0,1,0.6277779856854849,46
5009,2,12759,12759,0,0,0,0,0.9380962286036573,0.8813511048236766,0.9380962286036573,0.8813511048236766,1.0,1,0.6271872042872725,46
5010,0,12759,12759,0,0,0,0,0.9113289146698829,0.8368452029925844,0.9113289146698829,0.8368452029925844,1.0,1,0.6369875811542565,46
5011,1,12760,12760,0,0,0,0,0.9132155335066939,0.8368452029925844,0.9132155335066939,0.8368452029925844,1.0,1,0.6367750580708432,47
5012,0,12760,12760,0,0,0,0,0.9150235432253044,0.8368452029925844,0.9150235432253044,0.8368452029925844,1.0,1,0.6373449368512584,48
5013,4,12764,12764,0,0,0,0,0.9163426725953111,0.8393779313829972,0.9163426725953111,0.8393779313829972,1.0,1,0.6250163057236783,48
5014,2,12766,12766,0,0,0,0,0.94747389625845,0.8880965615940892,0.94747389625845,0.8880965615940892,1.0,1,0.6058434505029361,49
5015,4,12770,12770,0,0,0,0,0.9744001806786562,0.9418185924514915,0.9744001806786562,0.9418185924514915,1.0,1,0.6354151704633203,50
5016,6,12776,12776,0,0,0,0,0.996974750994906,0.9926529667019143,0.996974750994906,0.9926529667019143,1.0,1,0.5979758251935364,51
5017,4,12780,12780,0,0,0,0,1.0,1.0,1.0,1.0,1.0,1,0.5862039284199356,51
5018,3,12783,12783,0,0,0,0,1.0,1.0,1.0,1.0,1.0,1,0.5911311445852355,51
5019,6,12789,12789,0,0,0,0,1.0,1.0,1.0,1.0,1.0,1,0.576504744653805,51
5020,3,12792,12792,0,0,0,0,1.0,1.0,1.0,1.0,1.0,1,0.5676124506688178,51
5021,2,12794,12794,0,0,0,0,1.0,1.0,1.0,1.0,1.0,1,0.5818949688854834,52
5022,5,12799,12799,0,0,0,0,1.0,1.0,1.0,1.0,1.0,1,0.6111618118320595,52
5023,2,12801,12801,0,0,0,0,1.0,1.0,1.0,1.0,1.0,1,0.6265896020913734,52
5024,2,12803,12803,0,0,0,0,1.0,1.0,1.0,1.0,1.0,1,0.6257348962192691,51
5025,3,12806,12806,0,0,0,0,1.0,1.0,1.0,1.0,1.0,1,0.6420257104853396,50
5026,3,12809,12809,0,0,0,0,0.9838085707358947,0.9622199983837543,0.9838085707358947,0.9622199983837543,1.0,1,0.663541066773709,49
5027,2,12811,12811,0,0,0,0,1.0,1.0,1.0,1.0,1.0,1,0.6495586050621096,47
5028,1,12812,12812,0,0,0,0,1.0,1.0,1.0,1.0,1.0,1,0.6438246563601954,47
5029,3,12815,12815,0,0,0,0,1.0,1.0,1.0,1.0,1.0,1,0.6409414145061396,46
5030,2,12817,12817,0,0,0,0,1.0,1.0,1.0,1.0,1.0,1,0.6389952176352354,48
5031,2,12819,12819,0,0,0,0,1.0,1.0,1.0,1.0,1.0,1,0.6164114502188125,46
5032,2,12821,12821,0,0,0,0,1.0,1.0,1.0,1.0,1.0,1,0.6380868397334245,46
5033,3,12824,12824,0,0,0,0,1.0,1.0,1.0,1.0,1.0,1,0.6444222636797007,47
5034,1,12825,12825,0,0,0,0,1.0,1.0,1.0,1.0,1.0,1,0.6263756031357838,48
5035,1,12826,12826,0,0,0,0,1.0,1.0,1.0,1.0,1.0,1,0.6148666841857693,47
5036,0,12826,12826,0,0,0,0,1.0,1.0,1.0,1.0,1.0,1,0.6148666841857693,47
5037,0,12826,12826,0,0,0,0,1.0,1.0,1.0,1.0,1.0,1,0.6202589921804597,47
5038,0,12826,12826,0,0,0,0,1.0,1.0,1.0,1.0,1.0,1,0.6252828244168093,48
5039,0,12826,12826,0,0,0,0,1.0,1.0,1.0,1.0,1.0,1,0.6240887891344253,47
5040,0,12826,12826,0,0,0,0,1.0,1.0,1.0,1.0,1.0,1,0.6247639566073814,48
5041,2,12828,12828,0,0,0,0,1.0,1.0,1.0,1.0,1.0,1,0.6365130453035869,49
5042,3,12831,12831,0,0,0,0,0.9970099300261738,0.9928807857766045,0.9970099300261738,0.9928807857766045,1.0,1,0.6386663055667685,50
5043,1,12832,12832,0,0,0,0,0.9970685588491901,0.9928807857766045,0.9970685588491901,0.9928807857766045,1.0,1,0.6286342119881275,51
5044,2,12834,12834,0,0,0,0,0.9843011311757133,0.9636071677255169,0.9843011311757133,0.9636071677255169,1.0,1,0.6285565170498655,51
5045,1,12835,12835,0,0,0,0,0.9843011311757133,0.9636071677255169,0.9843011311757133,0.9636071677255169,1.0,1,0.6452637044790333,51
5046,3,12838,12838,0,0,0,0,0.9846030324992572,0.9636071677255169,0.9846030324992572,0.9636071677255169,1.0,1,0.6455811005883576,52
5047,0,12838,12838,0,0,0,0,0.9893795119201214,0.9748970281748323,0.9893795119201214,0.9748970281748323,1.0,1,0.6443855055456051,52
5048,1,12839,12839,0,0,0,0,0.9893795119201213,0.9748970281748323,0.9893795119201213,0.9748970281748323,1.0,1,0.6361483668857961,52
5049,0,12839,12839,0,0,0,0,0.9655409503695643,0.9220925834442324,0.9655409503695643,0.9220925834442324,1.0,1,0.6574638807935289,52
5050,0,12839,12839,0,0,0,0,0.9484614263640356,0.881890768750915,0.9484614263640356,0.881890768750915,1.0,1,0.6472615120415323,55
5051,0,12839,12839,0,0,0,0,0.9283430610382662,0.8423547342841856,0.9283430610382662,0.8423547342841856,1.0,1,0.6593337227221685,55
5052,0,12839,12839,0,0,0,0,0.9283430610382662,0.8423547342841856,0.9283430610382662,0.8423547342841856,1.0,1,0.6593337227221685,55
5053,2,12841,12841,0,0,0,0,0.927016080687123,0.8423547342841856,0.927016080687123,0.8423547342841856,1.0,1,0.6599442432573598,54
5054,0,12841,12841,0,0,0,0,0.927016080687123,0.8423547342841856,0.927016080687123,0.8423547342841856,1.0,1,0.6599442432573598,54
5055,3,12844,12844,0,0,0,0,0.927016080687123,0.8423547342841856,0.927016080687123,0.8423547342841856,1.0,1,0.6585925438022726,54
5056,1,12845,12845,0,0,0,0,0.9134774792593268,0.8169715907408833,0.9134774792593268,0.8169715907408833,1.0,1,0.6513005721669884,55
5057,4,12849,12849,0,0,0,0,0.90108956721382,0.794852435702738,0.90108956721382,0.794852435702738,1.0,1,0.6408930071420235,56
5058,2,12851,12851,0,0,0,0,0.9045002717926539,0.794852435702738,0.9045002717926539,0.794852435702738,1.0,1,0.6185272459805924,58
5059,5,12856,12856,0,0,0,0,0.9045002717926539,0.794852435702738,0.9045002717926539,0.794852435702738,1.0,1,0.6409141247777019,58
5060,3,12859,12859,0,0,0,0,0.9061189112537954,0.794852435702738,0.9061189112537954,0.794852435702738,1.0,1,0.6474515111052423,59
5061,4,12863,12863,0,0,0,0,0.9045002717926539,0.794852435702738,0.9045002717926539,0.794852435702738,1.0,1,0.6628444138325489,58
5062,4,12867,12867,0,0,0,0,0.8683669518263376,0.7367339036526751,0.8683669518263376,0.7367339036526751,1.0,1,0.6688930061581828,58
5063,3,12870,12870,0,0,0,0,0.8454913951589993,0.7064336508020985,0.8454913951589993,0.7064336508020985,1.0,1,0.692608056233132,57
5064,3,12873,12873,0,0,0,0,0.8271328192274995,0.6821474418054022,0.8271328192274995,0.6821474418054022,1.0,1,0.6941952978478805,57
5065,4,12877,12877,0,0,0,0,0.8358823674085352,0.6936470858292656,0.8358823674085352,0.6936470858292656,1.0,1,0.6900247539355722,56
5066,4,12881,12881,0,0,0,0,0.8304560347348742,0.689169397013936,0.8304560347348742,0.689169397013936,1.0,1,0.700323111907997,55
5067,3,12884,12884,0,0,0,0,0.8846722774310107,0.7693445548620214,0.8846722774310107,0.7693445548620214,1.0,1,0.6760558851335914,54
5068,4,12888,12888,0,0,0,0,0.8630240045505349,0.7358320087760316,0.8630240045505349,0.7358320087760316,1.0,1,0.6692005104148575,54
5069,5,12893,12893,0,0,0,0,0.9401435998882778,0.8678171164199469,0.9401435998882778,0.8678171164199469,1.0,1,0.6337660282180165,53
5070,4,12897,12897,0,0,0,0,0.9491435563027881,0.882809064523816,0.9491435563027881,0.882809064523816,1.0,1,0.6064464311222677,53
5071,0,12897,12897,0,0,0,0,0.9723690853109479,0.933434614612738,0.9723690853109479,0.933434614612738,1.0,1,0.6004175386207555,53
5072,6,12903,12903,0,0,0,0,0.9936076248906055,0.9838668628191468,0.9936076248906055,0.9838668628191468,1.0,1,0.6042420141175353,53
5073,2,12905,12905,0,0,0,0,0.9936076248906053,0.9838668628191468,0.9936076248906053,0.9838668628191468,1.0,1,0.6027927535064089,53
5074,1,12906,12906,0,0,0,0,1.0,1.0,1.0,1.0,1.0,1,0.5739933644662172,52
5075,5,12911,12911,0,0,0,0,1.0,1.0,1.0,1.0,1.0,1,0.5743251713410773,52
5076,0,12911,12911,0,0,0,0,0.9893989362304767,0.9722353091750578,0.9893989362304767,0.9722353091750578,1.0,1,0.5744499376214108,55
5077,0,12911,12911,0,0,0,0,0.9687986476089588,0.921996619022397,0.9687986476089588,0.921996619022397,1.0,1,0.5903249639285374,55
5078,0,12911,12911,0,0,0,0,0.9687986476089587,0.921996619022397,0.9687986476089587,0.921996619022397,1.0,1,0.5903249639285374,55
5079,0,12911,12911,0,0,0,0,0.9682208447869024,0.921996619022397,0.9682208447869024,0.921996619022397,1.0,1,0.5999935208442422,54
5080,2,12913,12913,0,0,0,0,0.9687986476089588,0.921996619022397,0.9687986476089588,0.921996619022397,1.0,1,0.6012123648326996,55
5081,0,12913,12913,0,0,0,0,0.9556680601099417,0.890133888098551,0.9556680601099417,0.890133888098551,1.0,1,0.600230229529724,57
5082,4,12917,12917,0,0,0,0,0.9556680601099417,0.890133888098551,0.9556680601099417,0.890133888098551,1.0,1,0.6285395032548954,57
5083,0,12917,12917,0,0,0,0,0.9564324039011495,0.890133888098551,0.9564324039011495,0.890133888098551,1.0,1,0.61960132137064,58
5084,5,12922,12922,0,0,0,0,0.9564324039011495,0.890133888098551,0.9564324039011495,0.890133888098551,1.0,1,0.6552938674847331,58
5085,6,12928,12928,0,0,0,0,0.9571708377333334,0.890133888098551,0.9571708377333334,0.890133888098551,1.0,1,0.6056193877581876,59
5086,4,12932,12932,0,0,0,0,0.9578846571044445,0.890133888098551,0.9578846571044445,0.890133888098551,1.0,1,0.6191400351103054,60
5087,7,12939,12939,0,0,0,0,0.9105625137704125,0.7901658976921216,0.9105625137704125,0.7901658976921216,1.0,1,0.6448371890149444,61
5088,1,12940,12940,0,0,0,0,0.8987595440924769,0.7675219160642063,0.8987595440924769,0.7675219160642063,1.0,1,0.6571358793890265,62
5089,6,12946,12946,0,0,0,0,0.868868666380342,0.715128482136605,0.868868666380342,0.715128482136605,1.0,1,0.6480523665906028,63
5090,4,12950,12950,0,0,0,0,0.8822470561630968,0.7350558763669679,0.8822470561630968,0.7350558763669679,1.0,1,0.6459088819806463,63
5091,8,12958,12958,0,0,0,0,0.8864852432422086,0.7445917972949693,0.8864852432422086,0.7445917972949693,1.0,1,0.6439457704747553,63
5092,3,12961,12961,0,0,0,0,0.8864852432422085,0.7445917972949693,0.8864852432422085,0.7445917972949693,1.0,1,0.6421915355024803,63
5093,8,12969,12969,0,0,0,0,0.9250224102573124,0.8183235325465644,0.9250224102573124,0.8183235325465644,1.0,1,0.6417967227612894,63
5094,4,12973,12973,0,0,0,0,0.9414579936019882,0.8501324636210899,0.9414579936019882,0.8501324636210899,1.0,1,0.6192954461792898,64
5095,7,12980,12980,0,0,0,0,0.9408358093886525,0.8485396720349507,0.9408358093886525,0.8485396720349507,1.0,1,0.588952546749655,64
5096,4,12984,12984,0,0,0,0,0.944796149259239,0.8520536800147609,0.944796149259239,0.8520536800147609,1.0,1,0.5656666220620715,67
5097,2,12986,12986,0,0,0,0,0.9337050176785048,0.8291629301715318,0.9337050176785048,0.8291629301715318,1.0,1,0.5975924457622258,67
5098,4,12990,12990,0,0,0,0,0.9468093453148027,0.855321419256263,0.9468093453148027,0.855321419256263,1.0,1,0.5713100712106893,68
5099,5,12995,12995,0,0,0,0,0.9304583366897824,0.8127724449340301,0.9304583366897824,0.8127724449340301,1.0,1,0.5458615759421732,70
5100,3,12998,12998,0,0,0,0,0.9209144447753209,0.7920342807054734,0.9209144447753209,0.7920342807054734,1.0,1,0.5414556238348415,71
5101,4,13002,13002,0,0,0,0,0.9209144447753209,0.7920342807054734,0.9209144447753209,0.7920342807054734,1.0,1,0.5322015646890957,71
5102,2,13004,13004,0,0,0,0,0.9197846511292539,0.7920342807054734,0.9197846511292539,0.7920342807054734,1.0,1,0.5563390822594494,70
5103,6,13010,13010,0,0,0,0,0.9423838277721371,0.8515275561820458,0.9423838277721371,0.8515275561820458,1.0,1,0.5424750614650596,67
5104,3,13013,13013,0,0,0,0,0.942383827772137,0.8515275561820458,0.942383827772137,0.8515275561820458,1.0,1,0.5630064187395974,67
5105,4,13017,13017,0,0,0,0,0.9732033384431362,0.9296587634132325,0.9732033384431362,0.9296587634132325,1.0,1,0.5722907785417902,63
5106,5,13022,13022,0,0,0,0,0.9505409538670887,0.8801569266779458,0.9505409538670887,0.8801569266779458,1.0,1,0.6170043986794598,63
5107,6,13028,13028,0,0,0,0,0.9403632464841184,0.8623767226556577,0.9403632464841184,0.8623767226556577,1.0,1,0.6260705146336462,60
5108,1,13029,13029,0,0,0,0,0.9656223753895262,0.9197855425755611,0.9656223753895262,0.9197855425755611,1.0,1,0.6305479811177946,56
5109,5,13034,13034,0,0,0,0,0.9294172820021827,0.8479756843123936,0.9294172820021827,0.8479756843123936,1.0,1,0.6578771853900648,56
5110,2,13036,13036,0,0,0,0,0.9629781571894355,0.9197860072437767,0.9629781571894355,0.9197860072437767,1.0,1,0.670490063517806,52
5111,4,13040,13040,0,0,0,0,0.9764914165090923,0.9478722713897263,0.9764914165090923,0.9478722713897263,1.0,1,0.6522860693657052,51
5112,1,13041,13041,0,0,0,0,0.9700523768431899,0.9348964713982388,0.9700523768431899,0.9348964713982388,1.0,1,0.6461715664620695,50
5113,1,13042,13042,0,0,0,0,0.9862907479153956,0.9700889045426813,0.9862907479153956,0.9700889045426813,1.0,1,0.657223763340338,48
5114,3,13045,13045,0,0,0,0,1.0,1.0,1.0,1.0,1.0,1,0.6446006856158162,46
5115,4,13049,13049,0,0,0,0,1.0,1.0,1.0,1.0,1.0,1,0.6631721004234721,44
5116,3,13052,13052,0,0,0,0,1.0,1.0,1.0,1.0,1.0,1,0.6341634750128775,44
5117,4,13056,13056,0,0,0,0,1.0,1.0,1.0,1.0,1.0,1,0.6022484905827639,46
5118,5,13061,13061,0,0,0,0,1.0,1.0,1.0,1.0,1.0,1,0.6130638907719489,46
5119,9,13070,13070,0,0,0,0,1.0,1.0,1.0,1.0,1.0,1,0.5876472809534722,46
5120,6,13076,13076,0,0,0,0,1.0,1.0,1.0,1.0,1.0,1,0.6179823769973074,46
5121,6,13082,13082,0,0,0,0,1.0,1.0,1.0,1.0,1.0,1,0.608617521462458,46
5122,4,13086,13086,0,0,0,0,1.0,1.0,1.0,1.0,1.0,1,0.6110200151619795,46
5123,2,13088,13088,0,0,0,0,1.0,1.0,1.0,1.0,1.0,1,0.6290880731437131,45
5124,6,13094,13094,0,0,0,0,1.0,1.0,1.0,1.0,1.0,1,0.5779777433956423,47
5125,1,13095,13095,0,0,0,0,1.0,1.0,1.0,1.0,1.0,1,0.5871468052686891,50
5126,4,13099,13099,0,0,0,0,1.0,1.0,1.0,1.0,1.0,1,0.5706776638644582,50
5127,1,13100,13100,0,0,0,0,1.0,1.0,1.0,1.0,1.0,1,0.5588433123463566,52
5128,4,13104,13104,0,0,0,0,1.0,1.0,1.0,1.0,1.0,1,0.5284609869879884,53
5129,1,13105,13105,0,0,0,0,1.0,1.0,1.0,1.0,1.0,1,0.5273937616997891,55
5130,2,13107,13107,0,0,0,0,1.0,1.0,1.0,1.0,1.0,1,0.5118472383097191,55
5131,0,13107,13107,0,0,0,0,1.0,1.0,1.0,1.0,1.0,1,0.5205278966736786,54
5132,2,13109,13109,0,0,0,0,1.0,1.0,1.0,1.0,1.0,1,0.528658454343758,54
5133,0,13109,13109,0,0,0,0,1.0,1.0,1.0,1.0,1.0,1,0.528658454343758,54
5134,5,13114,13114,0,0,0,0,1.0,1.0,1.0,1.0,1.0,1,0.6085515197445739,53
5135,0,13114,13114,0,0,0,0,1.0,1.0,1.0,1.0,1.0,1,0.6133848483616618,54
5136,1,13115,13115,0,0,0,0,0.9892899030002225,0.9748545548700874,0.9892899030002225,0.9748545548700874,1.0,1,0.6569159936127792,54
5137,2,13117,13117,0,0,0,0,0.9648109289633034,0.9208245901674327,0.9648109289633034,0.9208245901674327,1.0,1,0.6723037473051392,54
5138,4,13121,13121,0,0,0,0,0.9648109289633034,0.9208245901674327,0.9648109289633034,0.9208245901674327,1.0,1,0.6766325780958335,54
5139,4,13125,13125,0,0,0,0,0.9654507302548796,0.9208245901674327,0.9654507302548796,0.9208245901674327,1.0,1,0.6205165220067849,55
5140,3,13128,13128,0,0,0,0,0.9654507302548797,0.9208245901674327,0.9654507302548797,0.9208245901674327,1.0,1,0.5999918782194815,55
5141,0,13128,13128,0,0,0,0,0.9976948745551871,0.9944467432465873,0.9976948745551871,0.9944467432465873,1.0,1,0.5904347694875518,53
5142,4,13132,13132,0,0,0,0,0.9977375620634246,0.9944467432465873,0.9977375620634246,0.9944467432465873,1.0,1,0.5564957121726795,54
5143,0,13132,13132,0,0,0,0,1.0,1.0,1.0,1.0,1.0,1,0.5489021466165072,52
5144,3,13135,13135,0,0,0,0,1.0,1.0,1.0,1.0,1.0,1,0.5759225612061792,50
5145,2,13137,13137,0,0,0,0,1.0,1.0,1.0,1.0,1.0,1,0.5490280741072505,49
5146,4,13141,13141,0,0,0,0,1.0,1.0,1.0,1.0,1.0,1,0.6080848875767122,49
5147,3,13144,13144,0,0,0,0,1.0,1.0,1.0,1.0,1.0,1,0.5759870358037699,46
5148,3,13147,13147,0,0,0,0,1.0,1.0,1.0,1.0,1.0,1,0.5641590899552742,46
5149,3,13150,13150,0,0,0,0,1.0,1.0,1.0,1.0,1.0,1,0.588729059966248,45
5150,4,13154,13154,0,0,0,0,1.0,1.0,1.0,1.0,1.0,1,0.5846485169629794,47
5151,2,13156,13156,0,0,0,0,1.0,1.0,1.0,1.0,1.0,1,0.6089096094989416,46
5152,3,13159,13159,0,0,0,0,1.0,1.0,1.0,1.0,1.0,1,0.6397432113299971,46
5153,3,13162,13162,0,0,0,0,1.0,1.0,1.0,1.0,1.0,1,0.654752066237035,45
5154,2,13164,13164,0,0,0,0,0.9644620602820742,0.9304048680523951,0.9644620602820742,0.9304048680523951,1.0,1,0.673480456791135,47
5155,3,13167,13167,0,0,0,0,0.963572173962971,0.9286621740108181,0.963572173962971,0.9286621740108181,1.0,1,0.6526212407952585,47
5156,1,13168,13168,0,0,0,0,0.9635721739629709,0.9286621740108181,0.9635721739629709,0.9286621740108181,1.0,1,0.6289055224341895,47
5157,1,13169,13169,0,0,0,0,0.9627802647012963,0.9286621740108181,0.9627802647012963,0.9286621740108181,1.0,1,0.6520100289751107,46
5158,1,13170,13170,0,0,0,0,0.9635721739629709,0.9286621740108181,0.9635721739629709,0.9286621740108181,1.0,1,0.6410175923784152,47
5159,1,13171,13171,0,0,0,0,0.9484223070329348,0.8989077217845522,0.9484223070329348,0.8989077217845522,1.0,1,0.6200913013264623,49
5160,2,13173,13173,0,0,0,0,0.9473477717627876,0.8989077217845522,0.9473477717627876,0.8989077217845522,1.0,1,0.6371956143639113,48
5161,0,13173,13173,0,0,0,0,0.9473477717627876,0.8989077217845522,0.9473477717627876,0.8989077217845522,1.0,1,0.6371956143639113,48
5162,5,13178,13178,0,0,0,0,0.9484223070329348,0.8989077217845522,0.9484223070329348,0.8989077217845522,1.0,1,0.664492142466185,49
5163,2,13180,13180,0,0,0,0,0.9688857210291624,0.9338821571869701,0.9688857210291624,0.9338821571869701,1.0,1,0.6482100010901118,51
5164,1,13181,13181,0,0,0,0,0.986026660904191,0.9690156393962496,0.986026660904191,0.9690156393962496,1.0,1,0.6443994879694869,51
5165,8,13189,13189,0,0,0,0,0.9980991388328699,0.9955070554231473,0.9980991388328699,0.9955070554231473,1.0,1,0.619633753498907,52
5166,6,13195,13195,0,0,0,0,1.0,1.0,1.0,1.0,1.0,1,0.5992378798995808,52
5167,7,13202,13202,0,0,0,0,1.0,1.0,1.0,1.0,1.0,1,0.5953879517403292,52
5168,3,13205,13205,0,0,0,0,1.0,1.0,1.0,1.0,1.0,1,0.5735305661493517,52
5169,3,13208,13208,0,0,0,0,1.0,1.0,1.0,1.0,1.0,1,0.5622303792220038,53
5170,0,13208,13208,0,0,0,0,1.0,1.0,1.0,1.0,1.0,1,0.5622303792220038,53
5171,4,13212,13212,0,0,0,0,1.0,1.0,1.0,1.0,1.0,1,0.6263569667498029,52
5172,0,13212,13212,0,0,0,0,1.0,1.0,1.0,1.0,1.0,1,0.6069704057328512,53
5173,1,13213,13213,0,0,0,0,1.0,1.0,1.0,1.0,1.0,1,0.6097424039754689,54
5174,2,13215,13215,0,0,0,0,1.0,1.0,1.0,1.0,1.0,1,0.5986419553222353,56
5175,1,13216,13216,0,0,0,0,1.0,1.0,1.0,1.0,1.0,1,0.5857552662288149,58
5176,1,13217,13217,0,0,0,0,1.0,1.0,1.0,1.0,1.0,1,0.5818619179626539,58
5177,1,13218,13218,0,0,0,0,1.0,1.0,1.0,1.0,1.0,1,0.6052790559621873,59
5178,4,13222,13222,0,0,0,0,1.0,1.0,1.0,1.0,1.0,1,0.5990924926920015,57
5179,3,13225,13225,0,0,0,0,1.0,1.0,1.0,1.0,1.0,1,0.5997726787422847,58
5180,6,13231,13231,0,0,0,0,1.0,1.0,1.0,1.0,1.0,1,0.6227398306339822,56
5181,1,13232,13232,0,0,0,0,1.0,1.0,1.0,1.0,1.0,1,0.599009719096109,57
5182,6,13238,13238,0,0,0,0,1.0,1.0,1.0,1.0,1.0,1,0.6023677045749519,56
5183,1,13239,13239,0,0,0,0,1.0,1.0,1.0,1.0,1.0,1,0.5989179486638799,57
5184,3,13242,13242,0,0,0,0,0.9942973666337395,0.984792977689972,0.9942973666337395,0.984792977689972,1.0,1,0.6278785613631824,56
5185,0,13242,13242,0,0,0,0,0.9730515616955744,0.9314039752250983,0.9730515616955744,0.9314039752250983,1.0,1,0.6363858918767418,56
5186,2,13244,13244,0,0,0,0,1.0,1.0,1.0,1.0,1.0,1,0.6370282002503235,54
5187,1,13245,13245,0,0,0,0,0.9990951939526994,0.9976927445793834,0.9990951939526994,0.9976927445793834,1.0,1,0.6464453703951666,51
5188,1,13246,13246,0,0,0,0,1.0,1.0,1.0,1.0,1.0,1,0.6498795428728448,50
5189,1,13247,13247,0,0,0,0,1.0,1.0,1.0,1.0,1.0,1,0.6721949647781823,49
5190,0,13247,13247,0,0,0,0,1.0,1.0,1.0,1.0,1.0,1,0.6643559257618386,50
5191,2,13249,13249,0,0,0,0,1.0,1.0,1.0,1.0,1.0,1,0.663994770394447,50
5192,2,13251,13251,0,0,0,0,1.0,1.0,1.0,1.0,1.0,1,0.6680444603684116,49
5193,1,13252,13252,0,0,0,0,1.0,1.0,1.0,1.0,1.0,1,0.6655080602506434,50
5194,1,13253,13253,0,0,0,0,0.9811334353521555,0.9518902601479964,0.9811334353521555,0.9518902601479964,1.0,1,0.6596928427905202,51
5195,1,13254,13254,0,0,0,0,0.9811334353521555,0.9518902601479964,0.9811334353521555,0.9518902601479964,1.0,1,0.654390711328275,51
5196,1,13255,13255,0,0,0,0,0.9811334353521554,0.9518902601479964,0.9811334353521554,0.9518902601479964,1.0,1,0.6589357799270134,51
5197,2,13257,13257,0,0,0,0,0.9811334353521555,0.9518902601479964,0.9811334353521555,0.9518902601479964,1.0,1,0.6832455442334029,51
5198,0,13257,13257,0,0,0,0,0.9811334353521555,0.9518902601479964,0.9811334353521555,0.9518902601479964,1.0,1,0.6832455442334029,51
5199,1,13258,13258,0,0,0,0,0.9617219857624645,0.9015708205320514,0.9617219857624645,0.9015708205320514,1.0,1,0.6635740232217306,54
5200,0,13258,13258,0,0,0,0,0.9617219857624645,0.9015708205320514,0.9617219857624645,0.9015708205320514,1.0,1,0.6635740232217306,54
5201,0,13258,13258,0,0,0,0,0.9624179496576923,0.9015708205320514,0.9624179496576923,0.9015708205320514,1.0,1,0.6550708846752613,55
5202,1,13259,13259,0,0,0,0,0.9446007877649156,0.8589838234016035,0.9446007877649156,0.8589838234016035,1.0,1,0.6535143019513688,56
5203,1,13260,13260,0,0,0,0,0.9446007877649157,0.8589838234016035,0.9446007877649157,0.8589838234016035,1.0,1,0.6459369397902333,56
5204,1,13261,13261,0,0,0,0,0.9280749334521846,0.8186237452272481,0.9280749334521846,0.8186237452272481,1.0,1,0.6330811796441106,58
5205,1,13262,13262,0,0,0,0,0.9280749334521846,0.8186237452272481,0.9280749334521846,0.8186237452272481,1.0,1,0.6292375630349321,58
5206,1,13263,13263,0,0,0,0,0.9280749334521846,0.8186237452272481,0.9280749334521846,0.8186237452272481,1.0,1,0.6364710370460898,58
5207,1,13264,13264,0,0,0,0,0.9162736192331007,0.7941726472813724,0.9162736192331007,0.7941726472813724,1.0,1,0.635887167867239,59
5208,3,13267,13267,0,0,0,0,0.9148300609440162,0.7941726472813724,0.9148300609440162,0.7941726472813724,1.0,1,0.6226768285402896,58
5209,2,13269,13269,0,0,0,0,0.9148300609440162,0.7941726472813724,0.9148300609440162,0.7941726472813724,1.0,1,0.6252622086530097,58
5210,2,13271,13271,0,0,0,0,0.9133358514868936,0.7941726472813724,0.9133358514868936,0.7941726472813724,1.0,1,0.6221881788410333,57
5211,5,13276,13276,0,0,0,0,0.8995713505763927,0.7710226793141753,0.8995713505763927,0.7710226793141753,1.0,1,0.634630660524998,57
5212,4,13280,13280,0,0,0,0,0.9152578508802907,0.7916755500807144,0.9152578508802907,0.7916755500807144,1.0,1,0.6219539809694158,59
5213,8,13288,13288,0,0,0,0,0.930496302955586,0.8217079075817206,0.930496302955586,0.8217079075817206,1.0,1,0.6376513396087815,59
5214,4,13292,13292,0,0,0,0,0.914943258523054,0.7909021772025077,0.914943258523054,0.7909021772025077,1.0,1,0.6484591823510464,59
5215,6,13298,13298,0,0,0,0,0.8835064876686622,0.7401298571070155,0.8835064876686622,0.7401298571070155,1.0,1,0.6747383853511131,58
5216,7,13305,13305,0,0,0,0,0.9294837395456879,0.8191104623128515,0.9294837395456879,0.8191104623128515,1.0,1,0.6550583878500466,59
5217,3,13308,13308,0,0,0,0,0.9626344528422858,0.8967999173739323,0.9626344528422858,0.8967999173739323,1.0,1,0.6315235759309044,58
5218,7,13315,13315,0,0,0,0,0.9625983638105485,0.8967002429053244,0.9625983638105485,0.8967002429053244,1.0,1,0.6201525188707221,58
5219,6,13321,13321,0,0,0,0,1.0,1.0,1.0,1.0,1.0,1,0.5671151743746496,57
5220,3,13324,13324,0,0,0,0,1.0,1.0,1.0,1.0,1.0,1,0.5726361572361454,56
5221,2,13326,13326,0,0,0,0,1.0,1.0,1.0,1.0,1.0,1,0.5689862063651098,58
5222,4,13330,13330,0,0,0,0,1.0,1.0,1.0,1.0,1.0,1,0.5707673518678529,56
5223,4,13334,13334,0,0,0,0,1.0,1.0,1.0,1.0,1.0,1,0.5756964480539336,55
5224,0,13334,13334,0,0,0,0,1.0,1.0,1.0,1.0,1.0,1,0.5821325034773657,56
5225,3,13337,13337,0,0,0,0,1.0,1.0,1.0,1.0,1.0,1,0.5802153795948591,55
5226,1,13338,13338,0,0,0,0,1.0,1.0,1.0,1.0,1.0,1,0.5754278168235768,55
5227,2,13340,13340,0,0,0,0,1.0,1.0,1.0,1.0,1.0,1,0.5862594249600112,53
5228,2,13342,13342,0,0,0,0,1.0,1.0,1.0,1.0,1.0,1,0.5847073652508185,51
5229,3,13345,13345,0,0,0,0,1.0,1.0,1.0,1.0,1.0,1,0.5763234942506699,51
5230,2,13347,13347,0,0,0,0,1.0,1.0,1.0,1.0,1.0,1,0.5817733614965914,51
5231,2,13349,13349,0,0,0,0,1.0,1.0,1.0,1.0,1.0,1,0.6022254789547189,52
5232,2,13351,13351,0,0,0,0,1.0,1.0,1.0,1.0,1.0,1,0.6090062859028997,52
5233,4,13355,13355,0,0,0,0,0.988096768240272,0.9684564358367209,0.988096768240272,0.9684564358367209,1.0,1,0.6145753802949451,53
5234,3,13358,13358,0,0,0,0,0.988096768240272,0.9684564358367209,0.988096768240272,0.9684564358367209,1.0,1,0.5993956608728611,53
5235,2,13360,13360,0,0,0,0,0.988096768240272,0.9684564358367209,0.988096768240272,0.9684564358367209,1.0,1,0.5829978021128983,53
5236,4,13364,13364,0,0,0,0,0.9878678599372003,0.9684564358367209,0.9878678599372003,0.9684564358367209,1.0,1,0.566850710688523,52
5237,0,13364,13364,0,0,0,0,0.964465821097358,0.9120106046220294,0.964465821097358,0.9120106046220294,1.0,1,0.5872762248208633,52
5238,4,13368,13368,0,0,0,0,1.0,1.0,1.0,1.0,1.0,1,0.5555903052822885,52
5239,3,13371,13371,0,0,0,0,1.0,1.0,1.0,1.0,1.0,1,0.5804523831535882,51
5240,6,13377,13377,0,0,0,0,1.0,1.0,1.0,1.0,1.0,1,0.579566050825983,53
5241,4,13381,13381,0,0,0,0,1.0,1.0,1.0,1.0,1.0,1,0.5667167526712312,53
5242,9,13390,13390,0,0,0,0,1.0,1.0,1.0,1.0,1.0,1,0.6009395302331858,51
5243,4,13394,13394,0,0,0,0,1.0,1.0,1.0,1.0,1.0,1,0.6097428553712381,51
5244,5,13399,13399,0,0,0,0,1.0,1.0,1.0,1.0,1.0,1,0.6343234812898773,52
5245,4,13403,13403,0,0,0,0,1.0,1.0,1.0,1.0,1.0,1,0.6101527142140161,53
5246,5,13408,13408,0,0,0,0,1.0,1.0,1.0,1.0,1.0,1,0.5782977608412189,53
5247,4,13412,13412,0,0,0,0,1.0,1.0,1.0,1.0,1.0,1,0.6054102517869984,54
5248,2,13414,13414,0,0,0,0,1.0,1.0,1.0,1.0,1.0,1,0.5888959195868758,54
5249,2,13416,13416,0,0,0,0,1.0,1.0,1.0,1.0,1.0,1,0.5603686152167827,55
5250,3,13419,13419,0,0,0,0,1.0,1.0,1.0,1.0,1.0,1,0.5687048370682035,57
5251,4,13423,13423,0,0,0,0,1.0,1.0,1.0,1.0,1.0,1,0.5842279565997817,58
5252,2,13425,13425,0,0,0,0,1.0,1.0,1.0,1.0,1.0,1,0.5955193551206674,58
5253,2,13427,13427,0,0,0,0,1.0,1.0,1.0,1.0,1.0,1,0.5964751506632066,58
5254,1,13428,13428,0,0,0,0,1.0,1.0,1.0,1.0,1.0,1,0.5928410264196645,59
5255,1,13429,13429,0,0,0,0,1.0,1.0,1.0,1.0,1.0,1,0.5718695575366746,58
5256,1,13430,13430,0,0,0,0,1.0,1.0,1.0,1.0,1.0,1,0.56277779832446,58
5257,1,13431,13431,0,0,0,0,1.0,1.0,1.0,1.0,1.0,1,0.5509200728782577,57
5258,4,13435,13435,0,0,0,0,1.0,1.0,1.0,1.0,1.0,1,0.5614497823940482,55
5259,3,13438,13438,0,0,0,0,1.0,1.0,1.0,1.0,1.0,1,0.5168536278930842,56
5260,2,13440,13440,0,0,0,0,1.0,1.0,1.0,1.0,1.0,1,0.5043778595448837,55
5261,5,13445,13445,0,0,0,0,1.0,1.0,1.0,1.0,1.0,1,0.481388206313331,54
5262,4,13449,13449,0,0,0,0,1.0,1.0,1.0,1.0,1.0,1,0.48819207676495885,54
5263,5,13454,13454,0,0,0,0,1.0,1.0,1.0,1.0,1.0,1,0.4802697209537015,55
5264,3,13457,13457,0,0,0,0,1.0,1.0,1.0,1.0,1.0,1,0.5061422641407842,53
5265,4,13461,13461,0,0,0,0,1.0,1.0,1.0,1.0,1.0,1,0.4870619491907788,52
5266,5,13466,13466,0,0,0,0,1.0,1.0,1.0,1.0,1.0,1,0.49625025933881134,49
5267,5,13471,13471,0,0,0,0,1.0,1.0,1.0,1.0,1.0,1,0.5368104595492219,49
5268,7,13478,13478,0,0,0,0,1.0,1.0,1.0,1.0,1.0,1,0.535506073567913,46
5269,3,13481,13481,0,0,0,0,1.0,1.0,1.0,1.0,1.0,1,0.5781281889362004,45
5270,6,13487,13487,0,0,0,0,1.0,1.0,1.0,1.0,1.0,1,0.6014136961111127,46
5271,4,13491,13491,0,0,0,0,1.0,1.0,1.0,1.0,1.0,1,0.632946928847027,46
5272,3,13494,13494,0,0,0,0,1.0,1.0,1.0,1.0,1.0,1,0.5994106072220751,45
5273,5,13499,13499,0,0,0,0,1.0,1.0,1.0,1.0,1.0,1,0.5653522603389405,45
5274,6,13505,13505,0,0,0,0,1.0,1.0,1.0,1.0,1.0,1,0.5844432412667276,45
5275,2,13507,13507,0,0,0,0,1.0,1.0,1.0,1.0,1.0,1,0.5918071452888151,46
5276,3,13510,13510,0,0,0,0,1.0,1.0,1.0,1.0,1.0,1,0.5726636038402323,45
5277,3,13513,13513,0,0,0,0,1.0,1.0,1.0,1.0,1.0,1,0.5966509713459445,45
5278,5,13518,13518,0,0,0,0,1.0,1.0,1.0,1.0,1.0,1,0.5840794932078585,44
5279,1,13519,13519,0,0,0,0,1.0,1.0,1.0,1.0,1.0,1,0.5764870620009149,45
5280,0,13519,13519,0,0,0,0,1.0,1.0,1.0,1.0,1.0,1,0.5777426201797439,46
5281,0,13519,13519,0,0,0,0,1.0,1.0,1.0,1.0,1.0,1,0.5777426201797439,46
5282,1,13520,13520,0,0,0,0,1.0,1.0,1.0,1.0,1.0,1,0.5772744721736205,47
5283,0,13520,13520,0,0,0,0,1.0,1.0,1.0,1.0,1.0,1,0.5791736397870204,48
5284,1,13521,13521,0,0,0,0,1.0,1.0,1.0,1.0,1.0,1,0.5749611034826172,48
5285,1,13522,13522,0,0,0,0,1.0,1.0,1.0,1.0,1.0,1,0.53883060684182,48
5286,2,13524,13524,0,0,0,0,1.0,1.0,1.0,1.0,1.0,1,0.5163316117033447,50
5287,0,13524,13524,0,0,0,0,1.0,1.0,1.0,1.0,1.0,1,0.5163316117033447,50
5288,2,13526,13526,0,0,0,0,1.0,1.0,1.0,1.0,1.0,1,0.5138985787643805,51
5289,1,13527,13527,0,0,0,0,1.0,1.0,1.0,1.0,1.0,1,0.5227348293053954,51
5290,1,13528,13528,0,0,0,0,1.0,1.0,1.0,1.0,1.0,1,0.5153388615176451,52
5291,1,13529,13529,0,0,0,0,1.0,1.0,1.0,1.0,1.0,1,0.536114570587701,52
5292,1,13530,13530,0,0,0,0,1.0,1.0,1.0,1.0,1.0,1,0.5474452881944976,53
5293,1,13531,13531,0,0,0,0,1.0,1.0,1.0,1.0,1.0,1,0.5484105951981808,51
5294,1,13532,13532,0,0,0,0,1.0,1.0,1.0,1.0,1.0,1,0.535828052074782,50
5295,0,13532,13532,0,0,0,0,1.0,1.0,1.0,1.0,1.0,1,0.5453270423833231,49
5296,1,13533,13533,0,0,0,0,1.0,1.0,1.0,1.0,1.0,1,0.5366543729777676,48
5297,2,13535,13535,0,0,0,0,1.0,1.0,1.0,1.0,1.0,1,0.5287984835901036,46
5298,1,13536,13536,0,0,0,0,1.0,1.0,1.0,1.0,1.0,1,0.5309793206522859,46
5299,3,13539,13539,0,0,0,0,1.0,1.0,1.0,1.0,1.0,1,0.5135404187477166,47
5300,2,13541,13541,0,0,0,0,1.0,1.0,1.0,1.0,1.0,1,0.5187255909541675,48
5301,2,13543,13543,0,0,0,0,1.0,1.0,1.0,1.0,1.0,1,0.5288293741458302,48
5302,2,13545,13545,0,0,0,0,1.0,1.0,1.0,1.0,1.0,1,0.5486783658802166,49
5303,3,13548,13548,0,0,0,0,1.0,1.0,1.0,1.0,1.0,1,0.5636946987685986,48
5304,3,13551,13551,0,0,0,0,1.0,1.0,1.0,1.0,1.0,1,0.5962301888769459,48
5305,1,13552,13552,0,0,0,0,1.0,1.0,1.0,1.0,1.0,1,0.6045432359248365,47
5306,3,13555,13555,0,0,0,0,1.0,1.0,1.0,1.0,1.0,1,0.6276444147251579,48
5307,0,13555,13555,0,0,0,0,1.0,1.0,1.0,1.0,1.0,1,0.6269269208793126,48
5308,2,13557,13557,0,0,0,0,1.0,1.0,1.0,1.0,1.0,1,0.6383515931916119,47
5309,0,13557,13557,0,0,0,0,1.0,1.0,1.0,1.0,1.0,1,0.6406863920963968,46
5310,3,13560,13560,0,0,0,0,1.0,1.0,1.0,1.0,1.0,1,0.5955279100311208,46
5311,1,13561,13561,0,0,0,0,1.0,1.0,1.0,1.0,1.0,1,0.6084277785967886,46
5312,2,13563,13563,0,0,0,0,1.0,1.0,1.0,1.0,1.0,1,0.604782179182284,46
5313,5,13568,13568,0,0,0,0,1.0,1.0,1.0,1.0,1.0,1,0.5825152193970171,46
5314,3,13571,13571,0,0,0,0,1.0,1.0,1.0,1.0,1.0,1,0.5883176941028233,46
5315,7,13578,13578,0,0,0,0,1.0,1.0,1.0,1.0,1.0,1,0.5977380352466838,47
5316,4,13582,13582,0,0,0,0,1.0,1.0,1.0,1.0,1.0,1,0.6015723009319891,48
5317,10,13592,13592,0,0,0,0,1.0,1.0,1.0,1.0,1.0,1,0.5716199208035906,49
5318,2,13594,13594,0,0,0,0,1.0,1.0,1.0,1.0,1.0,1,0.5781229706709337,49
5319,6,13600,13600,0,0,0,0,1.0,1.0,1.0,1.0,1.0,1,0.6078257167392862,50
5320,2,13602,13602,0,0,0,0,1.0,1.0,1.0,1.0,1.0,1,0.5899285088056387,51
5321,2,13604,13604,0,0,0,0,1.0,1.0,1.0,1.0,1.0,1,0.5883788201093448,52
5322,1,13605,13605,0,0,0,0,1.0,1.0,1.0,1.0,1.0,1,0.5838199854995066,53
5323,5,13610,13610,0,0,0,0,1.0,1.0,1.0,1.0,1.0,1,0.604650886776733,53
5324,1,13611,13611,0,0,0,0,1.0,1.0,1.0,1.0,1.0,1,0.6049079553589586,55
5325,1,13612,13612,0,0,0,0,1.0,1.0,1.0,1.0,1.0,1,0.6102650747583578,55
5326,3,13615,13615,0,0,0,0,0.9887152478953796,0.9717881197384493,0.9887152478953796,0.9717881197384493,1.0,1,0.5993359687414206,55
5327,3,13618,13618,0,0,0,0,0.9939334362195236,0.9838224965853959,0.9939334362195236,0.9838224965853959,1.0,1,0.5952851784458411,56
5328,2,13620,13620,0,0,0,0,1.0,1.0,1.0,1.0,1.0,1,0.536043907242629,57
5329,0,13620,13620,0,0,0,0,1.0,1.0,1.0,1.0,1.0,1,0.536043907242629,57
5330,3,13623,13623,0,0,0,0,1.0,1.0,1.0,1.0,1.0,1,0.5434411996916075,56
5331,1,13624,13624,0,0,0,0,1.0,1.0,1.0,1.0,1.0,1,0.5265855290282995,57
5332,1,13625,13625,0,0,0,0,1.0,1.0,1.0,1.0,1.0,1,0.5170131040323419,58
5333,1,13626,13626,0,0,0,0,1.0,1.0,1.0,1.0,1.0,1,0.5338570776338317,59
5334,2,13628,13628,0,0,0,0,0.9992894684698129,0.9980037447485222,0.9992894684698129,0.9980037447485222,1.0,1,0.5371772206087992,59
5335,2,13630,13630,0,0,0,0,1.0,1.0,1.0,1.0,1.0,1,0.5506736534125867,58
5336,2,13632,13632,0,0,0,0,1.0,1.0,1.0,1.0,1.0,1,0.544630190091187,59
5337,3,13635,13635,0,0,0,0,0.9798213542188843,0.9449673296878662,0.9798213542188843,0.9449673296878662,1.0,1,0.5837790246726452,60
5338,2,13637,13637,0,0,0,0,0.9930967288163247,0.980276368046642,0.9930967288163247,0.980276368046642,1.0,1,0.5852716588556623,60
5339,3,13640,13640,0,0,0,0,1.0,1.0,1.0,1.0,1.0,1,0.5671136442698022,60
5340,5,13645,13645,0,0,0,0,1.0,1.0,1.0,1.0,1.0,1,0.5698235043804262,60
5341,5,13650,13650,0,0,0,0,1.0,1.0,1.0,1.0,1.0,1,0.5811908172562881,61
5342,2,13652,13652,0,0,0,0,1.0,1.0,1.0,1.0,1.0,1,0.5913247667718785,59
5343,2,13654,13654,0,0,0,0,1.0,1.0,1.0,1.0,1.0,1,0.6072463942873673,58
5344,4,13658,13658,0,0,0,0,1.0,1.0,1.0,1.0,1.0,1,0.6134504978412664,58
5345,3,13661,13661,0,0,0,0,1.0,1.0,1.0,1.0,1.0,1,0.6426267019756925,54
5346,2,13663,13663,0,0,0,0,1.0,1.0,1.0,1.0,1.0,1,0.640429573575598,54
5347,3,13666,13666,0,0,0,0,1.0,1.0,1.0,1.0,1.0,1,0.6097402259815632,54
5348,2,13668,13668,0,0,0,0,1.0,1.0,1.0,1.0,1.0,1,0.5908986294759174,55
5349,2,13670,13670,0,0,0,0,1.0,1.0,1.0,1.0,1.0,1,0.6047390999462656,56
5350,0,13670,13670,0,0,0,0,0.9953800325449335,0.9876800867864891,0.9953800325449335,0.9876800867864891,1.0,1,0.6224401602856159,56
5351,2,13672,13672,0,0,0,0,0.9954610846055486,0.9876800867864891,0.9954610846055486,0.9876800867864891,1.0,1,0.594407888196567,57
5352,2,13674,13674,0,0,0,0,0.9954610846055486,0.9876800867864891,0.9954610846055486,0.9876800867864891,1.0,1,0.6075113314407846,57
5353,1,13675,13675,0,0,0,0,0.9954610846055486,0.9876800867864891,0.9954610846055486,0.9876800867864891,1.0,1,0.5981690440373072,57
5354,2,13677,13677,0,0,0,0,0.9953800325449335,0.9876800867864891,0.9953800325449335,0.9876800867864891,1.0,1,0.6287773236687516,56
5355,4,13681,13681,0,0,0,0,0.9802148263651512,0.9487384137642556,0.9802148263651512,0.9487384137642556,1.0,1,0.6157140276531969,57
5356,1,13682,13682,0,0,0,0,0.9798615196931004,0.9487384137642556,0.9798615196931004,0.9487384137642556,1.0,1,0.6332453348287371,56
5357,1,13683,13683,0,0,0,0,0.9652291411375563,0.9153405175523108,0.9652291411375563,0.9153405175523108,1.0,1,0.6473817752371597,56
5358,3,13686,13686,0,0,0,0,0.9471503631980845,0.8744821125954508,0.9471503631980845,0.8744821125954508,1.0,1,0.6417431306947935,57
5359,1,13687,13687,0,0,0,0,0.9471503631980845,0.8744821125954508,0.9471503631980845,0.8744821125954508,1.0,1,0.6350927624403987,57
5360,1,13688,13688,0,0,0,0,0.9452285582234694,0.8744821125954508,0.9452285582234694,0.8744821125954508,1.0,1,0.6436047404964004,55
5361,0,13688,13688,0,0,0,0,0.9292433713591961,0.8415051518445992,0.9292433713591961,0.8415051518445992,1.0,1,0.647722713276111,56
5362,1,13689,13689,0,0,0,0,0.9304847157213154,0.8415051518445992,0.9304847157213154,0.8415051518445992,1.0,1,0.6327042405684429,57
5363,2,13691,13691,0,0,0,0,0.9304847157213154,0.8415051518445992,0.9304847157213154,0.8415051518445992,1.0,1,0.6269154983544806,57
5364,3,13694,13694,0,0,0,0,0.9502870052974275,0.8798602628021167,0.9502870052974275,0.8798602628021167,1.0,1,0.6133324029540509,58
5365,1,13695,13695,0,0,0,0,0.962829379937246,0.9046492789694572,0.962829379937246,0.9046492789694572,1.0,1,0.6053177619347145,59
5366,5,13700,13700,0,0,0,0,0.933562578960732,0.8405501895057568,0.933562578960732,0.8405501895057568,1.0,1,0.6187653528172672,60
5367,6,13706,13706,0,0,0,0,0.9719331992088345,0.926782258805655,0.9719331992088345,0.926782258805655,1.0,1,0.597217421294307,60
5368,6,13712,13712,0,0,0,0,1.0,1.0,1.0,1.0,1.0,1,0.6136670437436739,58
5369,6,13718,13718,0,0,0,0,1.0,1.0,1.0,1.0,1.0,1,0.6004020597612352,58
5370,7,13725,13725,0,0,0,0,1.0,1.0,1.0,1.0,1.0,1,0.6075846849689811,57
5371,2,13727,13727,0,0,0,0,1.0,1.0,1.0,1.0,1.0,1,0.6330289135325363,56
5372,5,13732,13732,0,0,0,0,1.0,1.0,1.0,1.0,1.0,1,0.6357549027027148,55
5373,5,13737,13737,0,0,0,0,1.0,1.0,1.0,1.0,1.0,1,0.6379941862227341,54
5374,5,13742,13742,0,0,0,0,1.0,1.0,1.0,1.0,1.0,1,0.6066478430459082,53
5375,6,13748,13748,0,0,0,0,1.0,1.0,1.0,1.0,1.0,1,0.6240022232245163,52
5376,3,13751,13751,0,0,0,0,1.0,1.0,1.0,1.0,1.0,1,0.5949290019683664,52
5377,5,13756,13756,0,0,0,0,1.0,1.0,1.0,1.0,1.0,1,0.5947649342437077,51
5378,3,13759,13759,0,0,0,0,1.0,1.0,1.0,1.0,1.0,1,0.5887858330389593,52
5379,2,13761,13761,0,0,0,0,1.0,1.0,1.0,1.0,1.0,1,0.5866017477407092,50
5380,2,13763,13763,0,0,0,0,1.0,1.0,1.0,1.0,1.0,1,0.599577007896592,51
5381,0,13763,13763,0,0,0,0,1.0,1.0,1.0,1.0,1.0,1,0.5792027521576513,50
5382,3,13766,13766,0,0,0,0,1.0,1.0,1.0,1.0,1.0,1,0.6140483374046474,48
5383,1,13767,13767,0,0,0,0,1.0,1.0,1.0,1.0,1.0,1,0.6015933266118594,48
5384,3,13770,13770,0,0,0,0,1.0,1.0,1.0,1.0,1.0,1,0.6152734215776245,48
5385,2,13772,13772,0,0,0,0,1.0,1.0,1.0,1.0,1.0,1,0.6087680140989352,47
5386,3,13775,13775,0,0,0,0,1.0,1.0,1.0,1.0,1.0,1,0.5819023682557029,48
5387,2,13777,13777,0,0,0,0,1.0,1.0,1.0,1.0,1.0,1,0.5679945244492342,48
5388,4,13781,13781,0,0,0,0,1.0,1.0,1.0,1.0,1.0,1,0.5428547643859238,48
5389,1,13782,13782,0,0,0,0,1.0,1.0,1.0,1.0,1.0,1,0.5425020140164483,50
5390,6,13788,13788,0,0,0,0,1.0,1.0,1.0,1.0,1.0,1,0.5089419594626352,52
5391,4,13792,13792,0,0,0,0,1.0,1.0,1.0,1.0,1.0,1,0.4950098571658289,52
5392,3,13795,13795,0,0,0,0,1.0,1.0,1.0,1.0,1.0,1,0.4915073408372776,51
5393,4,13799,13799,0,0,0,0,1.0,1.0,1.0,1.0,1.0,1,0.5069963154705713,50
5394,6,13805,13805,0,0,0,0,1.0,1.0,1.0,1.0,1.0,1,0.5277074248336486,50
5395,5,13810,13810,0,0,0,0,1.0,1.0,1.0,1.0,1.0,1,0.5830319909061171,49
5396,6,13816,13816,0,0,0,0,1.0,1.0,1.0,1.0,1.0,1,0.5673325064492443,48
5397,6,13822,13822,0,0,0,0,1.0,1.0,1.0,1.0,1.0,1,0.5799478791673013,48
5398,2,13824,13824,0,0,0,0,1.0,1.0,1.0,1.0,1.0,1,0.6160850282568119,46
5399,6,13830,13830,0,0,0,0,1.0,1.0,1.0,1.0,1.0,1,0.5900463049303133,46
5400,3,13833,13833,0,0,0,0,1.0,1.0,1.0,1.0,1.0,1,0.5724817336700658,48
5401,2,13835,13835,0,0,0,0,1.0,1.0,1.0,1.0,1.0,1,0.5523722622320824,49
5402,0,13835,13835,0,0,0,0,1.0,1.0,1.0,1.0,1.0,1,0.0,0
