,SuccessfulHandoverCount,TotalSuccessfulHandoverCount,TotalSuccessfulHandoverCountRange,TotalSuccessfulHandoverCountLoadBalancing,TotalSuccessfulHandoverCountOverload,FailedHandoverCount,TotalFailedHandoverCount,AvgQoS,MinQoS,AvgQoS_LoadBased,MinQoS_LoadBased,AvgQoS_RangeBased,MinQoS_RangeBased,GiniLoad,VehicleCount
0,0,0,0,0,0,0,0,1.0,1,1.0,1,1.0,1,0.0,0
1,16,16,0,16,0,0,0,1.0,1,1.0,1,1.0,1,0.29816839317586874,30
2,1,17,0,17,0,0,0,1.0,1,1.0,1,1.0,1,0.26815812520605725,32
3,0,17,0,17,0,0,0,1.0,1,1.0,1,1.0,1,0.2503138974147568,33
4,0,17,0,17,0,0,0,1.0,1,1.0,1,1.0,1,0.25740808288646927,34
5,1,18,0,18,0,0,0,1.0,1,1.0,1,1.0,1,0.1925460088253278,36
6,1,19,0,19,0,0,0,1.0,1,1.0,1,1.0,1,0.1906791959756405,38
7,0,19,0,19,0,0,0,1.0,1,1.0,1,1.0,1,0.19000821320094416,40
8,0,19,0,19,0,0,0,1.0,1,1.0,1,1.0,1,0.19000821320094416,40
9,2,21,2,19,0,0,0,1.0,1,1.0,1,1.0,1,0.2411302546813627,40
10,5,26,5,21,0,0,0,1.0,1,1.0,1,1.0,1,0.2188337167969181,41
11,2,28,6,22,0,0,0,1.0,1,1.0,1,1.0,1,0.19315757453941437,40
12,1,29,6,23,0,0,0,1.0,1,1.0,1,1.0,1,0.1629363208600786,39
13,1,30,7,23,0,0,0,1.0,1,1.0,1,1.0,1,0.2070396468058832,37
14,0,30,7,23,0,0,0,1.0,1,1.0,1,1.0,1,0.2649648522917438,35
15,1,31,8,23,0,0,0,1.0,1,1.0,1,1.0,1,0.2241873443760489,36
16,3,34,9,25,0,0,0,1.0,1,1.0,1,1.0,1,0.27145112060031257,34
17,0,34,9,25,0,0,0,1.0,1,1.0,1,1.0,1,0.29378612892920875,33
18,1,35,9,26,0,0,0,1.0,1,1.0,1,1.0,1,0.2847485591265013,34
19,1,36,10,26,0,0,0,1.0,1,1.0,1,1.0,1,0.2989043355265148,34
20,1,37,10,27,0,0,0,1.0,1,1.0,1,1.0,1,0.2619628631659941,34
21,3,40,11,29,0,0,0,1.0,1,1.0,1,1.0,1,0.26231775447736716,36
22,2,42,13,29,0,0,0,1.0,1,1.0,1,1.0,1,0.29173252076965145,35
23,4,46,14,32,0,0,0,1.0,1,1.0,1,1.0,1,0.2423710938121451,35
24,1,47,15,32,0,0,0,1.0,1,1.0,1,1.0,1,0.22340312002901835,35
25,6,53,19,34,0,0,0,1.0,1,1.0,1,1.0,1,0.2651919196968589,35
26,3,56,20,36,0,0,0,1.0,1,1.0,1,1.0,1,0.2803103211987796,36
27,1,57,21,36,0,0,0,1.0,1,1.0,1,1.0,1,0.256763803159367,34
28,1,58,22,36,0,0,0,1.0,1,1.0,1,1.0,1,0.2987738174572302,35
29,3,61,22,39,0,0,0,1.0,1,1.0,1,1.0,1,0.16672233266804434,33
30,2,63,23,40,0,0,0,1.0,1,1.0,1,1.0,1,0.20525018732184316,33
31,1,64,24,40,0,0,0,1.0,1,1.0,1,1.0,1,0.21628435991324135,33
32,1,65,25,40,0,0,0,1.0,1,1.0,1,1.0,1,0.2652477987140199,32
33,0,65,25,40,0,0,0,1.0,1,1.0,1,1.0,1,0.28489587154037105,33
34,3,68,26,42,0,0,0,1.0,1,1.0,1,1.0,1,0.2585210678155556,33
35,0,68,26,42,0,0,0,1.0,1,1.0,1,1.0,1,0.2573350906231669,35
36,0,68,26,42,0,0,0,1.0,1,1.0,1,1.0,1,0.27169174331091445,36
37,1,69,27,42,0,0,0,1.0,1,1.0,1,1.0,1,0.2748028326758416,37
38,2,71,27,44,0,0,0,1.0,1,1.0,1,1.0,1,0.21928286211283127,36
39,1,72,27,45,0,0,0,1.0,1,1.0,1,1.0,1,0.23116929806387668,38
40,0,72,27,45,0,0,0,1.0,1,1.0,1,1.0,1,0.25345656814221623,40
41,0,72,27,45,0,0,0,1.0,1,1.0,1,1.0,1,0.25345656814221623,40
42,2,74,29,45,0,0,0,1.0,1,1.0,1,1.0,1,0.2890428865994718,40
43,3,77,31,46,0,0,0,1.0,1,1.0,1,1.0,1,0.32800141057146714,43
44,1,78,31,47,0,0,0,1.0,1,1.0,1,1.0,1,0.3023915809022368,43
45,1,79,32,47,0,0,0,1.0,1,1.0,1,1.0,1,0.28614366361168403,44
46,0,79,32,47,0,0,0,1.0,1,1.0,1,1.0,1,0.28614366361168403,44
47,0,79,32,47,0,0,0,1.0,1,1.0,1,1.0,1,0.28614366361168403,44
48,3,82,34,48,0,0,0,1.0,1,1.0,1,1.0,1,0.32158770810951365,44
49,2,84,35,49,0,0,0,1.0,1,1.0,1,1.0,1,0.29696219410978303,41
50,0,84,35,49,0,0,0,1.0,1,1.0,1,1.0,1,0.2873205483047053,40
51,0,84,35,49,0,0,0,1.0,1,1.0,1,1.0,1,0.30594910457831065,38
52,1,85,36,49,0,0,0,1.0,1,1.0,1,1.0,1,0.3284924884184696,37
53,0,85,36,49,0,0,0,1.0,1,1.0,1,1.0,1,0.348223339370329,38
54,4,89,37,52,0,0,0,1.0,1,1.0,1,1.0,1,0.28191091386961514,38
55,1,90,38,52,0,0,0,1.0,1,1.0,1,1.0,1,0.3038957943749963,38
56,1,91,39,52,0,0,0,1.0,1,1.0,1,1.0,1,0.3112226556610882,38
57,1,92,40,52,0,0,0,1.0,1,1.0,1,1.0,1,0.29236707876588275,38
58,5,97,44,53,0,0,0,1.0,1,1.0,1,1.0,1,0.35752068052369834,38
59,3,100,44,56,0,0,0,1.0,1,1.0,1,1.0,1,0.3074112260228443,40
60,3,103,45,58,0,0,0,1.0,1,1.0,1,1.0,1,0.27941811724137655,40
61,0,103,45,58,0,0,0,1.0,1,1.0,1,1.0,1,0.27564783284441086,40
62,2,105,46,59,0,0,0,1.0,1,1.0,1,1.0,1,0.28069713005866487,42
63,3,108,48,60,0,0,0,1.0,1,1.0,1,1.0,1,0.251141606343891,40
64,0,108,48,60,0,0,0,1.0,1,1.0,1,1.0,1,0.24511559212972028,41
65,1,109,49,60,0,0,0,1.0,1,1.0,1,1.0,1,0.2741692909193547,41
66,2,111,50,61,0,0,0,1.0,1,1.0,1,1.0,1,0.29090976338760105,41
67,2,113,51,62,0,0,0,1.0,1,1.0,1,1.0,1,0.2758356468932074,41
68,2,115,52,63,0,0,0,1.0,1,1.0,1,1.0,1,0.254194019092635,41
69,3,118,52,66,0,0,0,1.0,1,1.0,1,1.0,1,0.2364157097840702,41
70,2,120,52,68,0,0,0,1.0,1,1.0,1,1.0,1,0.21879864382806144,42
71,2,122,53,69,0,0,0,1.0,1,1.0,1,1.0,1,0.20553958147610393,44
72,0,122,53,69,0,0,0,1.0,1,1.0,1,1.0,1,0.20553958147610393,44
73,1,123,53,70,0,0,0,1.0,1,1.0,1,1.0,1,0.2047525981198801,46
74,0,123,53,70,0,0,0,1.0,1,1.0,1,1.0,1,0.22892587363881692,44
75,2,125,55,70,0,0,0,1.0,1,1.0,1,1.0,1,0.2239617636070362,44
76,5,130,58,72,0,0,0,1.0,1,1.0,1,1.0,1,0.316662388467303,45
77,4,134,58,76,0,0,0,1.0,1,1.0,1,1.0,1,0.19977377508026778,44
78,2,136,59,77,0,0,0,1.0,1,1.0,1,1.0,1,0.2401283490147159,44
79,0,136,59,77,0,0,0,1.0,1,1.0,1,1.0,1,0.2635967647423475,43
80,1,137,60,77,0,0,0,1.0,1,1.0,1,1.0,1,0.25565999649571175,43
81,4,141,63,78,0,0,0,1.0,1,1.0,1,1.0,1,0.312768603751519,44
82,3,144,64,80,0,0,0,1.0,1,1.0,1,1.0,1,0.28051044026878147,45
83,3,147,66,81,0,0,0,1.0,1,1.0,1,1.0,1,0.29991535411436226,45
84,1,148,66,82,0,0,0,1.0,1,1.0,1,1.0,1,0.28930129127178755,45
85,2,150,67,83,0,0,0,1.0,1,1.0,1,1.0,1,0.2710165479606171,45
86,1,151,67,84,0,0,0,1.0,1,1.0,1,1.0,1,0.22578788170174108,45
87,0,151,67,84,0,0,0,1.0,1,1.0,1,1.0,1,0.23144887099876987,44
88,0,151,67,84,0,0,0,1.0,1,1.0,1,1.0,1,0.22564483004580463,45
89,0,151,67,84,0,0,0,1.0,1,1.0,1,1.0,1,0.24007839573827516,46
90,0,151,67,84,0,0,0,1.0,1,1.0,1,1.0,1,0.26476289338501835,44
91,1,152,68,84,0,0,0,1.0,1,1.0,1,1.0,1,0.26355201218525176,45
92,0,152,68,84,0,0,0,1.0,1,1.0,1,1.0,1,0.27742986633837485,46
93,0,152,68,84,0,0,0,1.0,1,1.0,1,1.0,1,0.27742986633837485,46
94,0,152,68,84,0,0,0,1.0,1,1.0,1,1.0,1,0.27742986633837485,46
95,1,153,68,85,0,0,0,1.0,1,1.0,1,1.0,1,0.28064647217908834,46
96,2,155,69,86,0,0,0,1.0,1,1.0,1,1.0,1,0.2774472445438742,46
97,0,155,69,86,0,0,0,1.0,1,1.0,1,1.0,1,0.27250576555890255,47
98,0,155,69,86,0,0,0,1.0,1,1.0,1,1.0,1,0.27250576555890255,47
99,1,156,69,87,0,0,0,1.0,1,1.0,1,1.0,1,0.2804774721817987,46
100,1,157,70,87,0,0,0,1.0,1,1.0,1,1.0,1,0.3122426822374489,48
101,2,159,71,88,0,0,0,1.0,1,1.0,1,1.0,1,0.3143712271552424,49
102,2,161,73,88,0,0,0,1.0,1,1.0,1,1.0,1,0.33550179975260835,49
103,4,165,74,91,0,0,0,1.0,1,1.0,1,1.0,1,0.2701661801987008,48
104,6,171,76,95,0,0,0,1.0,1,1.0,1,1.0,1,0.2699115951255781,49
105,3,174,78,96,0,0,0,1.0,1,1.0,1,1.0,1,0.24975147173657825,48
106,2,176,79,97,0,0,0,1.0,1,1.0,1,1.0,1,0.241256874460973,48
107,3,179,80,99,0,0,0,1.0,1,1.0,1,1.0,1,0.2115258014892676,47
108,0,179,80,99,0,0,0,1.0,1,1.0,1,1.0,1,0.21395339377402495,47
109,2,181,82,99,0,0,0,1.0,1,1.0,1,1.0,1,0.2697183956314342,47
110,3,184,84,100,0,0,0,1.0,1,1.0,1,1.0,1,0.243889204826707,47
111,1,185,85,100,0,0,0,1.0,1,1.0,1,1.0,1,0.20254320022807876,46
112,4,189,88,101,0,0,0,1.0,1,1.0,1,1.0,1,0.18164129873055285,46
113,4,193,91,102,0,0,0,1.0,1,1.0,1,1.0,1,0.16360670169352914,45
114,0,193,91,102,0,0,0,1.0,1,1.0,1,1.0,1,0.15945179835729614,46
115,2,195,93,102,0,0,0,1.0,1,1.0,1,1.0,1,0.18851996881284383,47
116,2,197,93,104,0,0,0,1.0,1,1.0,1,1.0,1,0.14738440804823877,48
117,2,199,95,104,0,0,0,1.0,1,1.0,1,1.0,1,0.19832602384752349,48
118,0,199,95,104,0,0,0,1.0,1,1.0,1,1.0,1,0.20660601005829052,49
119,2,201,96,105,0,0,0,1.0,1,1.0,1,1.0,1,0.21099934157214556,50
120,1,202,96,106,0,0,0,1.0,1,1.0,1,1.0,1,0.1869751650743979,51
121,0,202,96,106,0,0,0,1.0,1,1.0,1,1.0,1,0.1869751650743979,51
122,1,203,96,107,0,0,0,1.0,1,1.0,1,1.0,1,0.16487319361636535,51
123,0,203,96,107,0,0,0,1.0,1,1.0,1,1.0,1,0.16487319361636535,51
124,0,203,96,107,0,0,0,1.0,1,1.0,1,1.0,1,0.16487319361636535,51
125,0,203,96,107,0,0,0,1.0,1,1.0,1,1.0,1,0.210261484220612,50
126,5,208,98,110,0,0,0,1.0,1,1.0,1,1.0,1,0.19091297059794576,52
127,1,209,98,111,0,0,0,1.0,1,1.0,1,1.0,1,0.18673835793855714,50
128,2,211,98,113,0,0,0,1.0,1,1.0,1,1.0,1,0.15548998717835766,50
129,0,211,98,113,0,0,0,1.0,1,1.0,1,1.0,1,0.18155890989571724,52
130,1,212,99,113,0,0,0,1.0,1,1.0,1,1.0,1,0.19063782928830117,52
131,1,213,99,114,0,0,0,1.0,1,1.0,1,1.0,1,0.17635692961475644,54
132,2,215,100,115,0,0,0,1.0,1,1.0,1,1.0,1,0.17617791992748785,54
133,2,217,101,116,0,0,0,1.0,1,1.0,1,1.0,1,0.17544117470610668,52
134,3,220,104,116,0,0,0,1.0,1,1.0,1,1.0,1,0.16929096947102004,52
135,6,226,108,118,0,0,0,1.0,1,1.0,1,1.0,1,0.21109320365904624,51
136,2,228,109,119,0,0,0,1.0,1,1.0,1,1.0,1,0.16295856922456076,51
137,2,230,110,120,0,0,0,1.0,1,1.0,1,1.0,1,0.13004029153070765,50
138,2,232,111,121,0,0,0,1.0,1,1.0,1,1.0,1,0.15813179960761164,52
139,5,237,113,124,0,0,0,1.0,1,1.0,1,1.0,1,0.17931383261419004,51
140,1,238,114,124,0,0,0,1.0,1,1.0,1,1.0,1,0.1831772972649021,51
141,2,240,115,125,0,0,0,1.0,1,1.0,1,1.0,1,0.1867010175436333,50
142,4,244,118,126,0,0,0,1.0,1,1.0,1,1.0,1,0.1589948099537404,51
143,2,246,119,127,0,0,0,1.0,1,1.0,1,1.0,1,0.17963966262369788,48
144,2,248,120,128,0,0,0,1.0,1,1.0,1,1.0,1,0.18473572191550025,49
145,4,252,122,130,0,0,0,1.0,1,1.0,1,1.0,1,0.1125145615492385,47
146,2,254,124,130,0,0,0,1.0,1,1.0,1,1.0,1,0.17327285828406824,49
147,0,254,124,130,0,0,0,1.0,1,1.0,1,1.0,1,0.1602179022673244,46
148,2,256,125,131,0,0,0,1.0,1,1.0,1,1.0,1,0.12911371387021015,47
149,2,258,126,132,0,0,0,1.0,1,1.0,1,1.0,1,0.10584882764662419,46
150,1,259,127,132,0,0,0,1.0,1,1.0,1,1.0,1,0.11486128372171547,47
151,2,261,128,133,0,0,0,1.0,1,1.0,1,1.0,1,0.11544678576735107,46
152,0,261,128,133,0,0,0,1.0,1,1.0,1,1.0,1,0.13327781528396263,45
153,0,261,128,133,0,0,0,1.0,1,1.0,1,1.0,1,0.14543449202989286,46
154,0,261,128,133,0,0,0,1.0,1,1.0,1,1.0,1,0.15478986378437767,44
155,2,263,130,133,0,0,0,1.0,1,1.0,1,1.0,1,0.1964224040259734,45
156,4,267,132,135,0,0,0,1.0,1,1.0,1,1.0,1,0.23215159155516862,43
157,0,267,132,135,0,0,0,1.0,1,1.0,1,1.0,1,0.2161459919922023,42
158,2,269,132,137,0,0,0,1.0,1,1.0,1,1.0,1,0.19200851472617872,43
159,2,271,133,138,0,0,0,1.0,1,1.0,1,1.0,1,0.2358344605768169,44
160,1,272,133,139,0,0,0,1.0,1,1.0,1,1.0,1,0.20525483127844746,44
161,4,276,135,141,0,0,0,1.0,1,1.0,1,1.0,1,0.2083679512660785,44
162,2,278,136,142,0,0,0,1.0,1,1.0,1,1.0,1,0.21755530069345771,44
163,7,285,142,143,0,0,0,1.0,1,1.0,1,1.0,1,0.2852636155426162,44
164,3,288,144,144,0,0,0,1.0,1,1.0,1,1.0,1,0.2999597416144916,44
165,7,295,146,149,0,0,0,1.0,1,1.0,1,1.0,1,0.18525712786170237,43
166,1,296,147,149,0,0,0,1.0,1,1.0,1,1.0,1,0.2300187020594834,43
167,1,297,148,149,0,0,0,1.0,1,1.0,1,1.0,1,0.22173922591023013,42
168,0,297,148,149,0,0,0,1.0,1,1.0,1,1.0,1,0.1838943864496094,40
169,0,297,148,149,0,0,0,1.0,1,1.0,1,1.0,1,0.17680928825647407,41
170,1,298,148,150,0,0,0,1.0,1,1.0,1,1.0,1,0.158979911949061,39
171,0,298,148,150,0,0,0,1.0,1,1.0,1,1.0,1,0.158979911949061,39
172,0,298,148,150,0,0,0,1.0,1,1.0,1,1.0,1,0.18104279670325432,38
173,1,299,149,150,0,0,0,1.0,1,1.0,1,1.0,1,0.22652827530086395,38
174,1,300,149,151,0,0,0,1.0,1,1.0,1,1.0,1,0.2180757771312004,37
175,2,302,151,151,0,0,0,1.0,1,1.0,1,1.0,1,0.29656866276504956,36
176,2,304,153,151,0,0,0,1.0,1,1.0,1,1.0,1,0.3325393633152968,36
177,1,305,154,151,0,0,0,1.0,1,1.0,1,1.0,1,0.33867005644682635,38
178,2,307,154,153,0,0,0,1.0,1,1.0,1,1.0,1,0.3189980840480794,39
179,2,309,154,155,0,0,0,1.0,1,1.0,1,1.0,1,0.27571296409249946,40
180,1,310,155,155,0,0,0,1.0,1,1.0,1,1.0,1,0.2601227473465355,40
181,0,310,155,155,0,0,0,1.0,1,1.0,1,1.0,1,0.28347074577422116,39
182,1,311,156,155,0,0,0,1.0,1,1.0,1,1.0,1,0.28320613719759113,40
183,2,313,158,155,0,0,0,1.0,1,1.0,1,1.0,1,0.33418237934180967,40
184,1,314,158,156,0,0,0,1.0,1,1.0,1,1.0,1,0.31386808973539154,38
185,2,316,159,157,0,0,0,1.0,1,1.0,1,1.0,1,0.30263779354972453,38
186,3,319,161,158,0,0,0,1.0,1,1.0,1,1.0,1,0.3222255371815694,37
187,4,323,163,160,0,0,0,1.0,1,1.0,1,1.0,1,0.27970790317921135,36
188,3,326,165,161,0,0,0,1.0,1,1.0,1,1.0,1,0.23652471162090574,36
189,2,328,165,163,0,0,0,1.0,1,1.0,1,1.0,1,0.18740525575499603,36
190,1,329,166,163,0,0,0,1.0,1,1.0,1,1.0,1,0.23238205976441928,36
191,1,330,167,163,0,0,0,1.0,1,1.0,1,1.0,1,0.2443395950443582,37
192,2,332,168,164,0,0,0,1.0,1,1.0,1,1.0,1,0.20559957875859616,37
193,1,333,168,165,0,0,0,1.0,1,1.0,1,1.0,1,0.1914299175866714,38
194,1,334,168,166,0,0,0,1.0,1,1.0,1,1.0,1,0.17001688365049245,39
195,2,336,170,166,0,0,0,1.0,1,1.0,1,1.0,1,0.21541880344469455,40
196,1,337,170,167,0,0,0,1.0,1,1.0,1,1.0,1,0.19107545887327673,40
197,1,338,170,168,0,0,0,1.0,1,1.0,1,1.0,1,0.1991940967919922,40
198,2,340,171,169,0,0,0,1.0,1,1.0,1,1.0,1,0.19936969789248477,40
199,1,341,172,169,0,0,0,1.0,1,1.0,1,1.0,1,0.2078563540155487,40
200,0,341,172,169,0,0,0,1.0,1,1.0,1,1.0,1,0.2078563540155487,40
201,1,342,173,169,0,0,0,1.0,1,1.0,1,1.0,1,0.16668743139461642,39
202,0,342,173,169,0,0,0,1.0,1,1.0,1,1.0,1,0.13979195397811897,40
203,2,344,175,169,0,0,0,1.0,1,1.0,1,1.0,1,0.13525715715407727,39
204,3,347,178,169,0,0,0,1.0,1,1.0,1,1.0,1,0.19203188819985678,38
205,1,348,179,169,0,0,0,1.0,1,1.0,1,1.0,1,0.17500463108493033,37
206,1,349,179,170,0,0,0,1.0,1,1.0,1,1.0,1,0.13539293064017624,36
207,2,351,180,171,0,0,0,1.0,1,1.0,1,1.0,1,0.13924068052668312,37
208,0,351,180,171,0,0,0,1.0,1,1.0,1,1.0,1,0.15723594243326444,36
209,2,353,182,171,0,0,0,1.0,1,1.0,1,1.0,1,0.22851901303894623,36
210,1,354,183,171,0,0,0,1.0,1,1.0,1,1.0,1,0.27400473153148597,36
211,0,354,183,171,0,0,0,1.0,1,1.0,1,1.0,1,0.2738250461567695,34
212,1,355,184,171,0,0,0,1.0,1,1.0,1,1.0,1,0.32649596471985787,34
213,2,357,184,173,0,0,0,1.0,1,1.0,1,1.0,1,0.3174444231456014,36
214,1,358,184,174,0,0,0,1.0,1,1.0,1,1.0,1,0.2881036516003988,35
215,3,361,186,175,0,0,0,1.0,1,1.0,1,1.0,1,0.2533627987301697,35
216,2,363,186,177,0,0,0,1.0,1,1.0,1,1.0,1,0.23497773875809352,37
217,2,365,187,178,0,0,0,1.0,1,1.0,1,1.0,1,0.23792856523313766,37
218,7,372,191,181,0,0,0,1.0,1,1.0,1,1.0,1,0.21989373394240222,37
219,1,373,192,181,0,0,0,1.0,1,1.0,1,1.0,1,0.24721118478450904,37
220,1,374,192,182,0,0,0,1.0,1,1.0,1,1.0,1,0.23670865940835273,38
221,1,375,193,182,0,0,0,1.0,1,1.0,1,1.0,1,0.1840209236610417,39
222,1,376,194,182,0,0,0,1.0,1,1.0,1,1.0,1,0.18133074225870466,39
223,4,380,196,184,0,0,0,1.0,1,1.0,1,1.0,1,0.20972816385407453,40
224,5,385,198,187,0,0,0,1.0,1,1.0,1,1.0,1,0.17779900348917416,40
225,1,386,199,187,0,0,0,1.0,1,1.0,1,1.0,1,0.17935770757703826,39
226,2,388,201,187,0,0,0,1.0,1,1.0,1,1.0,1,0.25226856365015693,39
227,2,390,201,189,0,0,0,1.0,1,1.0,1,1.0,1,0.1825690717883162,39
228,2,392,203,189,0,0,0,1.0,1,1.0,1,1.0,1,0.16876009835192227,38
229,1,393,204,189,0,0,0,1.0,1,1.0,1,1.0,1,0.2062321727376795,39
230,3,396,205,191,0,0,0,1.0,1,1.0,1,1.0,1,0.14107825414331013,38
231,3,399,208,191,0,0,0,1.0,1,1.0,1,1.0,1,0.15115039925000842,38
232,3,402,211,191,0,0,0,1.0,1,1.0,1,1.0,1,0.25034595187924186,37
233,1,403,211,192,0,0,0,1.0,1,1.0,1,1.0,1,0.21730980404340838,36
234,0,403,211,192,0,0,0,1.0,1,1.0,1,1.0,1,0.22030464741473194,34
235,1,404,212,192,0,0,0,1.0,1,1.0,1,1.0,1,0.28222656787634637,34
236,1,405,212,193,0,0,0,1.0,1,1.0,1,1.0,1,0.2532450497206063,33
237,0,405,212,193,0,0,0,1.0,1,1.0,1,1.0,1,0.30128644593197185,32
238,0,405,212,193,0,0,0,1.0,1,1.0,1,1.0,1,0.30230548794507195,32
239,3,408,215,193,0,0,0,1.0,1,1.0,1,1.0,1,0.2758310014636359,31
240,0,408,215,193,0,0,0,1.0,1,1.0,1,1.0,1,0.27921265333140527,28
241,0,408,215,193,0,0,0,1.0,1,1.0,1,1.0,1,0.2779956577899136,27
242,2,410,216,194,0,0,0,1.0,1,1.0,1,1.0,1,0.30084238441748073,29
243,2,412,217,195,0,0,0,1.0,1,1.0,1,1.0,1,0.2813193253675473,28
244,0,412,217,195,0,0,0,1.0,1,1.0,1,1.0,1,0.24544942036131254,28
245,1,413,218,195,0,0,0,1.0,1,1.0,1,1.0,1,0.21940434132621775,27
246,5,418,220,198,0,0,0,1.0,1,1.0,1,1.0,1,0.1766646616105229,25
247,1,419,221,198,0,0,0,1.0,1,1.0,1,1.0,1,0.22918188657296507,26
248,0,419,221,198,0,0,0,1.0,1,1.0,1,1.0,1,0.2508694534837399,27
249,1,420,222,198,0,0,0,1.0,1,1.0,1,1.0,1,0.28120432778221366,26
250,1,421,222,199,0,0,0,1.0,1,1.0,1,1.0,1,0.2915646114085239,27
251,1,422,222,200,0,0,0,1.0,1,1.0,1,1.0,1,0.295730261370969,28
252,3,425,223,202,0,0,0,1.0,1,1.0,1,1.0,1,0.2370067431367637,28
253,0,425,223,202,0,0,0,1.0,1,1.0,1,1.0,1,0.22052799354244454,28
254,0,425,223,202,0,0,0,1.0,1,1.0,1,1.0,1,0.2506536634120201,29
255,0,425,223,202,0,0,0,1.0,1,1.0,1,1.0,1,0.25628192659281795,30
256,1,426,224,202,0,0,0,1.0,1,1.0,1,1.0,1,0.31105553907295763,30
257,4,430,225,205,0,0,0,1.0,1,1.0,1,1.0,1,0.31400767597753587,32
258,2,432,227,205,0,0,0,1.0,1,1.0,1,1.0,1,0.3169533851524218,32
259,1,433,227,206,0,0,0,1.0,1,1.0,1,1.0,1,0.3018692875570804,32
260,0,433,227,206,0,0,0,1.0,1,1.0,1,1.0,1,0.26057841456459446,34
261,1,434,227,207,0,0,0,1.0,1,1.0,1,1.0,1,0.26855542772578506,35
262,3,437,230,207,0,0,0,1.0,1,1.0,1,1.0,1,0.35220922075080396,36
263,1,438,230,208,0,0,0,1.0,1,1.0,1,1.0,1,0.32177403794476805,34
264,2,440,231,209,0,0,0,1.0,1,1.0,1,1.0,1,0.33074079105057314,34
265,1,441,231,210,0,0,0,1.0,1,1.0,1,1.0,1,0.34631110817906896,33
266,0,441,231,210,0,0,0,1.0,1,1.0,1,1.0,1,0.3424955756621849,34
267,0,441,231,210,0,0,0,1.0,1,1.0,1,1.0,1,0.3343325086144346,33
268,0,441,231,210,0,0,0,1.0,1,1.0,1,1.0,1,0.3521673085273268,34
269,2,443,233,210,0,0,0,1.0,1,1.0,1,1.0,1,0.3380416082239351,34
270,3,446,233,213,0,0,0,1.0,1,1.0,1,1.0,1,0.30314848720165843,36
271,0,446,233,213,0,0,0,1.0,1,1.0,1,1.0,1,0.30314848720165843,36
272,0,446,233,213,0,0,0,1.0,1,1.0,1,1.0,1,0.31883933949920235,38
273,0,446,233,213,0,0,0,1.0,1,1.0,1,1.0,1,0.31883933949920235,38
274,1,447,234,213,0,0,0,1.0,1,1.0,1,1.0,1,0.3241458853186344,38
275,1,448,234,214,0,0,0,1.0,1,1.0,1,1.0,1,0.30235441677658764,38
276,0,448,234,214,0,0,0,1.0,1,1.0,1,1.0,1,0.32463431964699885,39
277,2,450,235,215,0,0,0,1.0,1,1.0,1,1.0,1,0.2956921933918136,38
278,2,452,236,216,0,0,0,1.0,1,1.0,1,1.0,1,0.31451079222559736,38
279,0,452,236,216,0,0,0,1.0,1,1.0,1,1.0,1,0.29823891751827425,38
280,0,452,236,216,0,0,0,1.0,1,1.0,1,1.0,1,0.3046217798367697,38
281,0,452,236,216,0,0,0,1.0,1,1.0,1,1.0,1,0.2984052077994871,38
282,0,452,236,216,0,0,0,1.0,1,1.0,1,1.0,1,0.3004162295462789,38
283,1,453,237,216,0,0,0,1.0,1,1.0,1,1.0,1,0.3310656273904811,38
284,1,454,237,217,0,0,0,1.0,1,1.0,1,1.0,1,0.31419239018461215,39
285,1,455,238,217,0,0,0,1.0,1,1.0,1,1.0,1,0.3515574336891347,39
286,1,456,238,218,0,0,0,1.0,1,1.0,1,1.0,1,0.3454414616736607,39
287,3,459,239,220,0,0,0,1.0,1,1.0,1,1.0,1,0.36311861595622297,39
288,1,460,239,221,0,0,0,1.0,1,1.0,1,1.0,1,0.31441713997993437,39
289,0,460,239,221,0,0,0,1.0,1,1.0,1,1.0,1,0.31441713997993437,39
290,0,460,239,221,0,0,0,1.0,1,1.0,1,1.0,1,0.3146725135972045,39
291,0,460,239,221,0,0,0,1.0,1,1.0,1,1.0,1,0.3146725135972045,39
292,3,463,239,224,0,0,0,1.0,1,1.0,1,1.0,1,0.268720987014967,40
293,3,466,240,226,0,0,0,1.0,1,1.0,1,1.0,1,0.1815873319458701,41
294,1,467,241,226,0,0,0,1.0,1,1.0,1,1.0,1,0.18073685607579923,40
295,2,469,242,227,0,0,0,1.0,1,1.0,1,1.0,1,0.16852663231249596,42
296,2,471,244,227,0,0,0,1.0,1,1.0,1,1.0,1,0.20879982762433014,42
297,4,475,246,229,0,0,0,1.0,1,1.0,1,1.0,1,0.19183682315870776,43
298,4,479,247,232,0,0,0,1.0,1,1.0,1,1.0,1,0.17351553954301818,44
299,2,481,248,233,0,0,0,1.0,1,1.0,1,1.0,1,0.15658636334510523,44
300,1,482,248,234,0,0,0,1.0,1,1.0,1,1.0,1,0.1536087634448523,45
301,2,484,250,234,0,0,0,1.0,1,1.0,1,1.0,1,0.2116444363466446,47
302,7,491,252,239,0,0,0,1.0,1,1.0,1,1.0,1,0.17477317580897034,46
303,2,493,253,240,0,0,0,1.0,1,1.0,1,1.0,1,0.15856600463370335,45
304,1,494,254,240,0,0,0,1.0,1,1.0,1,1.0,1,0.17134045998983696,45
305,0,494,254,240,0,0,0,1.0,1,1.0,1,1.0,1,0.16599711764584102,43
306,2,496,255,241,0,0,0,1.0,1,1.0,1,1.0,1,0.20071341661732428,44
307,2,498,256,242,0,0,0,1.0,1,1.0,1,1.0,1,0.2009075389690591,42
308,1,499,257,242,0,0,0,1.0,1,1.0,1,1.0,1,0.18914512150229398,41
309,1,500,257,243,0,0,0,1.0,1,1.0,1,1.0,1,0.16142767846229958,42
310,0,500,257,243,0,0,0,1.0,1,1.0,1,1.0,1,0.1774706617685497,41
311,0,500,257,243,0,0,0,1.0,1,1.0,1,1.0,1,0.1774706617685497,41
312,0,500,257,243,0,0,0,1.0,1,1.0,1,1.0,1,0.14489576466181114,44
313,0,500,257,243,0,0,0,1.0,1,1.0,1,1.0,1,0.16718427602411373,43
314,1,501,258,243,0,0,0,1.0,1,1.0,1,1.0,1,0.16074843989951076,43
315,0,501,258,243,0,0,0,1.0,1,1.0,1,1.0,1,0.1482095922923749,43
316,2,503,259,244,0,0,0,1.0,1,1.0,1,1.0,1,0.18193538104224932,43
317,1,504,259,245,0,0,0,1.0,1,1.0,1,1.0,1,0.1479568396393321,44
318,3,507,261,246,0,0,0,1.0,1,1.0,1,1.0,1,0.21977046397290875,45
319,2,509,261,248,0,0,0,1.0,1,1.0,1,1.0,1,0.22503005022425548,46
320,1,510,262,248,0,0,0,1.0,1,1.0,1,1.0,1,0.23510141427376485,45
321,0,510,262,248,0,0,0,1.0,1,1.0,1,1.0,1,0.22028190558581826,44
322,1,511,262,249,0,0,0,1.0,1,1.0,1,1.0,1,0.20048544399645568,42
323,3,514,264,250,0,0,0,1.0,1,1.0,1,1.0,1,0.19244445076093247,42
324,1,515,264,251,0,0,0,1.0,1,1.0,1,1.0,1,0.1744472032603914,43
325,2,517,266,251,0,0,0,1.0,1,1.0,1,1.0,1,0.2258895624983282,43
326,2,519,266,253,0,0,0,1.0,1,1.0,1,1.0,1,0.17641302190727542,43
327,2,521,267,254,0,0,0,1.0,1,1.0,1,1.0,1,0.19264390733219716,44
328,1,522,268,254,0,0,0,1.0,1,1.0,1,1.0,1,0.20818536166337132,44
329,0,522,268,254,0,0,0,1.0,1,1.0,1,1.0,1,0.19091349131110713,45
330,1,523,268,255,0,0,0,1.0,1,1.0,1,1.0,1,0.17628396365255652,46
331,0,523,268,255,0,0,0,1.0,1,1.0,1,1.0,1,0.17628396365255652,46
332,0,523,268,255,0,0,0,1.0,1,1.0,1,1.0,1,0.15998386330272757,47
333,0,523,268,255,0,0,0,1.0,1,1.0,1,1.0,1,0.17364154303443768,48
334,0,523,268,255,0,0,0,1.0,1,1.0,1,1.0,1,0.17364154303443768,48
335,1,524,269,255,0,0,0,1.0,1,1.0,1,1.0,1,0.18402699843233764,49
336,2,526,269,257,0,0,0,1.0,1,1.0,1,1.0,1,0.18252879020084128,50
337,3,529,270,259,0,0,0,1.0,1,1.0,1,1.0,1,0.1616336800924318,51
338,0,529,270,259,0,0,0,1.0,1,1.0,1,1.0,1,0.1616336800924318,51
339,2,531,271,260,0,0,0,1.0,1,1.0,1,1.0,1,0.15910699031478584,51
340,2,533,272,261,0,0,0,1.0,1,1.0,1,1.0,1,0.16265859165729507,51
341,0,533,272,261,0,0,0,1.0,1,1.0,1,1.0,1,0.16047030410443974,51
342,1,534,273,261,0,0,0,1.0,1,1.0,1,1.0,1,0.18810533603569157,51
343,1,535,273,262,0,0,0,1.0,1,1.0,1,1.0,1,0.1878718544285446,51
344,1,536,274,262,0,0,0,1.0,1,1.0,1,1.0,1,0.1677661251593714,50
345,0,536,274,262,0,0,0,1.0,1,1.0,1,1.0,1,0.1677661251593714,50
346,3,539,276,263,0,0,0,1.0,1,1.0,1,1.0,1,0.22126633411459903,50
347,2,541,276,265,0,0,0,1.0,1,1.0,1,1.0,1,0.19717727627490544,51
348,1,542,277,265,0,0,0,1.0,1,1.0,1,1.0,1,0.21340913595067548,52
349,3,545,279,266,0,0,0,1.0,1,1.0,1,1.0,1,0.2184139295934388,54
350,2,547,279,268,0,0,0,1.0,1,1.0,1,1.0,1,0.22937834312017058,54
351,3,550,282,268,0,0,0,1.0,1,1.0,1,1.0,1,0.2453347886402713,54
352,0,550,282,268,0,0,0,1.0,1,1.0,1,1.0,1,0.2453714834531935,56
353,2,552,284,268,0,0,0,1.0,1,1.0,1,1.0,1,0.23265097311203972,54
354,3,555,284,271,0,0,0,1.0,1,1.0,1,1.0,1,0.1981011312978422,53
355,1,556,285,271,0,0,0,1.0,1,1.0,1,1.0,1,0.18051325268654686,54
356,1,557,286,271,0,0,0,1.0,1,1.0,1,1.0,1,0.20746264842412504,54
357,4,561,290,271,0,0,0,1.0,1,1.0,1,1.0,1,0.26675839303675036,53
358,3,564,290,274,0,0,0,1.0,1,1.0,1,1.0,1,0.24219914168191434,49
359,0,564,290,274,0,0,0,1.0,1,1.0,1,1.0,1,0.25908670783775145,48
360,0,564,290,274,0,0,0,1.0,1,1.0,1,1.0,1,0.2774599538146086,47
361,1,565,290,275,0,0,0,1.0,1,1.0,1,1.0,1,0.2526979042394101,46
362,0,565,290,275,0,0,0,1.0,1,1.0,1,1.0,1,0.2549875567752609,46
363,1,566,291,275,0,0,0,1.0,1,1.0,1,1.0,1,0.24165292529580387,47
364,0,566,291,275,0,0,0,1.0,1,1.0,1,1.0,1,0.24165292529580387,47
365,1,567,291,276,0,0,0,1.0,1,1.0,1,1.0,1,0.21018174772930287,47
366,5,572,293,279,0,0,0,1.0,1,1.0,1,1.0,1,0.24056438491254828,50
367,0,572,293,279,0,0,0,1.0,1,1.0,1,1.0,1,0.24056438491254828,50
368,1,573,293,280,0,0,0,1.0,1,1.0,1,1.0,1,0.21559107671592762,51
369,0,573,293,280,0,0,0,1.0,1,1.0,1,1.0,1,0.2410047072530797,51
370,1,574,293,281,0,0,0,1.0,1,1.0,1,1.0,1,0.236507952758606,51
371,4,578,293,285,0,0,0,1.0,1,1.0,1,1.0,1,0.20328245293147543,52
372,0,578,293,285,0,0,0,1.0,1,1.0,1,1.0,1,0.20624068834863812,53
373,2,580,294,286,0,0,0,1.0,1,1.0,1,1.0,1,0.19753825302126984,53
374,2,582,295,287,0,0,0,1.0,1,1.0,1,1.0,1,0.22664946912791015,53
375,4,586,297,289,0,0,0,1.0,1,1.0,1,1.0,1,0.1867740462383794,53
376,3,589,298,291,0,0,0,1.0,1,1.0,1,1.0,1,0.13769673771204113,53
377,1,590,299,291,0,0,0,1.0,1,1.0,1,1.0,1,0.13392073769347662,53
378,1,591,300,291,0,0,0,1.0,1,1.0,1,1.0,1,0.13710558172100093,53
379,1,592,301,291,0,0,0,1.0,1,1.0,1,1.0,1,0.140949363630443,54
380,0,592,301,291,0,0,0,1.0,1,1.0,1,1.0,1,0.140949363630443,54
381,1,593,302,291,0,0,0,1.0,1,1.0,1,1.0,1,0.15593752884280637,54
382,2,595,303,292,0,0,0,1.0,1,1.0,1,1.0,1,0.1417161735680186,55
383,1,596,304,292,0,0,0,1.0,1,1.0,1,1.0,1,0.14968821891299902,55
384,1,597,305,292,0,0,0,1.0,1,1.0,1,1.0,1,0.18095347598449327,54
385,3,600,306,294,0,0,0,1.0,1,1.0,1,1.0,1,0.16123684051139475,52
386,2,602,307,295,0,0,0,1.0,1,1.0,1,1.0,1,0.15262833559024108,52
387,3,605,309,296,0,0,0,1.0,1,1.0,1,1.0,1,0.14426303207352287,50
388,1,606,310,296,0,0,0,1.0,1,1.0,1,1.0,1,0.1799690537726535,52
389,2,608,311,297,0,0,0,1.0,1,1.0,1,1.0,1,0.16639489717607878,51
390,2,610,313,297,0,0,0,1.0,1,1.0,1,1.0,1,0.17970837397495373,50
391,3,613,314,299,0,0,0,1.0,1,1.0,1,1.0,1,0.1474207280897381,49
392,3,616,316,300,0,0,0,1.0,1,1.0,1,1.0,1,0.14085735758572948,47
393,4,620,318,302,0,0,0,1.0,1,1.0,1,1.0,1,0.17684283684053287,47
394,2,622,320,302,0,0,0,1.0,1,1.0,1,1.0,1,0.2145621879815086,48
395,4,626,322,304,0,0,0,1.0,1,1.0,1,1.0,1,0.254319454503715,46
396,0,626,322,304,0,0,0,1.0,1,1.0,1,1.0,1,0.24932533659705544,43
397,0,626,322,304,0,0,0,1.0,1,1.0,1,1.0,1,0.2658893163813176,42
398,1,627,323,304,0,0,0,1.0,1,1.0,1,1.0,1,0.302140048483673,40
399,0,627,323,304,0,0,0,1.0,1,1.0,1,1.0,1,0.2914355127573098,39
400,0,627,323,304,0,0,0,1.0,1,1.0,1,1.0,1,0.32641067759213904,38
401,2,629,323,306,0,0,0,1.0,1,1.0,1,1.0,1,0.3078477364555054,37
402,2,631,325,306,0,0,0,1.0,1,1.0,1,1.0,1,0.28437204461218835,36
403,1,632,326,306,0,0,0,1.0,1,1.0,1,1.0,1,0.2591378893829948,38
404,3,635,327,308,0,0,0,1.0,1,1.0,1,1.0,1,0.2898269906523546,39
405,1,636,327,309,0,0,0,1.0,1,1.0,1,1.0,1,0.2537430511477167,40
406,2,638,327,311,0,0,0,1.0,1,1.0,1,1.0,1,0.21965168972591656,41
407,0,638,327,311,0,0,0,1.0,1,1.0,1,1.0,1,0.2090267911472972,42
408,1,639,328,311,0,0,0,1.0,1,1.0,1,1.0,1,0.19963055091647894,43
409,1,640,329,311,0,0,0,1.0,1,1.0,1,1.0,1,0.23950669874351183,44
410,0,640,329,311,0,0,0,1.0,1,1.0,1,1.0,1,0.24376188298585302,46
411,0,640,329,311,0,0,0,1.0,1,1.0,1,1.0,1,0.24376188298585302,46
412,1,641,329,312,0,0,0,1.0,1,1.0,1,1.0,1,0.2552333434050798,47
413,2,643,330,313,0,0,0,1.0,1,1.0,1,1.0,1,0.2758217715115492,47
414,3,646,330,316,0,0,0,1.0,1,1.0,1,1.0,1,0.22426034415737434,47
415,3,649,330,319,0,0,0,1.0,1,1.0,1,1.0,1,0.208994971784527,48
416,0,649,330,319,0,0,0,1.0,1,1.0,1,1.0,1,0.20919433608095345,49
417,0,649,330,319,0,0,0,1.0,1,1.0,1,1.0,1,0.20919433608095345,49
418,2,651,331,320,0,0,0,1.0,1,1.0,1,1.0,1,0.24003561707504023,50
419,1,652,331,321,0,0,0,1.0,1,1.0,1,1.0,1,0.22994370197483854,50
420,1,653,332,321,0,0,0,1.0,1,1.0,1,1.0,1,0.23467731108225054,50
421,0,653,332,321,0,0,0,1.0,1,1.0,1,1.0,1,0.23467731108225054,50
422,2,655,333,322,0,0,0,1.0,1,1.0,1,1.0,1,0.24632808197737024,50
423,2,657,334,323,0,0,0,1.0,1,1.0,1,1.0,1,0.253596483762281,51
424,2,659,335,324,0,0,0,1.0,1,1.0,1,1.0,1,0.25428999355805154,49
425,0,659,335,324,0,0,0,1.0,1,1.0,1,1.0,1,0.2692321340083046,48
426,3,662,336,326,0,0,0,1.0,1,1.0,1,1.0,1,0.2596785782313314,50
427,4,666,338,328,0,0,0,1.0,1,1.0,1,1.0,1,0.27356107400130464,48
428,6,672,341,331,0,0,0,1.0,1,1.0,1,1.0,1,0.3013296370266802,49
429,3,675,341,334,0,0,0,1.0,1,1.0,1,1.0,1,0.2679345346056872,45
430,4,679,343,336,0,0,0,1.0,1,1.0,1,1.0,1,0.2761013709924516,44
431,1,680,344,336,0,0,0,1.0,1,1.0,1,1.0,1,0.27998979190831746,42
432,1,681,344,337,0,0,0,1.0,1,1.0,1,1.0,1,0.2656779887254317,40
433,1,682,345,337,0,0,0,1.0,1,1.0,1,1.0,1,0.28868724711711685,39
434,3,685,346,339,0,0,0,1.0,1,1.0,1,1.0,1,0.2434858531377417,39
435,4,689,349,340,0,0,0,1.0,1,1.0,1,1.0,1,0.3164341609005008,38
436,2,691,349,342,0,0,0,1.0,1,1.0,1,1.0,1,0.2625728057522434,38
437,2,693,350,343,0,0,0,1.0,1,1.0,1,1.0,1,0.26899271280012255,39
438,1,694,350,344,0,0,0,1.0,1,1.0,1,1.0,1,0.22561738716899973,38
439,1,695,350,345,0,0,0,1.0,1,1.0,1,1.0,1,0.20531847463007244,39
440,0,695,350,345,0,0,0,1.0,1,1.0,1,1.0,1,0.20531847463007244,39
441,2,697,351,346,0,0,0,1.0,1,1.0,1,1.0,1,0.18800044673657887,41
442,2,699,352,347,0,0,0,1.0,1,1.0,1,1.0,1,0.20545490007517733,42
443,2,701,352,349,0,0,0,1.0,1,1.0,1,1.0,1,0.16146480448316422,42
444,0,701,352,349,0,0,0,1.0,1,1.0,1,1.0,1,0.16314988715319242,43
445,1,702,353,349,0,0,0,1.0,1,1.0,1,1.0,1,0.1930953447965831,44
446,2,704,354,350,0,0,0,1.0,1,1.0,1,1.0,1,0.18626965795036332,44
447,2,706,355,351,0,0,0,1.0,1,1.0,1,1.0,1,0.1903242774354602,47
448,0,706,355,351,0,0,0,1.0,1,1.0,1,1.0,1,0.20336552231580463,46
449,0,706,355,351,0,0,0,1.0,1,1.0,1,1.0,1,0.20336552231580463,46
450,0,706,355,351,0,0,0,1.0,1,1.0,1,1.0,1,0.20350124952981347,46
451,1,707,355,352,0,0,0,1.0,1,1.0,1,1.0,1,0.20137874912132483,47
452,0,707,355,352,0,0,0,1.0,1,1.0,1,1.0,1,0.21367462472379095,47
453,0,707,355,352,0,0,0,1.0,1,1.0,1,1.0,1,0.21367462472379095,47
454,1,708,355,353,0,0,0,1.0,1,1.0,1,1.0,1,0.18173357170836857,46
455,3,711,357,354,0,0,0,1.0,1,1.0,1,1.0,1,0.19575111657942415,47
456,3,714,358,356,0,0,0,1.0,1,1.0,1,1.0,1,0.14748800824067484,49
457,1,715,359,356,0,0,0,1.0,1,1.0,1,1.0,1,0.16925063473376892,50
458,0,715,359,356,0,0,0,1.0,1,1.0,1,1.0,1,0.16925063473376892,50
459,0,715,359,356,0,0,0,1.0,1,1.0,1,1.0,1,0.16112854500553292,52
460,1,716,359,357,0,0,0,1.0,1,1.0,1,1.0,1,0.16835752638877224,53
461,1,717,359,358,0,0,0,1.0,1,1.0,1,1.0,1,0.17568359414595078,54
462,1,718,359,359,0,0,0,1.0,1,1.0,1,1.0,1,0.15455506992780638,54
463,4,722,362,360,0,0,0,1.0,1,1.0,1,1.0,1,0.17189332972493432,55
464,2,724,363,361,0,0,0,1.0,1,1.0,1,1.0,1,0.16958403695357074,56
465,0,724,363,361,0,0,0,1.0,1,1.0,1,1.0,1,0.16069073307898604,54
466,3,727,366,361,0,0,0,1.0,1,1.0,1,1.0,1,0.24737334940074154,54
467,5,732,368,364,0,0,0,1.0,1,1.0,1,1.0,1,0.2298166222513185,51
468,5,737,369,368,0,0,0,1.0,1,1.0,1,1.0,1,0.15427604797948535,51
469,5,742,371,371,0,0,0,1.0,1,1.0,1,1.0,1,0.14670494607834056,48
470,4,746,374,372,0,0,0,1.0,1,1.0,1,1.0,1,0.17039912785377617,47
471,1,747,375,372,0,0,0,1.0,1,1.0,1,1.0,1,0.16090678578329656,44
472,7,754,380,374,0,0,0,1.0,1,1.0,1,1.0,1,0.20790872452775241,43
473,1,755,381,374,0,0,0,1.0,1,1.0,1,1.0,1,0.18766266704315207,41
474,1,756,381,375,0,0,0,1.0,1,1.0,1,1.0,1,0.16165734941377383,39
475,1,757,382,375,0,0,0,1.0,1,1.0,1,1.0,1,0.19422104120818412,40
476,3,760,383,377,0,0,0,1.0,1,1.0,1,1.0,1,0.1800257231809779,38
477,3,763,385,378,0,0,0,1.0,1,1.0,1,1.0,1,0.22153773985691916,35
478,0,763,385,378,0,0,0,1.0,1,1.0,1,1.0,1,0.21941608119507944,35
479,1,764,386,378,0,0,0,1.0,1,1.0,1,1.0,1,0.3243181130437751,32
480,0,764,386,378,0,0,0,1.0,1,1.0,1,1.0,1,0.34406923763126035,32
481,0,764,386,378,0,0,0,1.0,1,1.0,1,1.0,1,0.3374754994959988,33
482,3,767,387,380,0,0,0,1.0,1,1.0,1,1.0,1,0.33163893789094,34
483,0,767,387,380,0,0,0,1.0,1,1.0,1,1.0,1,0.33876608027121735,32
484,3,770,387,383,0,0,0,1.0,1,1.0,1,1.0,1,0.23257682530406076,33
485,3,773,388,385,0,0,0,1.0,1,1.0,1,1.0,1,0.23043581991389273,34
486,2,775,388,387,0,0,0,1.0,1,1.0,1,1.0,1,0.24094228528188466,36
487,1,776,388,388,0,0,0,1.0,1,1.0,1,1.0,1,0.21483377168832263,36
488,0,776,388,388,0,0,0,1.0,1,1.0,1,1.0,1,0.22680181132862798,37
489,3,779,390,389,0,0,0,1.0,1,1.0,1,1.0,1,0.2819457896408367,38
490,1,780,391,389,0,0,0,1.0,1,1.0,1,1.0,1,0.29428441299803115,38
491,0,780,391,389,0,0,0,1.0,1,1.0,1,1.0,1,0.3000814011627645,37
492,4,784,392,392,0,0,0,1.0,1,1.0,1,1.0,1,0.26608520856580586,37
493,3,787,392,395,0,0,0,1.0,1,1.0,1,1.0,1,0.20786556928005875,37
494,2,789,393,396,0,0,0,1.0,1,1.0,1,1.0,1,0.23260197418059603,39
495,1,790,393,397,0,0,0,1.0,1,1.0,1,1.0,1,0.19027408412141958,40
496,0,790,393,397,0,0,0,1.0,1,1.0,1,1.0,1,0.19027408412141958,40
497,0,790,393,397,0,0,0,1.0,1,1.0,1,1.0,1,0.19375535275948097,43
498,2,792,394,398,0,0,0,1.0,1,1.0,1,1.0,1,0.13731049179175828,43
499,1,793,395,398,0,0,0,1.0,1,1.0,1,1.0,1,0.17872398973071416,44
500,3,796,396,400,0,0,0,1.0,1,1.0,1,1.0,1,0.1694997209351742,45
501,2,798,397,401,0,0,0,1.0,1,1.0,1,1.0,1,0.16285863850988871,45
502,3,801,400,401,0,0,0,1.0,1,1.0,1,1.0,1,0.20238275642480222,45
503,2,803,402,401,0,0,0,1.0,1,1.0,1,1.0,1,0.24901173029336685,46
504,4,807,404,403,0,0,0,1.0,1,1.0,1,1.0,1,0.28907989176216586,47
505,2,809,404,405,0,0,0,1.0,1,1.0,1,1.0,1,0.22650561928437682,42
506,0,809,404,405,0,0,0,1.0,1,1.0,1,1.0,1,0.21788605465348485,41
507,1,810,404,406,0,0,0,1.0,1,1.0,1,1.0,1,0.2103072029992839,38
508,2,812,406,406,0,0,0,1.0,1,1.0,1,1.0,1,0.27796283466190713,38
509,3,815,406,409,0,0,0,1.0,1,1.0,1,1.0,1,0.264083166986882,37
510,0,815,406,409,0,0,0,1.0,1,1.0,1,1.0,1,0.26494867332501393,36
511,2,817,407,410,0,0,0,1.0,1,1.0,1,1.0,1,0.3180622213202754,34
512,0,817,407,410,0,0,0,1.0,1,1.0,1,1.0,1,0.3100991488823983,32
513,0,817,407,410,0,0,0,1.0,1,1.0,1,1.0,1,0.3100991488823983,32
514,1,818,407,411,0,0,0,1.0,1,1.0,1,1.0,1,0.27078248268788163,35
515,1,819,407,412,0,0,0,1.0,1,1.0,1,1.0,1,0.23741314480037437,35
516,2,821,407,414,0,0,0,1.0,1,1.0,1,1.0,1,0.18583085773330457,36
517,0,821,407,414,0,0,0,1.0,1,1.0,1,1.0,1,0.18583085773330457,36
518,0,821,407,414,0,0,0,1.0,1,1.0,1,1.0,1,0.22298667594238128,39
519,1,822,408,414,0,0,0,1.0,1,1.0,1,1.0,1,0.21336327744713518,39
520,3,825,409,416,0,0,0,1.0,1,1.0,1,1.0,1,0.2124939464388021,39
521,0,825,409,416,0,0,0,1.0,1,1.0,1,1.0,1,0.20623510208343968,40
522,0,825,409,416,0,0,0,1.0,1,1.0,1,1.0,1,0.20623510208343968,40
523,1,826,410,416,0,0,0,1.0,1,1.0,1,1.0,1,0.22024423711485794,41
524,1,827,410,417,0,0,0,1.0,1,1.0,1,1.0,1,0.19273632126439932,41
525,3,830,412,418,0,0,0,1.0,1,1.0,1,1.0,1,0.2076160955954441,40
526,0,830,412,418,0,0,0,1.0,1,1.0,1,1.0,1,0.2128102507877015,40
527,1,831,413,418,0,0,0,1.0,1,1.0,1,1.0,1,0.2196920795458672,40
528,1,832,414,418,0,0,0,1.0,1,1.0,1,1.0,1,0.20400350568495462,40
529,1,833,414,419,0,0,0,1.0,1,1.0,1,1.0,1,0.20576940342991204,39
530,0,833,414,419,0,0,0,1.0,1,1.0,1,1.0,1,0.20576940342991204,39
531,0,833,414,419,0,0,0,1.0,1,1.0,1,1.0,1,0.21543720795717783,39
532,1,834,415,419,0,0,0,1.0,1,1.0,1,1.0,1,0.2694079020210177,40
533,1,835,416,419,0,0,0,1.0,1,1.0,1,1.0,1,0.3345732507105851,40
534,1,836,416,420,0,0,0,1.0,1,1.0,1,1.0,1,0.30872870899219734,42
535,1,837,417,420,0,0,0,1.0,1,1.0,1,1.0,1,0.37135803392110023,42
536,1,838,417,421,0,0,0,1.0,1,1.0,1,1.0,1,0.35218200883208567,43
537,2,840,417,423,0,0,0,1.0,1,1.0,1,1.0,1,0.33148547931417427,43
538,2,842,417,425,0,0,0,1.0,1,1.0,1,1.0,1,0.3130367196644243,44
539,2,844,417,427,0,0,0,1.0,1,1.0,1,1.0,1,0.27615689253044273,44
540,1,845,418,427,0,0,0,1.0,1,1.0,1,1.0,1,0.28374311529204516,44
541,0,845,418,427,0,0,0,1.0,1,1.0,1,1.0,1,0.2711238453738568,45
542,4,849,419,430,0,0,0,1.0,1,1.0,1,1.0,1,0.23633616538880853,46
543,2,851,421,430,0,0,0,1.0,1,1.0,1,1.0,1,0.2597378715017316,43
544,1,852,422,430,0,0,0,1.0,1,1.0,1,1.0,1,0.2643251980468507,42
545,2,854,424,430,0,0,0,1.0,1,1.0,1,1.0,1,0.2680737249893701,43
546,4,858,427,431,0,0,0,1.0,1,1.0,1,1.0,1,0.31561638354215266,41
547,1,859,427,432,0,0,0,1.0,1,1.0,1,1.0,1,0.24705741802911385,40
548,6,865,431,434,0,0,0,1.0,1,1.0,1,1.0,1,0.33450478037063447,40
549,5,870,433,437,0,0,0,1.0,1,1.0,1,1.0,1,0.3367934212797206,39
550,0,870,433,437,0,0,0,1.0,1,1.0,1,1.0,1,0.31727796945803427,38
551,2,872,434,438,0,0,0,1.0,1,1.0,1,1.0,1,0.3040961108813205,38
552,1,873,435,438,0,0,0,1.0,1,1.0,1,1.0,1,0.3500011986061528,39
553,0,873,435,438,0,0,0,1.0,1,1.0,1,1.0,1,0.34024995431452315,38
554,3,876,436,440,0,0,0,1.0,1,1.0,1,1.0,1,0.3429877228411853,39
555,0,876,436,440,0,0,0,1.0,1,1.0,1,1.0,1,0.3483637225901774,39
556,3,879,436,443,0,0,0,1.0,1,1.0,1,1.0,1,0.30316220252306325,40
557,1,880,436,444,0,0,0,1.0,1,1.0,1,1.0,1,0.3119433347905893,40
558,3,883,436,447,0,0,0,1.0,1,1.0,1,1.0,1,0.25813665966312743,40
559,2,885,437,448,0,0,0,1.0,1,1.0,1,1.0,1,0.2543750198000883,40
560,1,886,437,449,0,0,0,1.0,1,1.0,1,1.0,1,0.2328249056606479,41
561,3,889,438,451,0,0,0,1.0,1,1.0,1,1.0,1,0.21660764218975664,42
562,2,891,439,452,0,0,0,1.0,1,1.0,1,1.0,1,0.22221724008814825,42
563,1,892,440,452,0,0,0,1.0,1,1.0,1,1.0,1,0.260359983090721,42
564,0,892,440,452,0,0,0,1.0,1,1.0,1,1.0,1,0.27217845818282277,43
565,0,892,440,452,0,0,0,1.0,1,1.0,1,1.0,1,0.27013130395666146,44
566,0,892,440,452,0,0,0,1.0,1,1.0,1,1.0,1,0.27362702601924327,45
567,1,893,441,452,0,0,0,1.0,1,1.0,1,1.0,1,0.27769466191848763,45
568,3,896,442,454,0,0,0,1.0,1,1.0,1,1.0,1,0.2209515293226643,46
569,1,897,443,454,0,0,0,1.0,1,1.0,1,1.0,1,0.2166146137932421,47
570,1,898,444,454,0,0,0,1.0,1,1.0,1,1.0,1,0.23968362218100125,48
571,1,899,445,454,0,0,0,1.0,1,1.0,1,1.0,1,0.270957885590089,48
572,1,900,445,455,0,0,0,1.0,1,1.0,1,1.0,1,0.25256854559612146,47
573,1,901,445,456,0,0,0,1.0,1,1.0,1,1.0,1,0.25286481549544976,49
574,1,902,445,457,0,0,0,1.0,1,1.0,1,1.0,1,0.24046521989287128,49
575,2,904,445,459,0,0,0,1.0,1,1.0,1,1.0,1,0.1913154020381352,50
576,1,905,445,460,0,0,0,1.0,1,1.0,1,1.0,1,0.1927528232377705,51
577,1,906,445,461,0,0,0,1.0,1,1.0,1,1.0,1,0.1817722781339173,51
578,1,907,445,462,0,0,0,1.0,1,1.0,1,1.0,1,0.16617730575206566,51
579,1,908,446,462,0,0,0,1.0,1,1.0,1,1.0,1,0.17835631481841616,52
580,3,911,446,465,0,0,0,1.0,1,1.0,1,1.0,1,0.1606525845590375,52
581,1,912,447,465,0,0,0,1.0,1,1.0,1,1.0,1,0.18415214513069245,52
582,1,913,447,466,0,0,0,1.0,1,1.0,1,1.0,1,0.18818943733146345,53
583,2,915,449,466,0,0,0,1.0,1,1.0,1,1.0,1,0.2569523330050687,51
584,6,921,453,468,0,0,0,1.0,1,1.0,1,1.0,1,0.23869288565907207,51
585,4,925,456,469,0,0,0,1.0,1,1.0,1,1.0,1,0.2433736866332615,49
586,4,929,459,470,0,0,0,1.0,1,1.0,1,1.0,1,0.20497461140952686,49
587,2,931,460,471,0,0,0,1.0,1,1.0,1,1.0,1,0.2283175143243558,48
588,4,935,463,472,0,0,0,1.0,1,1.0,1,1.0,1,0.18025912033918268,46
589,2,937,464,473,0,0,0,1.0,1,1.0,1,1.0,1,0.21069530608634315,48
590,0,937,464,473,0,0,0,1.0,1,1.0,1,1.0,1,0.21559381716726286,47
591,1,938,465,473,0,0,0,1.0,1,1.0,1,1.0,1,0.23399033235448338,48
592,1,939,465,474,0,0,0,1.0,1,1.0,1,1.0,1,0.18750518935606247,47
593,1,940,465,475,0,0,0,1.0,1,1.0,1,1.0,1,0.17690632579838012,45
594,0,940,465,475,0,0,0,1.0,1,1.0,1,1.0,1,0.16118584662318702,44
595,2,942,467,475,0,0,0,1.0,1,1.0,1,1.0,1,0.2035198482483434,43
596,2,944,469,475,0,0,0,1.0,1,1.0,1,1.0,1,0.25807197327010556,44
597,1,945,470,475,0,0,0,1.0,1,1.0,1,1.0,1,0.23248853971012762,43
598,2,947,471,476,0,0,0,1.0,1,1.0,1,1.0,1,0.21978316248663343,45
599,2,949,473,476,0,0,0,1.0,1,1.0,1,1.0,1,0.2308577509857073,44
600,2,951,473,478,0,0,0,1.0,1,1.0,1,1.0,1,0.18739718675751682,44
601,0,951,473,478,0,0,0,1.0,1,1.0,1,1.0,1,0.1880135087509881,45
602,1,952,474,478,0,0,0,1.0,1,1.0,1,1.0,1,0.24120236877104428,46
603,1,953,474,479,0,0,0,1.0,1,1.0,1,1.0,1,0.23527030798955065,46
604,1,954,474,480,0,0,0,1.0,1,1.0,1,1.0,1,0.22115409534219008,47
605,1,955,474,481,0,0,0,1.0,1,1.0,1,1.0,1,0.2103347932501422,47
606,0,955,474,481,0,0,0,1.0,1,1.0,1,1.0,1,0.2147868410262259,47
607,1,956,475,481,0,0,0,1.0,1,1.0,1,1.0,1,0.23768759546585824,48
608,0,956,475,481,0,0,0,1.0,1,1.0,1,1.0,1,0.25885795115517707,47
609,2,958,475,483,0,0,0,1.0,1,1.0,1,1.0,1,0.23409578280242704,48
610,2,960,475,485,0,0,0,1.0,1,1.0,1,1.0,1,0.18129953522546213,48
611,2,962,477,485,0,0,0,1.0,1,1.0,1,1.0,1,0.1599256859017638,49
612,1,963,477,486,0,0,0,1.0,1,1.0,1,1.0,1,0.14658948982881012,50
613,2,965,478,487,0,0,0,1.0,1,1.0,1,1.0,1,0.1329847987802836,50
614,0,965,478,487,0,0,0,1.0,1,1.0,1,1.0,1,0.1329847987802836,50
615,1,966,479,487,0,0,0,1.0,1,1.0,1,1.0,1,0.15036646355132918,50
616,1,967,480,487,0,0,0,1.0,1,1.0,1,1.0,1,0.1507811099821113,50
617,0,967,480,487,0,0,0,1.0,1,1.0,1,1.0,1,0.17506985844670747,52
618,2,969,481,488,0,0,0,1.0,1,1.0,1,1.0,1,0.1416901790729434,52
619,2,971,482,489,0,0,0,1.0,1,1.0,1,1.0,1,0.1601631146512195,50
620,0,971,482,489,0,0,0,1.0,1,1.0,1,1.0,1,0.15681020821398944,50
621,1,972,483,489,0,0,0,1.0,1,1.0,1,1.0,1,0.16480342251876606,49
622,2,974,484,490,0,0,0,1.0,1,1.0,1,1.0,1,0.1619657053084658,49
623,2,976,486,490,0,0,0,1.0,1,1.0,1,1.0,1,0.20411246402707106,48
624,3,979,487,492,0,0,0,1.0,1,1.0,1,1.0,1,0.19948741473403772,46
625,1,980,488,492,0,0,0,1.0,1,1.0,1,1.0,1,0.1889263749358372,45
626,3,983,490,493,0,0,0,1.0,1,1.0,1,1.0,1,0.15811898334086189,44
627,2,985,491,494,0,0,0,1.0,1,1.0,1,1.0,1,0.18555108899488196,44
628,3,988,494,494,0,0,0,1.0,1,1.0,1,1.0,1,0.23205187504444194,44
629,3,991,495,496,0,0,0,1.0,1,1.0,1,1.0,1,0.19696705130779898,41
630,2,993,497,496,0,0,0,1.0,1,1.0,1,1.0,1,0.29151669620661114,40
631,5,998,500,498,0,0,0,1.0,1,1.0,1,1.0,1,0.28572938275586435,38
632,2,1000,502,498,0,0,0,1.0,1,1.0,1,1.0,1,0.31747832681300897,38
633,2,1002,503,499,0,0,0,1.0,1,1.0,1,1.0,1,0.3455572137358385,36
634,1,1003,503,500,0,0,0,1.0,1,1.0,1,1.0,1,0.30975136776198703,35
635,1,1004,504,500,0,0,0,1.0,1,1.0,1,1.0,1,0.31202897963469395,35
636,1,1005,505,500,0,0,0,1.0,1,1.0,1,1.0,1,0.36097494041440786,36
637,3,1008,505,503,0,0,0,1.0,1,1.0,1,1.0,1,0.27496592880501225,35
638,3,1011,507,504,0,0,0,1.0,1,1.0,1,1.0,1,0.27509701677660636,34
639,4,1015,508,507,0,0,0,1.0,1,1.0,1,1.0,1,0.20169184247819266,36
640,2,1017,509,508,0,0,0,1.0,1,1.0,1,1.0,1,0.2163279584150723,37
641,0,1017,509,508,0,0,0,1.0,1,1.0,1,1.0,1,0.2163279584150723,37
642,0,1017,509,508,0,0,0,1.0,1,1.0,1,1.0,1,0.1921420116795327,38
643,0,1017,509,508,0,0,0,1.0,1,1.0,1,1.0,1,0.18687772355962884,39
644,3,1020,511,509,0,0,0,1.0,1,1.0,1,1.0,1,0.20328683707970455,39
645,0,1020,511,509,0,0,0,1.0,1,1.0,1,1.0,1,0.18699733596531645,39
646,3,1023,512,511,0,0,0,1.0,1,1.0,1,1.0,1,0.21105580001536134,40
647,1,1024,512,512,0,0,0,1.0,1,1.0,1,1.0,1,0.17134673415841917,40
648,1,1025,513,512,0,0,0,1.0,1,1.0,1,1.0,1,0.16098003594985572,40
649,0,1025,513,512,0,0,0,1.0,1,1.0,1,1.0,1,0.16098003594985572,40
650,2,1027,515,512,0,0,0,1.0,1,1.0,1,1.0,1,0.2069054454555023,41
651,3,1030,516,514,0,0,0,1.0,1,1.0,1,1.0,1,0.19571074616958506,42
652,0,1030,516,514,0,0,0,1.0,1,1.0,1,1.0,1,0.21927456842128265,41
653,0,1030,516,514,0,0,0,1.0,1,1.0,1,1.0,1,0.21927456842128265,41
654,0,1030,516,514,0,0,0,1.0,1,1.0,1,1.0,1,0.235856064596442,42
655,0,1030,516,514,0,0,0,1.0,1,1.0,1,1.0,1,0.2283206202945096,45
656,3,1033,519,514,0,0,0,1.0,1,1.0,1,1.0,1,0.28085479554122855,45
657,2,1035,519,516,0,0,0,1.0,1,1.0,1,1.0,1,0.21084259243948328,43
658,3,1038,521,517,0,0,0,1.0,1,1.0,1,1.0,1,0.27020914074654767,43
659,0,1038,521,517,0,0,0,1.0,1,1.0,1,1.0,1,0.22580407642587755,43
660,4,1042,524,518,0,0,0,1.0,1,1.0,1,1.0,1,0.31908998461563337,43
661,1,1043,524,519,0,0,0,1.0,1,1.0,1,1.0,1,0.3138633436811972,41
662,3,1046,525,521,0,0,0,1.0,1,1.0,1,1.0,1,0.3034240057635575,40
663,0,1046,525,521,0,0,0,1.0,1,1.0,1,1.0,1,0.290458572577433,39
664,2,1048,526,522,0,0,0,1.0,1,1.0,1,1.0,1,0.28742890341319244,36
665,2,1050,527,523,0,0,0,1.0,1,1.0,1,1.0,1,0.24091866755923189,36
666,4,1054,530,524,0,0,0,1.0,1,1.0,1,1.0,1,0.2671109330325486,36
667,1,1055,530,525,0,0,0,1.0,1,1.0,1,1.0,1,0.22685764203363482,35
668,3,1058,532,526,0,0,0,1.0,1,1.0,1,1.0,1,0.22418094024524912,34
669,2,1060,534,526,0,0,0,1.0,1,1.0,1,1.0,1,0.2592984910629113,34
670,4,1064,536,528,0,0,0,1.0,1,1.0,1,1.0,1,0.2317779592158077,32
671,2,1066,537,529,0,0,0,1.0,1,1.0,1,1.0,1,0.2028367365085051,33
672,0,1066,537,529,0,0,0,1.0,1,1.0,1,1.0,1,0.22432268439619402,32
673,1,1067,537,530,0,0,0,1.0,1,1.0,1,1.0,1,0.20246515126562922,32
674,2,1069,539,530,0,0,0,1.0,1,1.0,1,1.0,1,0.2507916675594064,32
675,4,1073,540,533,0,0,0,1.0,1,1.0,1,1.0,1,0.20568084238671563,34
676,0,1073,540,533,0,0,0,1.0,1,1.0,1,1.0,1,0.24360961975208295,35
677,0,1073,540,533,0,0,0,1.0,1,1.0,1,1.0,1,0.24360961975208295,35
678,1,1074,541,533,0,0,0,1.0,1,1.0,1,1.0,1,0.2090368191351884,35
679,3,1077,542,535,0,0,0,1.0,1,1.0,1,1.0,1,0.17183529135774936,36
680,0,1077,542,535,0,0,0,1.0,1,1.0,1,1.0,1,0.17574201498354103,37
681,1,1078,543,535,0,0,0,1.0,1,1.0,1,1.0,1,0.22581721444583394,37
682,0,1078,543,535,0,0,0,1.0,1,1.0,1,1.0,1,0.22581721444583394,37
683,1,1079,543,536,0,0,0,1.0,1,1.0,1,1.0,1,0.2145267913007469,38
684,3,1082,544,538,0,0,0,1.0,1,1.0,1,1.0,1,0.19785276328402135,39
685,0,1082,544,538,0,0,0,1.0,1,1.0,1,1.0,1,0.19720842482273446,38
686,1,1083,545,538,0,0,0,1.0,1,1.0,1,1.0,1,0.23289597112612617,37
687,4,1087,547,540,0,0,0,1.0,1,1.0,1,1.0,1,0.27019877835229816,38
688,1,1088,547,541,0,0,0,1.0,1,1.0,1,1.0,1,0.2351425238883061,37
689,1,1089,548,541,0,0,0,1.0,1,1.0,1,1.0,1,0.2975591865567943,39
690,1,1090,548,542,0,0,0,1.0,1,1.0,1,1.0,1,0.2939207284566016,38
691,2,1092,549,543,0,0,0,1.0,1,1.0,1,1.0,1,0.24748269353061542,38
692,0,1092,549,543,0,0,0,1.0,1,1.0,1,1.0,1,0.24748269353061542,38
693,1,1093,550,543,0,0,0,1.0,1,1.0,1,1.0,1,0.2456997731771423,40
694,3,1096,551,545,0,0,0,1.0,1,1.0,1,1.0,1,0.2325901065266113,42
695,2,1098,552,546,0,0,0,1.0,1,1.0,1,1.0,1,0.20461285182344066,40
696,2,1100,554,546,0,0,0,1.0,1,1.0,1,1.0,1,0.25450750311023745,39
697,1,1101,554,547,0,0,0,1.0,1,1.0,1,1.0,1,0.23416449158385969,39
698,4,1105,556,549,0,0,0,1.0,1,1.0,1,1.0,1,0.26134582104713544,37
699,0,1105,556,549,0,0,0,1.0,1,1.0,1,1.0,1,0.25154936452158705,37
700,1,1106,556,550,0,0,0,1.0,1,1.0,1,1.0,1,0.2514367273978436,37
701,1,1107,557,550,0,0,0,1.0,1,1.0,1,1.0,1,0.2609398836689103,37
702,0,1107,557,550,0,0,0,1.0,1,1.0,1,1.0,1,0.2691613239365194,38
703,2,1109,558,551,0,0,0,1.0,1,1.0,1,1.0,1,0.23732271758091714,36
704,2,1111,560,551,0,0,0,1.0,1,1.0,1,1.0,1,0.2703245121461207,36
705,4,1115,562,553,0,0,0,1.0,1,1.0,1,1.0,1,0.23389174961621612,36
706,4,1119,566,553,0,0,0,1.0,1,1.0,1,1.0,1,0.2823293410195204,35
707,4,1123,568,555,0,0,0,1.0,1,1.0,1,1.0,1,0.27056647278302376,36
708,4,1127,570,557,0,0,0,1.0,1,1.0,1,1.0,1,0.2689446100713728,36
709,1,1128,571,557,0,0,0,1.0,1,1.0,1,1.0,1,0.25766333187305646,34
710,1,1129,572,557,0,0,0,1.0,1,1.0,1,1.0,1,0.2807433209109935,34
711,0,1129,572,557,0,0,0,1.0,1,1.0,1,1.0,1,0.2755610870816242,34
712,2,1131,573,558,0,0,0,1.0,1,1.0,1,1.0,1,0.2592397312629643,35
713,3,1134,574,560,0,0,0,1.0,1,1.0,1,1.0,1,0.23709059460293774,34
714,1,1135,575,560,0,0,0,1.0,1,1.0,1,1.0,1,0.2378579414720072,34
715,0,1135,575,560,0,0,0,1.0,1,1.0,1,1.0,1,0.25358518853985,35
716,1,1136,576,560,0,0,0,1.0,1,1.0,1,1.0,1,0.28767679284124065,33
717,4,1140,578,562,0,0,0,1.0,1,1.0,1,1.0,1,0.3150915839652219,33
718,0,1140,578,562,0,0,0,1.0,1,1.0,1,1.0,1,0.2997797203393733,32
719,0,1140,578,562,0,0,0,1.0,1,1.0,1,1.0,1,0.2997797203393733,32
720,2,1142,579,563,0,0,0,1.0,1,1.0,1,1.0,1,0.265892858135112,33
721,1,1143,580,563,0,0,0,1.0,1,1.0,1,1.0,1,0.26919852337785777,33
722,4,1147,581,566,0,0,0,1.0,1,1.0,1,1.0,1,0.2633634553784481,34
723,0,1147,581,566,0,0,0,1.0,1,1.0,1,1.0,1,0.2633634553784481,34
724,1,1148,581,567,0,0,0,1.0,1,1.0,1,1.0,1,0.25763609972123264,36
725,0,1148,581,567,0,0,0,1.0,1,1.0,1,1.0,1,0.25763609972123264,36
726,0,1148,581,567,0,0,0,1.0,1,1.0,1,1.0,1,0.25763609972123264,36
727,1,1149,581,568,0,0,0,1.0,1,1.0,1,1.0,1,0.23367659922214165,36
728,2,1151,582,569,0,0,0,1.0,1,1.0,1,1.0,1,0.2116323358664183,37
729,0,1151,582,569,0,0,0,1.0,1,1.0,1,1.0,1,0.21567931177979968,37
730,0,1151,582,569,0,0,0,1.0,1,1.0,1,1.0,1,0.2204076306188474,38
731,1,1152,582,570,0,0,0,1.0,1,1.0,1,1.0,1,0.2347254465888035,39
732,1,1153,583,570,0,0,0,1.0,1,1.0,1,1.0,1,0.26655955655514013,41
733,1,1154,584,570,0,0,0,1.0,1,1.0,1,1.0,1,0.2340440899336935,39
734,3,1157,586,571,0,0,0,1.0,1,1.0,1,1.0,1,0.290666306015953,39
735,1,1158,586,572,0,0,0,1.0,1,1.0,1,1.0,1,0.2851031893674673,39
736,1,1159,586,573,0,0,0,1.0,1,1.0,1,1.0,1,0.2554420254555622,38
737,2,1161,588,573,0,0,0,1.0,1,1.0,1,1.0,1,0.30232716708663343,39
738,0,1161,588,573,0,0,0,1.0,1,1.0,1,1.0,1,0.30488971995000913,37
739,0,1161,588,573,0,0,0,1.0,1,1.0,1,1.0,1,0.30488971995000913,37
740,0,1161,588,573,0,0,0,1.0,1,1.0,1,1.0,1,0.3230114768911143,35
741,0,1161,588,573,0,0,0,1.0,1,1.0,1,1.0,1,0.29759183590777055,33
742,1,1162,589,573,0,0,0,1.0,1,1.0,1,1.0,1,0.3388285573067863,35
743,5,1167,592,575,0,0,0,1.0,1,1.0,1,1.0,1,0.3536152356246458,35
744,4,1171,594,577,0,0,0,1.0,1,1.0,1,1.0,1,0.2793202575702137,34
745,1,1172,595,577,0,0,0,1.0,1,1.0,1,1.0,1,0.3013198194920669,34
746,2,1174,597,577,0,0,0,1.0,1,1.0,1,1.0,1,0.2557382771334096,33
747,0,1174,597,577,0,0,0,1.0,1,1.0,1,1.0,1,0.2419490710723769,32
748,0,1174,597,577,0,0,0,1.0,1,1.0,1,1.0,1,0.23286496995264866,33
749,0,1174,597,577,0,0,0,1.0,1,1.0,1,1.0,1,0.23286496995264866,33
750,1,1175,598,577,0,0,0,1.0,1,1.0,1,1.0,1,0.2599175911581388,34
751,4,1179,600,579,0,0,0,1.0,1,1.0,1,1.0,1,0.27285546608784866,36
752,2,1181,602,579,0,0,0,1.0,1,1.0,1,1.0,1,0.27720798201604985,35
753,2,1183,603,580,0,0,0,1.0,1,1.0,1,1.0,1,0.3047985180959075,37
754,3,1186,605,581,0,0,0,1.0,1,1.0,1,1.0,1,0.33640453730779185,37
755,2,1188,605,583,0,0,0,1.0,1,1.0,1,1.0,1,0.28101467674781433,35
756,2,1190,606,584,0,0,0,1.0,1,1.0,1,1.0,1,0.32791487220838905,36
757,1,1191,606,585,0,0,0,1.0,1,1.0,1,1.0,1,0.30380274629883636,35
758,0,1191,606,585,0,0,0,1.0,1,1.0,1,1.0,1,0.3159696531746436,36
759,0,1191,606,585,0,0,0,1.0,1,1.0,1,1.0,1,0.3189521225269781,37
760,1,1192,606,586,0,0,0,1.0,1,1.0,1,1.0,1,0.3194149848012336,36
761,0,1192,606,586,0,0,0,1.0,1,1.0,1,1.0,1,0.3194149848012336,36
762,0,1192,606,586,0,0,0,1.0,1,1.0,1,1.0,1,0.32779319317944217,37
763,0,1192,606,586,0,0,0,1.0,1,1.0,1,1.0,1,0.3381115183840617,38
764,0,1192,606,586,0,0,0,1.0,1,1.0,1,1.0,1,0.3381115183840617,38
765,0,1192,606,586,0,0,0,1.0,1,1.0,1,1.0,1,0.3381115183840617,38
766,0,1192,606,586,0,0,0,1.0,1,1.0,1,1.0,1,0.3277559660798996,40
767,0,1192,606,586,0,0,0,1.0,1,1.0,1,1.0,1,0.3352799049054052,41
768,2,1194,607,587,0,0,0,1.0,1,1.0,1,1.0,1,0.3561037716107291,41
769,2,1196,607,589,0,0,0,1.0,1,1.0,1,1.0,1,0.33360334248935164,42
770,3,1199,608,591,0,0,0,1.0,1,1.0,1,1.0,1,0.3338447280156508,41
771,0,1199,608,591,0,0,0,1.0,1,1.0,1,1.0,1,0.31717343443285023,41
772,3,1202,610,592,0,0,0,1.0,1,1.0,1,1.0,1,0.2972707932292614,41
773,2,1204,610,594,0,0,0,1.0,1,1.0,1,1.0,1,0.2486831021969743,41
774,3,1207,612,595,0,0,0,1.0,1,1.0,1,1.0,1,0.2342472864294588,42
775,0,1207,612,595,0,0,0,1.0,1,1.0,1,1.0,1,0.2342472864294588,42
776,0,1207,612,595,0,0,0,1.0,1,1.0,1,1.0,1,0.2342472864294588,42
777,0,1207,612,595,0,0,0,1.0,1,1.0,1,1.0,1,0.2342472864294588,42
778,1,1208,613,595,0,0,0,1.0,1,1.0,1,1.0,1,0.26995594772372644,44
779,0,1208,613,595,0,0,0,1.0,1,1.0,1,1.0,1,0.26995594772372644,44
780,0,1208,613,595,0,0,0,1.0,1,1.0,1,1.0,1,0.26995594772372644,44
781,1,1209,613,596,0,0,0,1.0,1,1.0,1,1.0,1,0.2610545042516004,46
782,1,1210,614,596,0,0,0,1.0,1,1.0,1,1.0,1,0.2760148796489064,45
783,2,1212,615,597,0,0,0,1.0,1,1.0,1,1.0,1,0.3033379790049631,44
784,3,1215,616,599,0,0,0,1.0,1,1.0,1,1.0,1,0.2884489727560467,44
785,3,1218,617,601,0,0,0,1.0,1,1.0,1,1.0,1,0.2815505449314115,43
786,2,1220,618,602,0,0,0,1.0,1,1.0,1,1.0,1,0.2520536075815635,43
787,0,1220,618,602,0,0,0,1.0,1,1.0,1,1.0,1,0.2520536075815635,43
788,4,1224,619,605,0,0,0,1.0,1,1.0,1,1.0,1,0.25915110227642374,45
789,2,1226,620,606,0,0,0,1.0,1,1.0,1,1.0,1,0.21712185389105726,46
790,1,1227,620,607,0,0,0,1.0,1,1.0,1,1.0,1,0.23012015960437454,45
791,3,1230,620,610,0,0,0,1.0,1,1.0,1,1.0,1,0.19180178735099349,46
792,1,1231,620,611,0,0,0,1.0,1,1.0,1,1.0,1,0.20105047811357077,46
793,0,1231,620,611,0,0,0,1.0,1,1.0,1,1.0,1,0.20105047811357077,46
794,2,1233,621,612,0,0,0,1.0,1,1.0,1,1.0,1,0.2069597791557028,47
795,0,1233,621,612,0,0,0,1.0,1,1.0,1,1.0,1,0.2069597791557028,47
796,2,1235,622,613,0,0,0,1.0,1,1.0,1,1.0,1,0.21816917270005104,46
797,3,1238,624,614,0,0,0,1.0,1,1.0,1,1.0,1,0.23479640488625092,47
798,4,1242,626,616,0,0,0,1.0,1,1.0,1,1.0,1,0.22750940668725597,48
799,2,1244,626,618,0,0,0,1.0,1,1.0,1,1.0,1,0.19453701725211503,48
800,1,1245,627,618,0,0,0,1.0,1,1.0,1,1.0,1,0.2295582874814491,48
801,2,1247,627,620,0,0,0,1.0,1,1.0,1,1.0,1,0.21831903020436647,49
802,2,1249,629,620,0,0,0,1.0,1,1.0,1,1.0,1,0.1945326655489314,50
803,0,1249,629,620,0,0,0,1.0,1,1.0,1,1.0,1,0.18564746505749866,49
804,2,1251,631,620,0,0,0,1.0,1,1.0,1,1.0,1,0.15776402473954934,50
805,0,1251,631,620,0,0,0,1.0,1,1.0,1,1.0,1,0.15776402473954934,50
806,0,1251,631,620,0,0,0,1.0,1,1.0,1,1.0,1,0.15776402473954934,50
807,1,1252,631,621,0,0,0,1.0,1,1.0,1,1.0,1,0.16245323115283328,51
808,2,1254,632,622,0,0,0,1.0,1,1.0,1,1.0,1,0.16248225589893997,51
809,2,1256,633,623,0,0,0,1.0,1,1.0,1,1.0,1,0.14808524275204915,51
810,1,1257,633,624,0,0,0,1.0,1,1.0,1,1.0,1,0.1293806804460074,52
811,1,1258,634,624,0,0,0,1.0,1,1.0,1,1.0,1,0.15467032921420867,50
812,3,1261,635,626,0,0,0,1.0,1,1.0,1,1.0,1,0.12487229381727828,48
813,3,1264,636,628,0,0,0,1.0,1,1.0,1,1.0,1,0.14493413671559344,49
814,0,1264,636,628,0,0,0,1.0,1,1.0,1,1.0,1,0.13594613908438657,48
815,4,1268,638,630,0,0,0,1.0,1,1.0,1,1.0,1,0.16211369145438212,48
816,1,1269,639,630,0,0,0,1.0,1,1.0,1,1.0,1,0.1832032082695896,46
817,0,1269,639,630,0,0,0,1.0,1,1.0,1,1.0,1,0.2226043826390616,44
818,0,1269,639,630,0,0,0,1.0,1,1.0,1,1.0,1,0.19500440895282334,46
819,0,1269,639,630,0,0,0,1.0,1,1.0,1,1.0,1,0.2264431229635937,44
820,0,1269,639,630,0,0,0,1.0,1,1.0,1,1.0,1,0.2501671663809752,44
821,1,1270,639,631,0,0,0,1.0,1,1.0,1,1.0,1,0.22159051830241744,44
822,2,1272,641,631,0,0,0,1.0,1,1.0,1,1.0,1,0.27044135417764864,44
823,4,1276,642,634,0,0,0,1.0,1,1.0,1,1.0,1,0.19496062130490244,42
824,2,1278,644,634,0,0,0,1.0,1,1.0,1,1.0,1,0.2226536825684321,42
825,3,1281,645,636,0,0,0,1.0,1,1.0,1,1.0,1,0.1809623051578531,40
826,3,1284,648,636,0,0,0,1.0,1,1.0,1,1.0,1,0.21086676547491268,41
827,2,1286,649,637,0,0,0,1.0,1,1.0,1,1.0,1,0.19002944286623402,40
828,3,1289,651,638,0,0,0,1.0,1,1.0,1,1.0,1,0.18285747886082723,40
829,2,1291,653,638,0,0,0,1.0,1,1.0,1,1.0,1,0.2040242582283627,42
830,4,1295,655,640,0,0,0,1.0,1,1.0,1,1.0,1,0.223150892194689,42
831,5,1300,657,643,0,0,0,1.0,1,1.0,1,1.0,1,0.19542487839062195,43
832,1,1301,658,643,0,0,0,1.0,1,1.0,1,1.0,1,0.19843306823972112,42
833,1,1302,659,643,0,0,0,1.0,1,1.0,1,1.0,1,0.2408146271344534,41
834,1,1303,659,644,0,0,0,1.0,1,1.0,1,1.0,1,0.2267928187184793,41
835,0,1303,659,644,0,0,0,1.0,1,1.0,1,1.0,1,0.23400925081369497,41
836,0,1303,659,644,0,0,0,1.0,1,1.0,1,1.0,1,0.2339689245591069,40
837,0,1303,659,644,0,0,0,1.0,1,1.0,1,1.0,1,0.2337800865503955,41
838,2,1305,660,645,0,0,0,1.0,1,1.0,1,1.0,1,0.2551652317623773,41
839,5,1310,662,648,0,0,0,1.0,1,1.0,1,1.0,1,0.2072532245842659,41
840,5,1315,664,651,0,0,0,1.0,1,1.0,1,1.0,1,0.1975014908923996,42
841,1,1316,664,652,0,0,0,1.0,1,1.0,1,1.0,1,0.17358402784051424,42
842,0,1316,664,652,0,0,0,1.0,1,1.0,1,1.0,1,0.17358402784051424,42
843,2,1318,666,652,0,0,0,1.0,1,1.0,1,1.0,1,0.2265517029714752,42
844,1,1319,666,653,0,0,0,1.0,1,1.0,1,1.0,1,0.21714857793788497,42
845,1,1320,666,654,0,0,0,1.0,1,1.0,1,1.0,1,0.25343655092927475,44
846,1,1321,666,655,0,0,0,1.0,1,1.0,1,1.0,1,0.2357066440973414,44
847,1,1322,667,655,0,0,0,1.0,1,1.0,1,1.0,1,0.22393841698385294,42
848,0,1322,667,655,0,0,0,1.0,1,1.0,1,1.0,1,0.26905259046283353,43
849,0,1322,667,655,0,0,0,1.0,1,1.0,1,1.0,1,0.2864667349831131,43
850,4,1326,667,659,0,0,0,1.0,1,1.0,1,1.0,1,0.2619986826779379,41
851,2,1328,668,660,0,0,0,1.0,1,1.0,1,1.0,1,0.21955088490203886,40
852,0,1328,668,660,0,0,0,1.0,1,1.0,1,1.0,1,0.21955088490203886,40
853,1,1329,669,660,0,0,0,1.0,1,1.0,1,1.0,1,0.2228033413160154,40
854,2,1331,670,661,0,0,0,1.0,1,1.0,1,1.0,1,0.21664864176171134,40
855,1,1332,671,661,0,0,0,1.0,1,1.0,1,1.0,1,0.20708917002926286,41
856,1,1333,672,661,0,0,0,1.0,1,1.0,1,1.0,1,0.2223838846501363,41
857,1,1334,673,661,0,0,0,1.0,1,1.0,1,1.0,1,0.21990724506067166,42
858,1,1335,673,662,0,0,0,1.0,1,1.0,1,1.0,1,0.20953221812202225,43
859,0,1335,673,662,0,0,0,1.0,1,1.0,1,1.0,1,0.20953221812202225,43
860,1,1336,674,662,0,0,0,1.0,1,1.0,1,1.0,1,0.2138482729575909,44
861,1,1337,675,662,0,0,0,1.0,1,1.0,1,1.0,1,0.23929281854584755,44
862,2,1339,676,663,0,0,0,1.0,1,1.0,1,1.0,1,0.23219918110018342,44
863,4,1343,679,664,0,0,0,1.0,1,1.0,1,1.0,1,0.2822637958381644,44
864,3,1346,680,666,0,0,0,1.0,1,1.0,1,1.0,1,0.24130936482814258,44
865,2,1348,682,666,0,0,0,1.0,1,1.0,1,1.0,1,0.22295376795996802,43
866,6,1354,686,668,0,0,0,1.0,1,1.0,1,1.0,1,0.30388657493062093,45
867,4,1358,686,672,0,0,0,1.0,1,1.0,1,1.0,1,0.1895516834638375,44
868,1,1359,687,672,0,0,0,1.0,1,1.0,1,1.0,1,0.18995282002021685,45
869,2,1361,689,672,0,0,0,1.0,1,1.0,1,1.0,1,0.2249169955269495,44
870,3,1364,689,675,0,0,0,1.0,1,1.0,1,1.0,1,0.16091467751440372,44
871,2,1366,690,676,0,0,0,1.0,1,1.0,1,1.0,1,0.21047745993838737,43
872,2,1368,690,678,0,0,0,1.0,1,1.0,1,1.0,1,0.13488224943416263,43
873,2,1370,691,679,0,0,0,1.0,1,1.0,1,1.0,1,0.16409617984791633,43
874,5,1375,694,681,0,0,0,1.0,1,1.0,1,1.0,1,0.22006016570606557,46
875,5,1380,695,685,0,0,0,1.0,1,1.0,1,1.0,1,0.11135810957730323,43
876,0,1380,695,685,0,0,0,1.0,1,1.0,1,1.0,1,0.12485891456520815,44
877,1,1381,695,686,0,0,0,1.0,1,1.0,1,1.0,1,0.13887840501124732,44
878,1,1382,696,686,0,0,0,1.0,1,1.0,1,1.0,1,0.17362628979880865,44
879,1,1383,696,687,0,0,0,1.0,1,1.0,1,1.0,1,0.16135265202772103,44
880,2,1385,698,687,0,0,0,1.0,1,1.0,1,1.0,1,0.2324689447024922,44
881,3,1388,699,689,0,0,0,1.0,1,1.0,1,1.0,1,0.1939710176242172,43
882,2,1390,700,690,0,0,0,1.0,1,1.0,1,1.0,1,0.14939683890028052,45
883,0,1390,700,690,0,0,0,1.0,1,1.0,1,1.0,1,0.155842190929096,45
884,0,1390,700,690,0,0,0,1.0,1,1.0,1,1.0,1,0.14243172857868686,45
885,0,1390,700,690,0,0,0,1.0,1,1.0,1,1.0,1,0.10618359044084266,43
886,3,1393,702,691,0,0,0,1.0,1,1.0,1,1.0,1,0.16861149367958464,43
887,1,1394,703,691,0,0,0,1.0,1,1.0,1,1.0,1,0.1750770199968051,41
888,0,1394,703,691,0,0,0,1.0,1,1.0,1,1.0,1,0.23281401087751608,40
889,4,1398,705,693,0,0,0,1.0,1,1.0,1,1.0,1,0.254533941816598,40
890,1,1399,706,693,0,0,0,1.0,1,1.0,1,1.0,1,0.2626122709804506,38
891,3,1402,707,695,0,0,0,1.0,1,1.0,1,1.0,1,0.20600210400480237,39
892,2,1404,708,696,0,0,0,1.0,1,1.0,1,1.0,1,0.22503911288772677,39
893,1,1405,709,696,0,0,0,1.0,1,1.0,1,1.0,1,0.19760018045863398,37
894,0,1405,709,696,0,0,0,1.0,1,1.0,1,1.0,1,0.19696100929148833,36
895,0,1405,709,696,0,0,0,1.0,1,1.0,1,1.0,1,0.1979235111914546,37
896,3,1408,712,696,0,0,0,1.0,1,1.0,1,1.0,1,0.2539813634045842,36
897,3,1411,714,697,0,0,0,1.0,1,1.0,1,1.0,1,0.24969294475541925,36
898,0,1411,714,697,0,0,0,1.0,1,1.0,1,1.0,1,0.26030327547217036,35
899,0,1411,714,697,0,0,0,1.0,1,1.0,1,1.0,1,0.26030327547217036,35
900,2,1413,715,698,0,0,0,1.0,1,1.0,1,1.0,1,0.29725468427225216,36
901,0,1413,715,698,0,0,0,1.0,1,1.0,1,1.0,1,0.29725468427225216,36
902,5,1418,719,699,0,0,0,1.0,1,1.0,1,1.0,1,0.3339517689666684,36
903,2,1420,720,700,0,0,0,1.0,1,1.0,1,1.0,1,0.28763138195787175,35
904,2,1422,722,700,0,0,0,1.0,1,1.0,1,1.0,1,0.3003576990929822,37
905,2,1424,723,701,0,0,0,1.0,1,1.0,1,1.0,1,0.28757131097493793,36
906,1,1425,724,701,0,0,0,1.0,1,1.0,1,1.0,1,0.3072635437933116,37
907,3,1428,726,702,0,0,0,1.0,1,1.0,1,1.0,1,0.2744718408262926,37
908,2,1430,726,704,0,0,0,1.0,1,1.0,1,1.0,1,0.20021941520631759,36
909,0,1430,726,704,0,0,0,1.0,1,1.0,1,1.0,1,0.1983676181172368,36
910,1,1431,727,704,0,0,0,1.0,1,1.0,1,1.0,1,0.23102172465322277,37
911,2,1433,728,705,0,0,0,1.0,1,1.0,1,1.0,1,0.27409726912909615,36
912,3,1436,730,706,0,0,0,1.0,1,1.0,1,1.0,1,0.24800701792265065,34
913,2,1438,731,707,0,0,0,1.0,1,1.0,1,1.0,1,0.26385247686317004,34
914,1,1439,731,708,0,0,0,1.0,1,1.0,1,1.0,1,0.266923514753154,33
915,1,1440,731,709,0,0,0,1.0,1,1.0,1,1.0,1,0.24094472678883283,33
916,3,1443,732,711,0,0,0,1.0,1,1.0,1,1.0,1,0.2201849689175667,34
917,1,1444,732,712,0,0,0,1.0,1,1.0,1,1.0,1,0.1908864268014451,34
918,0,1444,732,712,0,0,0,1.0,1,1.0,1,1.0,1,0.2029202951718413,36
919,0,1444,732,712,0,0,0,1.0,1,1.0,1,1.0,1,0.2029202951718413,36
920,1,1445,733,712,0,0,0,1.0,1,1.0,1,1.0,1,0.20402713081928925,37
921,1,1446,733,713,0,0,0,1.0,1,1.0,1,1.0,1,0.17085714837654978,37
922,3,1449,735,714,0,0,0,1.0,1,1.0,1,1.0,1,0.2051719420164175,38
923,1,1450,736,714,0,0,0,1.0,1,1.0,1,1.0,1,0.22294219319894565,36
924,1,1451,737,714,0,0,0,1.0,1,1.0,1,1.0,1,0.2253390049469234,35
925,4,1455,738,717,0,0,0,1.0,1,1.0,1,1.0,1,0.28735782571227036,35
926,1,1456,739,717,0,0,0,1.0,1,1.0,1,1.0,1,0.2719561518151189,34
927,0,1456,739,717,0,0,0,1.0,1,1.0,1,1.0,1,0.28157440533251643,32
928,3,1459,740,719,0,0,0,1.0,1,1.0,1,1.0,1,0.23156833020962558,32
929,1,1460,740,720,0,0,0,1.0,1,1.0,1,1.0,1,0.18596742235135671,31
930,0,1460,740,720,0,0,0,1.0,1,1.0,1,1.0,1,0.2059717757716627,30
931,1,1461,741,720,0,0,0,1.0,1,1.0,1,1.0,1,0.24810380541857624,29
932,3,1464,743,721,0,0,0,1.0,1,1.0,1,1.0,1,0.19776347890493726,29
933,0,1464,743,721,0,0,0,1.0,1,1.0,1,1.0,1,0.19776347890493726,29
934,1,1465,744,721,0,0,0,1.0,1,1.0,1,1.0,1,0.20604906393079225,29
935,0,1465,744,721,0,0,0,1.0,1,1.0,1,1.0,1,0.24916848529561522,31
936,1,1466,745,721,0,0,0,1.0,1,1.0,1,1.0,1,0.28826599998697566,31
937,2,1468,746,722,0,0,0,1.0,1,1.0,1,1.0,1,0.2917260118765684,34
938,1,1469,746,723,0,0,0,1.0,1,1.0,1,1.0,1,0.2794341954362409,33
939,1,1470,746,724,0,0,0,1.0,1,1.0,1,1.0,1,0.3144654213467073,36
940,1,1471,746,725,0,0,0,1.0,1,1.0,1,1.0,1,0.26988475788782307,36
941,5,1476,748,728,0,0,0,1.0,1,1.0,1,1.0,1,0.28143390774096444,36
942,4,1480,751,729,0,0,0,1.0,1,1.0,1,1.0,1,0.2936183228382038,36
943,0,1480,751,729,0,0,0,1.0,1,1.0,1,1.0,1,0.2899629255778905,35
944,2,1482,753,729,0,0,0,1.0,1,1.0,1,1.0,1,0.27829539652450547,35
945,1,1483,754,729,0,0,0,1.0,1,1.0,1,1.0,1,0.2380693677313381,33
946,2,1485,755,730,0,0,0,1.0,1,1.0,1,1.0,1,0.2664070422631082,36
947,1,1486,756,730,0,0,0,1.0,1,1.0,1,1.0,1,0.28877569063911407,34
948,2,1488,758,730,0,0,0,1.0,1,1.0,1,1.0,1,0.3357239114748386,33
949,3,1491,758,733,0,0,0,1.0,1,1.0,1,1.0,1,0.2877587628786497,34
950,0,1491,758,733,0,0,0,1.0,1,1.0,1,1.0,1,0.29778988544211243,33
951,0,1491,758,733,0,0,0,1.0,1,1.0,1,1.0,1,0.29778988544211243,33
952,0,1491,758,733,0,0,0,1.0,1,1.0,1,1.0,1,0.31429087077973156,32
953,1,1492,758,734,0,0,0,1.0,1,1.0,1,1.0,1,0.28566353764176367,32
954,0,1492,758,734,0,0,0,1.0,1,1.0,1,1.0,1,0.31341111056760207,31
955,1,1493,759,734,0,0,0,1.0,1,1.0,1,1.0,1,0.3672673675193095,32
956,3,1496,760,736,0,0,0,1.0,1,1.0,1,1.0,1,0.28778564929543343,32
957,0,1496,760,736,0,0,0,1.0,1,1.0,1,1.0,1,0.2919798924116577,33
958,0,1496,760,736,0,0,0,1.0,1,1.0,1,1.0,1,0.2771476526251539,35
959,2,1498,761,737,0,0,0,1.0,1,1.0,1,1.0,1,0.2904423508625955,36
960,0,1498,761,737,0,0,0,1.0,1,1.0,1,1.0,1,0.3130210195688631,38
961,2,1500,763,737,0,0,0,1.0,1,1.0,1,1.0,1,0.40116014876909156,37
962,2,1502,764,738,0,0,0,1.0,1,1.0,1,1.0,1,0.36467614162487894,35
963,0,1502,764,738,0,0,0,1.0,1,1.0,1,1.0,1,0.3548882447237478,35
964,0,1502,764,738,0,0,0,1.0,1,1.0,1,1.0,1,0.3717067363851246,34
965,1,1503,764,739,0,0,0,1.0,1,1.0,1,1.0,1,0.3549437933689391,35
966,1,1504,765,739,0,0,0,1.0,1,1.0,1,1.0,1,0.3421129428639558,34
967,1,1505,765,740,0,0,0,1.0,1,1.0,1,1.0,1,0.33558043104644464,35
968,3,1508,766,742,0,0,0,1.0,1,1.0,1,1.0,1,0.3190132716950535,36
969,2,1510,766,744,0,0,0,1.0,1,1.0,1,1.0,1,0.30702316078422714,35
970,0,1510,766,744,0,0,0,1.0,1,1.0,1,1.0,1,0.3454371065858175,34
971,1,1511,766,745,0,0,0,1.0,1,1.0,1,1.0,1,0.3355520812949395,35
972,3,1514,768,746,0,0,0,1.0,1,1.0,1,1.0,1,0.298785369203956,35
973,0,1514,768,746,0,0,0,1.0,1,1.0,1,1.0,1,0.31545605259815,36
974,2,1516,770,746,0,0,0,1.0,1,1.0,1,1.0,1,0.361840297008984,35
975,1,1517,770,747,0,0,0,1.0,1,1.0,1,1.0,1,0.32925307918346436,36
976,0,1517,770,747,0,0,0,1.0,1,1.0,1,1.0,1,0.34558938352476953,38
977,0,1517,770,747,0,0,0,1.0,1,1.0,1,1.0,1,0.34558938352476953,38
978,0,1517,770,747,0,0,0,1.0,1,1.0,1,1.0,1,0.34558938352476953,38
979,0,1517,770,747,0,0,0,1.0,1,1.0,1,1.0,1,0.3533987589947162,39
980,2,1519,771,748,0,0,0,1.0,1,1.0,1,1.0,1,0.36282621201207804,39
981,2,1521,772,749,0,0,0,1.0,1,1.0,1,1.0,1,0.35856940314740915,40
982,4,1525,774,751,0,0,0,1.0,1,1.0,1,1.0,1,0.3841845455049025,40
983,1,1526,774,752,0,0,0,1.0,1,1.0,1,1.0,1,0.341642905714457,38
984,4,1530,776,754,0,0,0,1.0,1,1.0,1,1.0,1,0.3577551961995639,39
985,5,1535,778,757,0,0,0,1.0,1,1.0,1,1.0,1,0.33311112506273655,38
986,4,1539,780,759,0,0,0,1.0,1,1.0,1,1.0,1,0.3372887157630444,38
987,1,1540,780,760,0,0,0,1.0,1,1.0,1,1.0,1,0.3288764878203796,38
988,1,1541,781,760,0,0,0,1.0,1,1.0,1,1.0,1,0.3484363705469948,38
989,0,1541,781,760,0,0,0,1.0,1,1.0,1,1.0,1,0.3508600950930809,38
990,1,1542,782,760,0,0,0,1.0,1,1.0,1,1.0,1,0.384743384347499,38
991,5,1547,783,764,0,0,0,1.0,1,1.0,1,1.0,1,0.3834270198464672,40
992,1,1548,783,765,0,0,0,1.0,1,1.0,1,1.0,1,0.3609033246315945,39
993,0,1548,783,765,0,0,0,1.0,1,1.0,1,1.0,1,0.3519386862989629,38
994,1,1549,783,766,0,0,0,1.0,1,1.0,1,1.0,1,0.34987668087835716,39
995,0,1549,783,766,0,0,0,1.0,1,1.0,1,1.0,1,0.3405403761977095,41
996,0,1549,783,766,0,0,0,1.0,1,1.0,1,1.0,1,0.34293071905380845,40
997,1,1550,783,767,0,0,0,1.0,1,1.0,1,1.0,1,0.3491882288526345,41
998,1,1551,783,768,0,0,0,1.0,1,1.0,1,1.0,1,0.3664190556827935,40
999,1,1552,783,769,0,0,0,1.0,1,1.0,1,1.0,1,0.4004511731749099,40
1000,1,1553,784,769,0,0,0,1.0,1,1.0,1,1.0,1,0.41067561378817763,40
1001,1,1554,784,770,0,0,0,1.0,1,1.0,1,1.0,1,0.39710408808019154,39
1002,0,1554,784,770,0,0,0,1.0,1,1.0,1,1.0,1,0.39710408808019154,39
1003,1,1555,784,771,0,0,0,1.0,1,1.0,1,1.0,1,0.37918430821716714,39
1004,0,1555,784,771,0,0,0,1.0,1,1.0,1,1.0,1,0.37918430821716714,39
1005,0,1555,784,771,0,0,0,1.0,1,1.0,1,1.0,1,0.3853547341528914,40
1006,1,1556,784,772,0,0,0,1.0,1,1.0,1,1.0,1,0.3548632340040372,41
1007,2,1558,784,774,0,0,0,1.0,1,1.0,1,1.0,1,0.3437318369608403,42
1008,2,1560,784,776,0,0,0,1.0,1,1.0,1,1.0,1,0.3193661311956438,43
1009,4,1564,784,780,0,0,0,1.0,1,1.0,1,1.0,1,0.27358685068755073,44
1010,2,1566,785,781,0,0,0,1.0,1,1.0,1,1.0,1,0.25345552536640686,44
1011,0,1566,785,781,0,0,0,1.0,1,1.0,1,1.0,1,0.25345552536640686,44
1012,5,1571,788,783,0,0,0,1.0,1,1.0,1,1.0,1,0.24677530155675956,46
1013,1,1572,788,784,0,0,0,1.0,1,1.0,1,1.0,1,0.2264940050485437,46
1014,1,1573,789,784,0,0,0,1.0,1,1.0,1,1.0,1,0.2511205913804301,46
1015,0,1573,789,784,0,0,0,1.0,1,1.0,1,1.0,1,0.2511205913804301,46
1016,1,1574,790,784,0,0,0,1.0,1,1.0,1,1.0,1,0.26766279874549975,47
1017,1,1575,790,785,0,0,0,1.0,1,1.0,1,1.0,1,0.2466912257627447,47
1018,2,1577,790,787,0,0,0,1.0,1,1.0,1,1.0,1,0.2283412281862324,48
1019,2,1579,790,789,0,0,0,1.0,1,1.0,1,1.0,1,0.20038849846819248,49
1020,1,1580,790,790,0,0,0,1.0,1,1.0,1,1.0,1,0.17690157591437541,51
1021,0,1580,790,790,0,0,0,1.0,1,1.0,1,1.0,1,0.17690157591437541,51
1022,2,1582,791,791,0,0,0,1.0,1,1.0,1,1.0,1,0.16738379156758657,52
1023,1,1583,791,792,0,0,0,1.0,1,1.0,1,1.0,1,0.16488524317349032,52
1024,0,1583,791,792,0,0,0,1.0,1,1.0,1,1.0,1,0.16488524317349032,52
1025,1,1584,791,793,0,0,0,1.0,1,1.0,1,1.0,1,0.16401534280800134,54
1026,2,1586,792,794,0,0,0,1.0,1,1.0,1,1.0,1,0.18198546755181488,54
1027,3,1589,793,796,0,0,0,1.0,1,1.0,1,1.0,1,0.16641326183615265,55
1028,3,1592,793,799,0,0,0,1.0,1,1.0,1,1.0,1,0.13997292883498252,56
1029,0,1592,793,799,0,0,0,1.0,1,1.0,1,1.0,1,0.13997292883498252,56
1030,0,1592,793,799,0,0,0,1.0,1,1.0,1,1.0,1,0.15475983124545964,57
1031,0,1592,793,799,0,0,0,1.0,1,1.0,1,1.0,1,0.15941478621264638,58
1032,3,1595,796,799,0,0,0,1.0,1,1.0,1,1.0,1,0.20251640972030732,58
1033,1,1596,796,800,0,0,0,1.0,1,1.0,1,1.0,1,0.1744398387740775,57
1034,4,1600,799,801,0,0,0,1.0,1,1.0,1,1.0,1,0.17737779855876715,57
1035,3,1603,801,802,0,0,0,1.0,1,1.0,1,1.0,1,0.20936341224415805,57
1036,1,1604,802,802,0,0,0,1.0,1,1.0,1,1.0,1,0.21159301843519934,59
1037,4,1608,806,802,0,0,0,1.0,1,1.0,1,1.0,1,0.23542895098186303,57
1038,5,1613,807,806,0,0,0,1.0,1,1.0,1,1.0,1,0.21717089201808445,59
1039,4,1617,811,806,0,0,0,1.0,1,1.0,1,1.0,1,0.22290835421513874,57
1040,7,1624,812,812,0,0,0,1.0,1,1.0,1,1.0,1,0.20820624504789284,56
1041,2,1626,813,813,0,0,0,1.0,1,1.0,1,1.0,1,0.19230888878631264,54
1042,0,1626,813,813,0,0,0,1.0,1,1.0,1,1.0,1,0.15546400374651484,52
1043,1,1627,813,814,0,0,0,1.0,1,1.0,1,1.0,1,0.13642555406213044,52
1044,1,1628,814,814,0,0,0,1.0,1,1.0,1,1.0,1,0.15311827319783963,50
1045,1,1629,815,814,0,0,0,1.0,1,1.0,1,1.0,1,0.19395148171007912,51
1046,1,1630,816,814,0,0,0,1.0,1,1.0,1,1.0,1,0.19968398177565855,50
1047,0,1630,816,814,0,0,0,1.0,1,1.0,1,1.0,1,0.1827697165044169,50
1048,0,1630,816,814,0,0,0,1.0,1,1.0,1,1.0,1,0.1827697165044169,50
1049,2,1632,817,815,0,0,0,1.0,1,1.0,1,1.0,1,0.1999819314924452,50
1050,1,1633,818,815,0,0,0,1.0,1,1.0,1,1.0,1,0.18948516404560276,50
1051,2,1635,818,817,0,0,0,1.0,1,1.0,1,1.0,1,0.145288323998144,50
1052,1,1636,819,817,0,0,0,1.0,1,1.0,1,1.0,1,0.1708333508706085,51
1053,0,1636,819,817,0,0,0,1.0,1,1.0,1,1.0,1,0.1708333508706085,51
1054,1,1637,819,818,0,0,0,1.0,1,1.0,1,1.0,1,0.14861032637043087,53
1055,1,1638,819,819,0,0,0,1.0,1,1.0,1,1.0,1,0.16067484213839633,54
1056,0,1638,819,819,0,0,0,1.0,1,1.0,1,1.0,1,0.17762106206139847,54
1057,0,1638,819,819,0,0,0,1.0,1,1.0,1,1.0,1,0.1902372623326997,55
1058,0,1638,819,819,0,0,0,1.0,1,1.0,1,1.0,1,0.19216333335916594,54
1059,4,1642,821,821,0,0,0,1.0,1,1.0,1,1.0,1,0.23086785488706463,53
1060,0,1642,821,821,0,0,0,1.0,1,1.0,1,1.0,1,0.23086785488706463,53
1061,3,1645,824,821,0,0,0,1.0,1,1.0,1,1.0,1,0.2340642540743687,53
1062,6,1651,829,822,0,0,0,1.0,1,1.0,1,1.0,1,0.22710753830682476,54
1063,3,1654,829,825,0,0,0,1.0,1,1.0,1,1.0,1,0.2054686778378808,53
1064,2,1656,831,825,0,0,0,1.0,1,1.0,1,1.0,1,0.21678448855248922,55
1065,2,1658,832,826,0,0,0,1.0,1,1.0,1,1.0,1,0.21728793636624186,54
1066,2,1660,833,827,0,0,0,1.0,1,1.0,1,1.0,1,0.21662692049680227,55
1067,2,1662,834,828,0,0,0,1.0,1,1.0,1,1.0,1,0.24044964218005374,55
1068,4,1666,834,832,0,0,0,1.0,1,1.0,1,1.0,1,0.2031619131166216,55
1069,1,1667,834,833,0,0,0,1.0,1,1.0,1,1.0,1,0.21701085343924678,55
1070,2,1669,834,835,0,0,0,1.0,1,1.0,1,1.0,1,0.21128946408150157,54
1071,0,1669,834,835,0,0,0,1.0,1,1.0,1,1.0,1,0.19658277093224918,55
1072,0,1669,834,835,0,0,0,1.0,1,1.0,1,1.0,1,0.19256081124287844,54
1073,2,1671,836,835,0,0,0,1.0,1,1.0,1,1.0,1,0.19278860162222122,54
1074,3,1674,837,837,0,0,0,1.0,1,1.0,1,1.0,1,0.17302544846520054,52
1075,2,1676,838,838,0,0,0,1.0,1,1.0,1,1.0,1,0.1828580177327486,51
1076,3,1679,838,841,0,0,0,1.0,1,1.0,1,1.0,1,0.16356606251186573,52
1077,4,1683,842,841,0,0,0,1.0,1,1.0,1,1.0,1,0.16598306622550466,49
1078,4,1687,845,842,0,0,0,1.0,1,1.0,1,1.0,1,0.23661745459155406,48
1079,4,1691,846,845,0,0,0,1.0,1,1.0,1,1.0,1,0.2191602991666355,47
1080,1,1692,847,845,0,0,0,1.0,1,1.0,1,1.0,1,0.254739691087602,47
1081,1,1693,848,845,0,0,0,1.0,1,1.0,1,1.0,1,0.29676053695762983,45
1082,1,1694,849,845,0,0,0,1.0,1,1.0,1,1.0,1,0.2977118135433515,42
1083,2,1696,851,845,0,0,0,1.0,1,1.0,1,1.0,1,0.37298625067500446,42
1084,0,1696,851,845,0,0,0,1.0,1,1.0,1,1.0,1,0.3694658588246384,40
1085,1,1697,851,846,0,0,0,1.0,1,1.0,1,1.0,1,0.3463399057083745,43
1086,1,1698,851,847,0,0,0,1.0,1,1.0,1,1.0,1,0.3251784155330445,41
1087,2,1700,851,849,0,0,0,1.0,1,1.0,1,1.0,1,0.27870861275619296,41
1088,1,1701,851,850,0,0,0,1.0,1,1.0,1,1.0,1,0.26731444303550966,41
1089,5,1706,854,852,0,0,0,1.0,1,1.0,1,1.0,1,0.1932490519590677,42
1090,0,1706,854,852,0,0,0,1.0,1,1.0,1,1.0,1,0.18667144805382418,43
1091,0,1706,854,852,0,0,0,1.0,1,1.0,1,1.0,1,0.2008520121233802,43
1092,1,1707,855,852,0,0,0,1.0,1,1.0,1,1.0,1,0.1745346953776763,43
1093,1,1708,856,852,0,0,0,1.0,1,1.0,1,1.0,1,0.17515852165802925,43
1094,0,1708,856,852,0,0,0,1.0,1,1.0,1,1.0,1,0.17515852165802925,43
1095,1,1709,857,852,0,0,0,1.0,1,1.0,1,1.0,1,0.20565631419049163,44
1096,3,1712,859,853,0,0,0,1.0,1,1.0,1,1.0,1,0.23299686803191738,44
1097,4,1716,861,855,0,0,0,1.0,1,1.0,1,1.0,1,0.2683779813451114,45
1098,0,1716,861,855,0,0,0,1.0,1,1.0,1,1.0,1,0.27427132179083036,46
1099,0,1716,861,855,0,0,0,1.0,1,1.0,1,1.0,1,0.2811841025117406,48
1100,0,1716,861,855,0,0,0,1.0,1,1.0,1,1.0,1,0.28818254998148296,49
1101,1,1717,861,856,0,0,0,1.0,1,1.0,1,1.0,1,0.2637161478346726,49
1102,3,1720,863,857,0,0,0,1.0,1,1.0,1,1.0,1,0.2692477122011186,50
1103,2,1722,864,858,0,0,0,1.0,1,1.0,1,1.0,1,0.24388927989893028,48
1104,3,1725,867,858,0,0,0,1.0,1,1.0,1,1.0,1,0.22596437420906038,50
1105,2,1727,869,858,0,0,0,1.0,1,1.0,1,1.0,1,0.2263835753360989,48
1106,2,1729,870,859,0,0,0,1.0,1,1.0,1,1.0,1,0.23516210051684927,48
1107,5,1734,871,863,0,0,0,1.0,1,1.0,1,1.0,1,0.19808695287495343,47
1108,0,1734,871,863,0,0,0,1.0,1,1.0,1,1.0,1,0.1993126548766277,47
1109,3,1737,874,863,0,0,0,1.0,1,1.0,1,1.0,1,0.23846404059534101,46
1110,2,1739,875,864,0,0,0,1.0,1,1.0,1,1.0,1,0.2641206192405329,43
1111,4,1743,876,867,0,0,0,1.0,1,1.0,1,1.0,1,0.23860645955735205,44
1112,2,1745,877,868,0,0,0,1.0,1,1.0,1,1.0,1,0.26229511738091665,43
1113,4,1749,878,871,0,0,0,1.0,1,1.0,1,1.0,1,0.2761968382424441,39
1114,1,1750,878,872,0,0,0,1.0,1,1.0,1,1.0,1,0.24932405177268818,39
1115,2,1752,879,873,0,0,0,1.0,1,1.0,1,1.0,1,0.23236588951890141,37
1116,3,1755,881,874,0,0,0,1.0,1,1.0,1,1.0,1,0.1748759709621333,37
1117,4,1759,883,876,0,0,0,1.0,1,1.0,1,1.0,1,0.22856585891988077,36
1118,0,1759,883,876,0,0,0,1.0,1,1.0,1,1.0,1,0.22898029776561588,36
1119,0,1759,883,876,0,0,0,1.0,1,1.0,1,1.0,1,0.22898029776561588,36
1120,0,1759,883,876,0,0,0,1.0,1,1.0,1,1.0,1,0.22898029776561588,36
1121,0,1759,883,876,0,0,0,1.0,1,1.0,1,1.0,1,0.22898029776561588,36
1122,0,1759,883,876,0,0,0,1.0,1,1.0,1,1.0,1,0.20980250483410967,37
1123,1,1760,883,877,0,0,0,1.0,1,1.0,1,1.0,1,0.18877336644472886,37
1124,0,1760,883,877,0,0,0,1.0,1,1.0,1,1.0,1,0.18877336644472886,37
1125,1,1761,884,877,0,0,0,1.0,1,1.0,1,1.0,1,0.25053626090996833,38
1126,0,1761,884,877,0,0,0,1.0,1,1.0,1,1.0,1,0.25053626090996833,38
1127,2,1763,885,878,0,0,0,1.0,1,1.0,1,1.0,1,0.26628955403932225,39
1128,1,1764,885,879,0,0,0,1.0,1,1.0,1,1.0,1,0.2616506275631693,39
1129,0,1764,885,879,0,0,0,1.0,1,1.0,1,1.0,1,0.2616506275631693,39
1130,1,1765,886,879,0,0,0,1.0,1,1.0,1,1.0,1,0.27811105151799254,39
1131,1,1766,887,879,0,0,0,1.0,1,1.0,1,1.0,1,0.24434556328429172,39
1132,1,1767,888,879,0,0,0,1.0,1,1.0,1,1.0,1,0.25520220728700416,39
1133,2,1769,889,880,0,0,0,1.0,1,1.0,1,1.0,1,0.2250695441957853,42
1134,0,1769,889,880,0,0,0,1.0,1,1.0,1,1.0,1,0.2250695441957853,42
1135,2,1771,890,881,0,0,0,1.0,1,1.0,1,1.0,1,0.2939377876135468,44
1136,5,1776,891,885,0,0,0,1.0,1,1.0,1,1.0,1,0.23231493457951155,46
1137,0,1776,891,885,0,0,0,1.0,1,1.0,1,1.0,1,0.24454195357221656,45
1138,2,1778,893,885,0,0,0,1.0,1,1.0,1,1.0,1,0.301868400568208,46
1139,2,1780,893,887,0,0,0,1.0,1,1.0,1,1.0,1,0.2781479591177885,47
1140,2,1782,894,888,0,0,0,1.0,1,1.0,1,1.0,1,0.2653370028171218,46
1141,3,1785,894,891,0,0,0,1.0,1,1.0,1,1.0,1,0.2036548787517615,45
1142,0,1785,894,891,0,0,0,1.0,1,1.0,1,1.0,1,0.2036548787517615,45
1143,3,1788,896,892,0,0,0,1.0,1,1.0,1,1.0,1,0.20274860393853175,43
1144,4,1792,899,893,0,0,0,1.0,1,1.0,1,1.0,1,0.1651755398746622,45
1145,2,1794,901,893,0,0,0,1.0,1,1.0,1,1.0,1,0.19947962952409387,44
1146,3,1797,902,895,0,0,0,1.0,1,1.0,1,1.0,1,0.199714037013721,45
1147,3,1800,904,896,0,0,0,1.0,1,1.0,1,1.0,1,0.2141320193502255,44
1148,4,1804,907,897,0,0,0,1.0,1,1.0,1,1.0,1,0.2320584775271322,43
1149,5,1809,908,901,0,0,0,1.0,1,1.0,1,1.0,1,0.20256204335540537,42
1150,4,1813,909,904,0,0,0,1.0,1,1.0,1,1.0,1,0.17637162071764212,45
1151,2,1815,910,905,0,0,0,1.0,1,1.0,1,1.0,1,0.20822619034902784,40
1152,1,1816,911,905,0,0,0,1.0,1,1.0,1,1.0,1,0.20798668261578426,41
1153,2,1818,912,906,0,0,0,1.0,1,1.0,1,1.0,1,0.21182342767949178,38
1154,1,1819,913,906,0,0,0,1.0,1,1.0,1,1.0,1,0.18910774943075528,37
1155,1,1820,914,906,0,0,0,1.0,1,1.0,1,1.0,1,0.2057879103005652,38
1156,0,1820,914,906,0,0,0,1.0,1,1.0,1,1.0,1,0.23803303693096556,38
1157,0,1820,914,906,0,0,0,1.0,1,1.0,1,1.0,1,0.25524328482986974,37
1158,1,1821,914,907,0,0,0,1.0,1,1.0,1,1.0,1,0.2479938801680516,36
1159,0,1821,914,907,0,0,0,1.0,1,1.0,1,1.0,1,0.24500259150291728,35
1160,0,1821,914,907,0,0,0,1.0,1,1.0,1,1.0,1,0.24500259150291728,35
1161,0,1821,914,907,0,0,0,1.0,1,1.0,1,1.0,1,0.2488482921426514,36
1162,0,1821,914,907,0,0,0,1.0,1,1.0,1,1.0,1,0.2533481928807874,37
1163,0,1821,914,907,0,0,0,1.0,1,1.0,1,1.0,1,0.2533481928807874,37
1164,0,1821,914,907,0,0,0,1.0,1,1.0,1,1.0,1,0.24086321463889504,38
1165,2,1823,915,908,0,0,0,1.0,1,1.0,1,1.0,1,0.25448615157261356,38
1166,0,1823,915,908,0,0,0,1.0,1,1.0,1,1.0,1,0.26465257738988285,40
1167,4,1827,917,910,0,0,0,1.0,1,1.0,1,1.0,1,0.27356609241531055,40
1168,3,1830,918,912,0,0,0,1.0,1,1.0,1,1.0,1,0.22967122870276016,40
1169,0,1830,918,912,0,0,0,1.0,1,1.0,1,1.0,1,0.2367703683822548,41
1170,2,1832,920,912,0,0,0,1.0,1,1.0,1,1.0,1,0.22998259710860494,41
1171,3,1835,921,914,0,0,0,1.0,1,1.0,1,1.0,1,0.22506680792545453,43
1172,2,1837,922,915,0,0,0,1.0,1,1.0,1,1.0,1,0.2217486955024485,43
1173,0,1837,922,915,0,0,0,1.0,1,1.0,1,1.0,1,0.2217486955024485,43
1174,0,1837,922,915,0,0,0,1.0,1,1.0,1,1.0,1,0.2217486955024485,43
1175,0,1837,922,915,0,0,0,1.0,1,1.0,1,1.0,1,0.23555766834219133,44
1176,3,1840,923,917,0,0,0,1.0,1,1.0,1,1.0,1,0.18639471522377105,45
1177,2,1842,924,918,0,0,0,1.0,1,1.0,1,1.0,1,0.19030804617403904,45
1178,0,1842,924,918,0,0,0,1.0,1,1.0,1,1.0,1,0.19030804617403904,45
1179,1,1843,925,918,0,0,0,1.0,1,1.0,1,1.0,1,0.247168853565296,46
1180,0,1843,925,918,0,0,0,1.0,1,1.0,1,1.0,1,0.23117690073571176,47
1181,1,1844,925,919,0,0,0,1.0,1,1.0,1,1.0,1,0.21870873489687695,48
1182,1,1845,926,919,0,0,0,1.0,1,1.0,1,1.0,1,0.22998206543405877,48
1183,2,1847,927,920,0,0,0,1.0,1,1.0,1,1.0,1,0.25393760336331445,46
1184,3,1850,930,920,0,0,0,1.0,1,1.0,1,1.0,1,0.26284167525934315,47
1185,2,1852,931,921,0,0,0,1.0,1,1.0,1,1.0,1,0.27963330485746785,44
1186,2,1854,931,923,0,0,0,1.0,1,1.0,1,1.0,1,0.28397513759305065,47
1187,1,1855,931,924,0,0,0,1.0,1,1.0,1,1.0,1,0.27666588549915055,49
1188,0,1855,931,924,0,0,0,1.0,1,1.0,1,1.0,1,0.27725724400740154,50
1189,0,1855,931,924,0,0,0,1.0,1,1.0,1,1.0,1,0.27286255404436716,48
1190,1,1856,932,924,0,0,0,1.0,1,1.0,1,1.0,1,0.30116717291805783,48
1191,0,1856,932,924,0,0,0,1.0,1,1.0,1,1.0,1,0.2730529168987699,46
1192,2,1858,932,926,0,0,0,1.0,1,1.0,1,1.0,1,0.24921758837488667,46
1193,0,1858,932,926,0,0,0,1.0,1,1.0,1,1.0,1,0.27357775816994867,45
1194,1,1859,932,927,0,0,0,1.0,1,1.0,1,1.0,1,0.2545188231229442,45
1195,3,1862,933,929,0,0,0,1.0,1,1.0,1,1.0,1,0.26532796602610254,47
1196,3,1865,934,931,0,0,0,1.0,1,1.0,1,1.0,1,0.2387239770539189,48
1197,0,1865,934,931,0,0,0,1.0,1,1.0,1,1.0,1,0.2373614603417066,49
1198,2,1867,936,931,0,0,0,1.0,1,1.0,1,1.0,1,0.2265403942680289,49
1199,1,1868,936,932,0,0,0,1.0,1,1.0,1,1.0,1,0.2226224897738367,50
1200,1,1869,937,932,0,0,0,1.0,1,1.0,1,1.0,1,0.228248255318667,50
1201,0,1869,937,932,0,0,0,1.0,1,1.0,1,1.0,1,0.228248255318667,50
1202,1,1870,938,932,0,0,0,1.0,1,1.0,1,1.0,1,0.2391937237403707,51
1203,0,1870,938,932,0,0,0,1.0,1,1.0,1,1.0,1,0.22876443810931066,52
1204,0,1870,938,932,0,0,0,1.0,1,1.0,1,1.0,1,0.22876443810931066,52
1205,2,1872,938,934,0,0,0,1.0,1,1.0,1,1.0,1,0.22295955504948772,53
1206,0,1872,938,934,0,0,0,1.0,1,1.0,1,1.0,1,0.22295955504948772,53
1207,1,1873,938,935,0,0,0,1.0,1,1.0,1,1.0,1,0.21347949072053263,55
1208,1,1874,938,936,0,0,0,1.0,1,1.0,1,1.0,1,0.21236238675381144,56
1209,0,1874,938,936,0,0,0,1.0,1,1.0,1,1.0,1,0.221522080125583,55
1210,3,1877,939,938,0,0,0,1.0,1,1.0,1,1.0,1,0.1769468071835656,55
1211,0,1877,939,938,0,0,0,1.0,1,1.0,1,1.0,1,0.1773992612866319,57
1212,1,1878,940,938,0,0,0,1.0,1,1.0,1,1.0,1,0.17523533005310613,57
1213,0,1878,940,938,0,0,0,1.0,1,1.0,1,1.0,1,0.17523533005310613,57
1214,7,1885,943,942,0,0,0,1.0,1,1.0,1,1.0,1,0.192358451209424,57
1215,3,1888,943,945,0,0,0,1.0,1,1.0,1,1.0,1,0.16983283412200748,59
1216,0,1888,943,945,0,0,0,1.0,1,1.0,1,1.0,1,0.17931436128204292,61
1217,0,1888,943,945,0,0,0,1.0,1,1.0,1,1.0,1,0.17931436128204292,61
1218,1,1889,944,945,0,0,0,1.0,1,1.0,1,1.0,1,0.2107040495641186,61
1219,2,1891,945,946,0,0,0,1.0,1,1.0,1,1.0,1,0.20466691302667017,61
1220,2,1893,946,947,0,0,0,1.0,1,1.0,1,1.0,1,0.20586678932052507,60
1221,1,1894,946,948,0,0,0,1.0,1,1.0,1,1.0,1,0.21861338397305602,61
1222,2,1896,946,950,0,0,0,1.0,1,1.0,1,1.0,1,0.18691574519407833,61
1223,1,1897,947,950,0,0,0,1.0,1,1.0,1,1.0,1,0.20664364062195884,59
1224,3,1900,950,950,0,0,0,1.0,1,1.0,1,1.0,1,0.21113343784838154,60
1225,6,1906,951,955,0,0,0,1.0,1,1.0,1,1.0,1,0.16737418163059514,60
1226,4,1910,953,957,0,0,0,1.0,1,1.0,1,1.0,1,0.16697263140837404,61
1227,3,1913,955,958,0,0,0,1.0,1,1.0,1,1.0,1,0.17524798770462074,59
1228,1,1914,955,959,0,0,0,1.0,1,1.0,1,1.0,1,0.17111257934160343,58
1229,2,1916,956,960,0,0,0,1.0,1,1.0,1,1.0,1,0.17404865163465572,57
1230,3,1919,957,962,0,0,0,1.0,1,1.0,1,1.0,1,0.16198051508890376,55
1231,4,1923,959,964,0,0,0,1.0,1,1.0,1,1.0,1,0.19529319467466769,54
1232,3,1926,961,965,0,0,0,1.0,1,1.0,1,1.0,1,0.1957991283924661,51
1233,2,1928,963,965,0,0,0,1.0,1,1.0,1,1.0,1,0.22274405201088612,49
1234,6,1934,966,968,0,0,0,1.0,1,1.0,1,1.0,1,0.26539713693610933,49
1235,1,1935,966,969,0,0,0,1.0,1,1.0,1,1.0,1,0.25281369690110006,48
1236,3,1938,966,972,0,0,0,1.0,1,1.0,1,1.0,1,0.21669099073643205,49
1237,1,1939,967,972,0,0,0,1.0,1,1.0,1,1.0,1,0.2468572109354282,48
1238,2,1941,967,974,0,0,0,1.0,1,1.0,1,1.0,1,0.2227694359540082,47
1239,1,1942,967,975,0,0,0,1.0,1,1.0,1,1.0,1,0.2012774772623126,48
1240,0,1942,967,975,0,0,0,1.0,1,1.0,1,1.0,1,0.21214880410741463,49
1241,2,1944,968,976,0,0,0,1.0,1,1.0,1,1.0,1,0.2024408327889391,49
1242,2,1946,968,978,0,0,0,1.0,1,1.0,1,1.0,1,0.16039568475789046,49
1243,0,1946,968,978,0,0,0,1.0,1,1.0,1,1.0,1,0.16175269725653593,50
1244,1,1947,969,978,0,0,0,1.0,1,1.0,1,1.0,1,0.22431851306954853,50
1245,1,1948,969,979,0,0,0,1.0,1,1.0,1,1.0,1,0.21288922533961444,51
1246,2,1950,970,980,0,0,0,1.0,1,1.0,1,1.0,1,0.25460226929686075,52
1247,0,1950,970,980,0,0,0,1.0,1,1.0,1,1.0,1,0.25460226929686075,52
1248,1,1951,970,981,0,0,0,1.0,1,1.0,1,1.0,1,0.2492571466603426,51
1249,2,1953,970,983,0,0,0,1.0,1,1.0,1,1.0,1,0.20992871508521535,51
1250,0,1953,970,983,0,0,0,1.0,1,1.0,1,1.0,1,0.20992871508521535,51
1251,1,1954,970,984,0,0,0,1.0,1,1.0,1,1.0,1,0.20002832945841428,53
1252,2,1956,972,984,0,0,0,1.0,1,1.0,1,1.0,1,0.19645871317829858,52
1253,1,1957,972,985,0,0,0,1.0,1,1.0,1,1.0,1,0.18158058134137942,52
1254,0,1957,972,985,0,0,0,1.0,1,1.0,1,1.0,1,0.16791075227092464,53
1255,3,1960,973,987,0,0,0,1.0,1,1.0,1,1.0,1,0.17290463223790137,55
1256,1,1961,973,988,0,0,0,1.0,1,1.0,1,1.0,1,0.16432470069777877,55
1257,1,1962,974,988,0,0,0,1.0,1,1.0,1,1.0,1,0.20403889382440643,57
1258,1,1963,974,989,0,0,0,1.0,1,1.0,1,1.0,1,0.1906347670683941,57
1259,0,1963,974,989,0,0,0,1.0,1,1.0,1,1.0,1,0.1906347670683941,57
1260,1,1964,975,989,0,0,0,1.0,1,1.0,1,1.0,1,0.20864202269864573,56
1261,1,1965,975,990,0,0,0,1.0,1,1.0,1,1.0,1,0.20136765034145881,57
1262,3,1968,976,992,0,0,0,1.0,1,1.0,1,1.0,1,0.19840989024862063,58
1263,5,1973,978,995,0,0,0,1.0,1,1.0,1,1.0,1,0.17984332775467146,58
1264,2,1975,978,997,0,0,0,1.0,1,1.0,1,1.0,1,0.1440829601660486,57
1265,5,1980,981,999,0,0,0,1.0,1,1.0,1,1.0,1,0.18110793199042127,56
1266,5,1985,984,1001,0,0,0,1.0,1,1.0,1,1.0,1,0.2233403125703747,55
1267,1,1986,985,1001,0,0,0,1.0,1,1.0,1,1.0,1,0.22421799599640266,53
1268,3,1989,987,1002,0,0,0,1.0,1,1.0,1,1.0,1,0.2536645033161812,52
1269,4,1993,988,1005,0,0,0,1.0,1,1.0,1,1.0,1,0.21546400094178053,51
1270,0,1993,988,1005,0,0,0,1.0,1,1.0,1,1.0,1,0.19627941461982426,47
1271,1,1994,989,1005,0,0,0,1.0,1,1.0,1,1.0,1,0.21406798384851006,46
1272,2,1996,989,1007,0,0,0,1.0,1,1.0,1,1.0,1,0.15693531401754146,43
1273,2,1998,991,1007,0,0,0,1.0,1,1.0,1,1.0,1,0.1753103727353009,44
1274,3,2001,993,1008,0,0,0,1.0,1,1.0,1,1.0,1,0.23570565759266496,44
1275,1,2002,993,1009,0,0,0,1.0,1,1.0,1,1.0,1,0.21263905303932584,45
1276,1,2003,993,1010,0,0,0,1.0,1,1.0,1,1.0,1,0.1941981199609411,43
1277,2,2005,995,1010,0,0,0,1.0,1,1.0,1,1.0,1,0.21001323029138466,44
1278,4,2009,998,1011,0,0,0,1.0,1,1.0,1,1.0,1,0.2216058456518092,45
1279,2,2011,999,1012,0,0,0,1.0,1,1.0,1,1.0,1,0.20598482858182,47
1280,0,2011,999,1012,0,0,0,1.0,1,1.0,1,1.0,1,0.20598482858182,47
1281,1,2012,999,1013,0,0,0,1.0,1,1.0,1,1.0,1,0.1873373149633326,47
1282,1,2013,1000,1013,0,0,0,1.0,1,1.0,1,1.0,1,0.20133248921902716,46
1283,1,2014,1001,1013,0,0,0,1.0,1,1.0,1,1.0,1,0.208369629066375,46
1284,0,2014,1001,1013,0,0,0,1.0,1,1.0,1,1.0,1,0.208369629066375,46
1285,2,2016,1001,1015,0,0,0,1.0,1,1.0,1,1.0,1,0.20667781088161163,46
1286,0,2016,1001,1015,0,0,0,1.0,1,1.0,1,1.0,1,0.2062595239902625,45
1287,4,2020,1001,1019,0,0,0,1.0,1,1.0,1,1.0,1,0.18837732614267283,49
1288,1,2021,1001,1020,0,0,0,1.0,1,1.0,1,1.0,1,0.15298194310471142,49
1289,0,2021,1001,1020,0,0,0,1.0,1,1.0,1,1.0,1,0.15526582788990406,52
1290,0,2021,1001,1020,0,0,0,1.0,1,1.0,1,1.0,1,0.15526582788990406,52
1291,0,2021,1001,1020,0,0,0,1.0,1,1.0,1,1.0,1,0.15526582788990406,52
1292,0,2021,1001,1020,0,0,0,1.0,1,1.0,1,1.0,1,0.15582367672810704,53
1293,0,2021,1001,1020,0,0,0,1.0,1,1.0,1,1.0,1,0.15582367672810704,53
1294,1,2022,1002,1020,0,0,0,1.0,1,1.0,1,1.0,1,0.1530695293463777,53
1295,2,2024,1003,1021,0,0,0,1.0,1,1.0,1,1.0,1,0.1629801004426676,54
1296,1,2025,1003,1022,0,0,0,1.0,1,1.0,1,1.0,1,0.15040240691521686,55
1297,0,2025,1003,1022,0,0,0,1.0,1,1.0,1,1.0,1,0.17133226622999728,54
1298,0,2025,1003,1022,0,0,0,1.0,1,1.0,1,1.0,1,0.18438865490736348,55
1299,4,2029,1004,1025,0,0,0,1.0,1,1.0,1,1.0,1,0.17839850873412746,54
1300,4,2033,1004,1029,0,0,0,1.0,1,1.0,1,1.0,1,0.14084099256355098,55
1301,4,2037,1007,1030,0,0,0,1.0,1,1.0,1,1.0,1,0.17934405353935914,54
1302,5,2042,1009,1033,0,0,0,1.0,1,1.0,1,1.0,1,0.15513352030817565,54
1303,3,2045,1011,1034,0,0,0,1.0,1,1.0,1,1.0,1,0.2240290523471515,50
1304,6,2051,1016,1035,0,0,0,1.0,1,1.0,1,1.0,1,0.2289390869249719,51
1305,1,2052,1017,1035,0,0,0,1.0,1,1.0,1,1.0,1,0.2386647637546698,48
1306,5,2057,1021,1036,0,0,0,1.0,1,1.0,1,1.0,1,0.32224442956429744,48
1307,3,2060,1022,1038,0,0,0,1.0,1,1.0,1,1.0,1,0.22660882701085566,48
1308,2,2062,1023,1039,0,0,0,1.0,1,1.0,1,1.0,1,0.22094225055658465,46
1309,3,2065,1025,1040,0,0,0,1.0,1,1.0,1,1.0,1,0.23400460499938375,47
1310,1,2066,1025,1041,0,0,0,1.0,1,1.0,1,1.0,1,0.1986724696981906,46
1311,2,2068,1027,1041,0,0,0,1.0,1,1.0,1,1.0,1,0.2540756270432946,46
1312,1,2069,1028,1041,0,0,0,1.0,1,1.0,1,1.0,1,0.2700988794173821,45
1313,1,2070,1028,1042,0,0,0,1.0,1,1.0,1,1.0,1,0.27960416976897684,44
1314,0,2070,1028,1042,0,0,0,1.0,1,1.0,1,1.0,1,0.2804981194335788,42
1315,0,2070,1028,1042,0,0,0,1.0,1,1.0,1,1.0,1,0.3370563669346686,40
1316,0,2070,1028,1042,0,0,0,1.0,1,1.0,1,1.0,1,0.3123830057707318,42
1317,0,2070,1028,1042,0,0,0,1.0,1,1.0,1,1.0,1,0.3127532739602333,42
1318,1,2071,1028,1043,0,0,0,1.0,1,1.0,1,1.0,1,0.2756843099590387,42
1319,1,2072,1029,1043,0,0,0,1.0,1,1.0,1,1.0,1,0.26883950600871465,42
1320,1,2073,1029,1044,0,0,0,1.0,1,1.0,1,1.0,1,0.2637805030193438,42
1321,0,2073,1029,1044,0,0,0,1.0,1,1.0,1,1.0,1,0.25388054300707075,45
1322,1,2074,1029,1045,0,0,0,1.0,1,1.0,1,1.0,1,0.23838497726646746,45
1323,1,2075,1030,1045,0,0,0,1.0,1,1.0,1,1.0,1,0.24899086748552962,46
1324,2,2077,1030,1047,0,0,0,1.0,1,1.0,1,1.0,1,0.23080337242984,45
1325,3,2080,1031,1049,0,0,0,1.0,1,1.0,1,1.0,1,0.2201293557995893,46
1326,1,2081,1032,1049,0,0,0,1.0,1,1.0,1,1.0,1,0.24466028375410737,45
1327,0,2081,1032,1049,0,0,0,1.0,1,1.0,1,1.0,1,0.2709605915070437,46
1328,1,2082,1032,1050,0,0,0,1.0,1,1.0,1,1.0,1,0.23835330179866543,47
1329,1,2083,1033,1050,0,0,0,1.0,1,1.0,1,1.0,1,0.2512246186835862,47
1330,0,2083,1033,1050,0,0,0,1.0,1,1.0,1,1.0,1,0.2706280786448566,46
1331,3,2086,1035,1051,0,0,0,1.0,1,1.0,1,1.0,1,0.24383100912652045,46
1332,2,2088,1036,1052,0,0,0,1.0,1,1.0,1,1.0,1,0.2611986079642991,49
1333,0,2088,1036,1052,0,0,0,1.0,1,1.0,1,1.0,1,0.276708676566128,50
1334,1,2089,1036,1053,0,0,0,1.0,1,1.0,1,1.0,1,0.25598514934354427,50
1335,2,2091,1037,1054,0,0,0,1.0,1,1.0,1,1.0,1,0.27613209004792927,52
1336,1,2092,1037,1055,0,0,0,1.0,1,1.0,1,1.0,1,0.256166857150425,53
1337,5,2097,1039,1058,0,0,0,1.0,1,1.0,1,1.0,1,0.278355481368798,54
1338,3,2100,1041,1059,0,0,0,1.0,1,1.0,1,1.0,1,0.28438844130205476,54
1339,3,2103,1042,1061,0,0,0,1.0,1,1.0,1,1.0,1,0.2593141375501221,54
1340,1,2104,1042,1062,0,0,0,1.0,1,1.0,1,1.0,1,0.23180911509214372,53
1341,0,2104,1042,1062,0,0,0,1.0,1,1.0,1,1.0,1,0.2446008956981119,53
1342,2,2106,1044,1062,0,0,0,1.0,1,1.0,1,1.0,1,0.2693772064031516,52
1343,1,2107,1045,1062,0,0,0,1.0,1,1.0,1,1.0,1,0.26974753011693436,50
1344,5,2112,1047,1065,0,0,0,1.0,1,1.0,1,1.0,1,0.2825839348743605,51
1345,2,2114,1047,1067,0,0,0,1.0,1,1.0,1,1.0,1,0.25750985405009846,50
1346,3,2117,1050,1067,0,0,0,1.0,1,1.0,1,1.0,1,0.278034506784673,50
1347,1,2118,1050,1068,0,0,0,1.0,1,1.0,1,1.0,1,0.2519276127079416,48
1348,2,2120,1050,1070,0,0,0,1.0,1,1.0,1,1.0,1,0.22792978196211983,49
1349,0,2120,1050,1070,0,0,0,1.0,1,1.0,1,1.0,1,0.21486709180261335,48
1350,1,2121,1050,1071,0,0,0,1.0,1,1.0,1,1.0,1,0.21725493941712748,49
1351,0,2121,1050,1071,0,0,0,1.0,1,1.0,1,1.0,1,0.20589701054978884,48
1352,2,2123,1051,1072,0,0,0,1.0,1,1.0,1,1.0,1,0.18726098095928714,49
1353,0,2123,1051,1072,0,0,0,1.0,1,1.0,1,1.0,1,0.1967393438839928,49
1354,1,2124,1052,1072,0,0,0,1.0,1,1.0,1,1.0,1,0.2223796609413292,49
1355,2,2126,1052,1074,0,0,0,1.0,1,1.0,1,1.0,1,0.1815022174587362,50
1356,2,2128,1053,1075,0,0,0,1.0,1,1.0,1,1.0,1,0.186405924014454,50
1357,5,2133,1057,1076,0,0,0,1.0,1,1.0,1,1.0,1,0.21983906032916975,50
1358,3,2136,1058,1078,0,0,0,1.0,1,1.0,1,1.0,1,0.22867473303567987,51
1359,3,2139,1059,1080,0,0,0,1.0,1,1.0,1,1.0,1,0.2402412524036565,53
1360,1,2140,1059,1081,0,0,0,1.0,1,1.0,1,1.0,1,0.22312960204234583,54
1361,2,2142,1059,1083,0,0,0,1.0,1,1.0,1,1.0,1,0.19278535664801422,54
1362,2,2144,1060,1084,0,0,0,1.0,1,1.0,1,1.0,1,0.1678028238042659,55
1363,1,2145,1060,1085,0,0,0,1.0,1,1.0,1,1.0,1,0.1581230492950289,55
1364,0,2145,1060,1085,0,0,0,1.0,1,1.0,1,1.0,1,0.17046542765042266,55
1365,2,2147,1061,1086,0,0,0,1.0,1,1.0,1,1.0,1,0.18616834880816208,56
1366,2,2149,1061,1088,0,0,0,1.0,1,1.0,1,1.0,1,0.1634752121045266,56
1367,0,2149,1061,1088,0,0,0,1.0,1,1.0,1,1.0,1,0.1634752121045266,56
1368,2,2151,1061,1090,0,0,0,1.0,1,1.0,1,1.0,1,0.14068852252845093,58
1369,0,2151,1061,1090,0,0,0,1.0,1,1.0,1,1.0,1,0.1427470953107874,59
1370,1,2152,1062,1090,0,0,0,1.0,1,1.0,1,1.0,1,0.15203106662594143,59
1371,1,2153,1062,1091,0,0,0,1.0,1,1.0,1,1.0,1,0.14199999682926512,59
1372,3,2156,1064,1092,0,0,0,1.0,1,1.0,1,1.0,1,0.1531864142956917,59
1373,1,2157,1064,1093,0,0,0,1.0,1,1.0,1,1.0,1,0.1503439690555485,59
1374,4,2161,1067,1094,0,0,0,1.0,1,1.0,1,1.0,1,0.15576908652583935,60
1375,2,2163,1067,1096,0,0,0,1.0,1,1.0,1,1.0,1,0.12487640453488692,61
1376,1,2164,1067,1097,0,0,0,1.0,1,1.0,1,1.0,1,0.13383751251592588,61
1377,3,2167,1069,1098,0,0,0,1.0,1,1.0,1,1.0,1,0.15529976191241773,61
1378,1,2168,1070,1098,0,0,0,1.0,1,1.0,1,1.0,1,0.20933919159368694,61
1379,1,2169,1071,1098,0,0,0,1.0,1,1.0,1,1.0,1,0.20811201798905113,60
1380,5,2174,1072,1102,0,0,0,1.0,1,1.0,1,1.0,1,0.18407196130611184,60
1381,1,2175,1072,1103,0,0,0,1.0,1,1.0,1,1.0,1,0.18119850733446052,58
1382,3,2178,1075,1103,0,0,0,1.0,1,1.0,1,1.0,1,0.21112181447036538,58
1383,4,2182,1078,1104,0,0,0,1.0,1,1.0,1,1.0,1,0.19213136579405043,57
1384,3,2185,1081,1104,0,0,0,1.0,1,1.0,1,1.0,1,0.21522166828837253,54
1385,4,2189,1082,1107,0,0,0,1.0,1,1.0,1,1.0,1,0.17737410999794748,52
1386,2,2191,1083,1108,0,0,0,1.0,1,1.0,1,1.0,1,0.17334360897945209,51
1387,3,2194,1084,1110,0,0,0,1.0,1,1.0,1,1.0,1,0.17335566721678863,51
1388,2,2196,1086,1110,0,0,0,1.0,1,1.0,1,1.0,1,0.17872512123296042,52
1389,0,2196,1086,1110,0,0,0,1.0,1,1.0,1,1.0,1,0.21279070291584987,50
1390,0,2196,1086,1110,0,0,0,1.0,1,1.0,1,1.0,1,0.19885472875336055,51
1391,0,2196,1086,1110,0,0,0,1.0,1,1.0,1,1.0,1,0.21553471980115627,50
1392,3,2199,1087,1112,0,0,0,1.0,1,1.0,1,1.0,1,0.1889383697560413,50
1393,1,2200,1087,1113,0,0,0,1.0,1,1.0,1,1.0,1,0.18654409952390752,49
1394,3,2203,1089,1114,0,0,0,1.0,1,1.0,1,1.0,1,0.21575030126432815,50
1395,2,2205,1089,1116,0,0,0,1.0,1,1.0,1,1.0,1,0.17487073368832456,51
1396,3,2208,1089,1119,0,0,0,1.0,1,1.0,1,1.0,1,0.16258748406626505,52
1397,0,2208,1089,1119,0,0,0,1.0,1,1.0,1,1.0,1,0.16258748406626505,52
1398,0,2208,1089,1119,0,0,0,1.0,1,1.0,1,1.0,1,0.15861673573036258,53
1399,2,2210,1090,1120,0,0,0,1.0,1,1.0,1,1.0,1,0.16370650342364637,54
1400,1,2211,1091,1120,0,0,0,1.0,1,1.0,1,1.0,1,0.17913943178212013,54
1401,2,2213,1093,1120,0,0,0,1.0,1,1.0,1,1.0,1,0.17085972126748578,54
1402,2,2215,1095,1120,0,0,0,1.0,1,1.0,1,1.0,1,0.19048399457170834,53
1403,0,2215,1095,1120,0,0,0,1.0,1,1.0,1,1.0,1,0.20854558300312417,52
1404,0,2215,1095,1120,0,0,0,1.0,1,1.0,1,1.0,1,0.21689095552204823,53
1405,3,2218,1096,1122,0,0,0,1.0,1,1.0,1,1.0,1,0.26140947728559794,52
1406,2,2220,1096,1124,0,0,0,1.0,1,1.0,1,1.0,1,0.22827107198761068,53
1407,0,2220,1096,1124,0,0,0,1.0,1,1.0,1,1.0,1,0.23780556037390013,54
1408,0,2220,1096,1124,0,0,0,1.0,1,1.0,1,1.0,1,0.2580261253826532,53
1409,0,2220,1096,1124,0,0,0,1.0,1,1.0,1,1.0,1,0.2523637812891609,55
1410,1,2221,1096,1125,0,0,0,1.0,1,1.0,1,1.0,1,0.24687064208172202,54
1411,1,2222,1096,1126,0,0,0,1.0,1,1.0,1,1.0,1,0.23987945138551942,54
1412,0,2222,1096,1126,0,0,0,1.0,1,1.0,1,1.0,1,0.24270374948034037,53
1413,0,2222,1096,1126,0,0,0,1.0,1,1.0,1,1.0,1,0.23749575193615707,54
1414,1,2223,1096,1127,0,0,0,1.0,1,1.0,1,1.0,1,0.24213603341210063,55
1415,3,2226,1097,1129,0,0,0,1.0,1,1.0,1,1.0,1,0.20600981167994978,57
1416,6,2232,1098,1134,0,0,0,1.0,1,1.0,1,1.0,1,0.19586514925664422,59
1417,0,2232,1098,1134,0,0,0,1.0,1,1.0,1,1.0,1,0.18466037983410707,58
1418,1,2233,1099,1134,0,0,0,1.0,1,1.0,1,1.0,1,0.1871529625522174,57
1419,1,2234,1100,1134,0,0,0,1.0,1,1.0,1,1.0,1,0.21032751457421686,56
1420,3,2237,1100,1137,0,0,0,1.0,1,1.0,1,1.0,1,0.2108327906250835,54
1421,2,2239,1101,1138,0,0,0,1.0,1,1.0,1,1.0,1,0.20747223927016062,55
1422,0,2239,1101,1138,0,0,0,1.0,1,1.0,1,1.0,1,0.19279443140836727,52
1423,3,2242,1103,1139,0,0,0,1.0,1,1.0,1,1.0,1,0.2236961824662521,52
1424,5,2247,1106,1141,0,0,0,1.0,1,1.0,1,1.0,1,0.22067513177285092,51
1425,1,2248,1106,1142,0,0,0,1.0,1,1.0,1,1.0,1,0.19813934790834806,50
1426,3,2251,1108,1143,0,0,0,1.0,1,1.0,1,1.0,1,0.22071322945014227,50
1427,1,2252,1108,1144,0,0,0,1.0,1,1.0,1,1.0,1,0.20600921353569354,48
1428,5,2257,1111,1146,0,0,0,1.0,1,1.0,1,1.0,1,0.22110236768418118,48
1429,1,2258,1111,1147,0,0,0,1.0,1,1.0,1,1.0,1,0.2118188838049994,48
1430,1,2259,1112,1147,0,0,0,1.0,1,1.0,1,1.0,1,0.22156275786881408,48
1431,1,2260,1112,1148,0,0,0,1.0,1,1.0,1,1.0,1,0.20589880107592254,48
1432,2,2262,1112,1150,0,0,0,1.0,1,1.0,1,1.0,1,0.15697868165584297,50
1433,2,2264,1113,1151,0,0,0,1.0,1,1.0,1,1.0,1,0.17703507377878103,51
1434,1,2265,1114,1151,0,0,0,1.0,1,1.0,1,1.0,1,0.1652597403581995,51
1435,3,2268,1116,1152,0,0,0,1.0,1,1.0,1,1.0,1,0.17467185038892055,50
1436,3,2271,1117,1154,0,0,0,1.0,1,1.0,1,1.0,1,0.17118199039459853,51
1437,0,2271,1117,1154,0,0,0,1.0,1,1.0,1,1.0,1,0.17118199039459853,51
1438,1,2272,1118,1154,0,0,0,1.0,1,1.0,1,1.0,1,0.18839412831020266,51
1439,3,2275,1121,1154,0,0,0,1.0,1,1.0,1,1.0,1,0.22156740805119682,50
1440,2,2277,1122,1155,0,0,0,1.0,1,1.0,1,1.0,1,0.2540476930254301,51
1441,0,2277,1122,1155,0,0,0,1.0,1,1.0,1,1.0,1,0.2540476930254301,51
1442,5,2282,1123,1159,0,0,0,1.0,1,1.0,1,1.0,1,0.22108445999359433,52
1443,2,2284,1123,1161,0,0,0,1.0,1,1.0,1,1.0,1,0.22070495978451493,53
1444,3,2287,1124,1163,0,0,0,1.0,1,1.0,1,1.0,1,0.19807413531259616,54
1445,1,2288,1124,1164,0,0,0,1.0,1,1.0,1,1.0,1,0.1853657432608869,54
1446,2,2290,1124,1166,0,0,0,1.0,1,1.0,1,1.0,1,0.17070871884586417,54
1447,0,2290,1124,1166,0,0,0,1.0,1,1.0,1,1.0,1,0.15947726229242004,55
1448,1,2291,1124,1167,0,0,0,1.0,1,1.0,1,1.0,1,0.1410757546728551,55
1449,1,2292,1125,1167,0,0,0,1.0,1,1.0,1,1.0,1,0.1497879870689416,55
1450,0,2292,1125,1167,0,0,0,1.0,1,1.0,1,1.0,1,0.1497602419286885,57
1451,0,2292,1125,1167,0,0,0,1.0,1,1.0,1,1.0,1,0.1497602419286885,57
1452,0,2292,1125,1167,0,0,0,1.0,1,1.0,1,1.0,1,0.1497602419286885,57
1453,1,2293,1126,1167,0,0,0,1.0,1,1.0,1,1.0,1,0.17007970393971242,57
1454,3,2296,1127,1169,0,0,0,1.0,1,1.0,1,1.0,1,0.17760470342046503,58
1455,2,2298,1128,1170,0,0,0,1.0,1,1.0,1,1.0,1,0.1677879213156268,56
1456,2,2300,1130,1170,0,0,0,1.0,1,1.0,1,1.0,1,0.17166411315222685,55
1457,0,2300,1130,1170,0,0,0,1.0,1,1.0,1,1.0,1,0.1942076255711657,54
1458,4,2304,1132,1172,0,0,0,1.0,1,1.0,1,1.0,1,0.16635154282643666,53
1459,2,2306,1132,1174,0,0,0,1.0,1,1.0,1,1.0,1,0.13178370208217924,52
1460,1,2307,1133,1174,0,0,0,1.0,1,1.0,1,1.0,1,0.13407361679928703,51
1461,3,2310,1136,1174,0,0,0,1.0,1,1.0,1,1.0,1,0.14653466639988086,51
1462,4,2314,1139,1175,0,0,0,1.0,1,1.0,1,1.0,1,0.13788388750651145,51
1463,4,2318,1142,1176,0,0,0,1.0,1,1.0,1,1.0,1,0.19341185825881696,52
1464,5,2323,1144,1179,0,0,0,1.0,1,1.0,1,1.0,1,0.17020369221316098,52
1465,1,2324,1145,1179,0,0,0,1.0,1,1.0,1,1.0,1,0.1862218746279846,51
1466,4,2328,1148,1180,0,0,0,1.0,1,1.0,1,1.0,1,0.19993118504926458,50
1467,1,2329,1149,1180,0,0,0,1.0,1,1.0,1,1.0,1,0.22658942482213673,48
1468,3,2332,1152,1180,0,0,0,1.0,1,1.0,1,1.0,1,0.2078441974483598,48
1469,4,2336,1153,1183,0,0,0,1.0,1,1.0,1,1.0,1,0.18811179411894174,48
1470,2,2338,1154,1184,0,0,0,1.0,1,1.0,1,1.0,1,0.16773378981852247,48
1471,5,2343,1157,1186,0,0,0,1.0,1,1.0,1,1.0,1,0.16937328521014666,45
1472,1,2344,1157,1187,0,0,0,1.0,1,1.0,1,1.0,1,0.1486739792037456,45
1473,1,2345,1157,1188,0,0,0,1.0,1,1.0,1,1.0,1,0.13257017449814926,46
1474,0,2345,1157,1188,0,0,0,1.0,1,1.0,1,1.0,1,0.15552207615220429,46
1475,1,2346,1158,1188,0,0,0,1.0,1,1.0,1,1.0,1,0.1333839126526301,46
1476,1,2347,1158,1189,0,0,0,1.0,1,1.0,1,1.0,1,0.14064803900564712,47
1477,0,2347,1158,1189,0,0,0,1.0,1,1.0,1,1.0,1,0.14064803900564712,47
1478,2,2349,1158,1191,0,0,0,1.0,1,1.0,1,1.0,1,0.14842259355639925,47
1479,0,2349,1158,1191,0,0,0,1.0,1,1.0,1,1.0,1,0.15296479423298986,48
1480,2,2351,1159,1192,0,0,0,1.0,1,1.0,1,1.0,1,0.15773750314427587,47
1481,1,2352,1160,1192,0,0,0,1.0,1,1.0,1,1.0,1,0.17496686720461174,47
1482,3,2355,1163,1192,0,0,0,1.0,1,1.0,1,1.0,1,0.19902955818094506,46
1483,3,2358,1164,1194,0,0,0,1.0,1,1.0,1,1.0,1,0.1993811054276482,47
1484,0,2358,1164,1194,0,0,0,1.0,1,1.0,1,1.0,1,0.21554118137599976,47
1485,2,2360,1164,1196,0,0,0,1.0,1,1.0,1,1.0,1,0.21405267212520196,47
1486,0,2360,1164,1196,0,0,0,1.0,1,1.0,1,1.0,1,0.20820831678355284,49
1487,5,2365,1168,1197,0,0,0,1.0,1,1.0,1,1.0,1,0.17832367949106814,49
1488,1,2366,1169,1197,0,0,0,1.0,1,1.0,1,1.0,1,0.1881852813050496,51
1489,3,2369,1170,1199,0,0,0,1.0,1,1.0,1,1.0,1,0.19204315251856166,52
1490,0,2369,1170,1199,0,0,0,1.0,1,1.0,1,1.0,1,0.19204315251856166,52
1491,5,2374,1173,1201,0,0,0,1.0,1,1.0,1,1.0,1,0.17500243357288228,53
1492,6,2380,1177,1203,0,0,0,1.0,1,1.0,1,1.0,1,0.21921131820185596,53
1493,2,2382,1178,1204,0,0,0,1.0,1,1.0,1,1.0,1,0.1852345388866882,52
1494,3,2385,1180,1205,0,0,0,1.0,1,1.0,1,1.0,1,0.17194002183728246,50
1495,2,2387,1182,1205,0,0,0,1.0,1,1.0,1,1.0,1,0.15870300851693628,50
1496,1,2388,1183,1205,0,0,0,1.0,1,1.0,1,1.0,1,0.19893522611163203,52
1497,3,2391,1184,1207,0,0,0,1.0,1,1.0,1,1.0,1,0.16172847832951706,51
1498,2,2393,1186,1207,0,0,0,1.0,1,1.0,1,1.0,1,0.19175427024085345,50
1499,1,2394,1186,1208,0,0,0,1.0,1,1.0,1,1.0,1,0.16445481678265433,50
1500,2,2396,1188,1208,0,0,0,1.0,1,1.0,1,1.0,1,0.2160738223148206,49
1501,1,2397,1188,1209,0,0,0,1.0,1,1.0,1,1.0,1,0.2000071045318162,47
1502,3,2400,1190,1210,0,0,0,1.0,1,1.0,1,1.0,1,0.2124351787733877,47
1503,1,2401,1191,1210,0,0,0,1.0,1,1.0,1,1.0,1,0.1856786131433177,47
1504,2,2403,1193,1210,0,0,0,1.0,1,1.0,1,1.0,1,0.1914069642187362,48
1505,3,2406,1195,1211,0,0,0,1.0,1,1.0,1,1.0,1,0.19820779199201854,47
1506,1,2407,1196,1211,0,0,0,1.0,1,1.0,1,1.0,1,0.17703830283889696,47
1507,1,2408,1197,1211,0,0,0,1.0,1,1.0,1,1.0,1,0.20694210897169404,45
1508,3,2411,1200,1211,0,0,0,1.0,1,1.0,1,1.0,1,0.20918179147884652,45
1509,2,2413,1202,1211,0,0,0,1.0,1,1.0,1,1.0,1,0.2085527234698691,44
1510,2,2415,1204,1211,0,0,0,1.0,1,1.0,1,1.0,1,0.2804357314819783,42
1511,3,2418,1205,1213,0,0,0,1.0,1,1.0,1,1.0,1,0.29173208514807764,40
1512,4,2422,1208,1214,0,0,0,1.0,1,1.0,1,1.0,1,0.3316206611067341,39
1513,4,2426,1209,1217,0,0,0,1.0,1,1.0,1,1.0,1,0.2871684544248798,39
1514,0,2426,1209,1217,0,0,0,1.0,1,1.0,1,1.0,1,0.2788947153396972,38
1515,0,2426,1209,1217,0,0,0,1.0,1,1.0,1,1.0,1,0.29690177464357803,39
1516,1,2427,1209,1218,0,0,0,1.0,1,1.0,1,1.0,1,0.274062249868978,39
1517,2,2429,1210,1219,0,0,0,1.0,1,1.0,1,1.0,1,0.25963320548278573,39
1518,3,2432,1212,1220,0,0,0,1.0,1,1.0,1,1.0,1,0.24521642301044366,39
1519,0,2432,1212,1220,0,0,0,1.0,1,1.0,1,1.0,1,0.24521642301044366,39
1520,2,2434,1214,1220,0,0,0,1.0,1,1.0,1,1.0,1,0.27423581067116065,39
1521,3,2437,1215,1222,0,0,0,1.0,1,1.0,1,1.0,1,0.2665348753604428,40
1522,3,2440,1216,1224,0,0,0,1.0,1,1.0,1,1.0,1,0.218202889399858,40
1523,1,2441,1216,1225,0,0,0,1.0,1,1.0,1,1.0,1,0.20729904922997935,41
1524,1,2442,1217,1225,0,0,0,1.0,1,1.0,1,1.0,1,0.24760044578002882,42
1525,3,2445,1218,1227,0,0,0,1.0,1,1.0,1,1.0,1,0.2009704182647169,45
1526,0,2445,1218,1227,0,0,0,1.0,1,1.0,1,1.0,1,0.21381683213226396,46
1527,0,2445,1218,1227,0,0,0,1.0,1,1.0,1,1.0,1,0.21381683213226396,46
1528,0,2445,1218,1227,0,0,0,1.0,1,1.0,1,1.0,1,0.22307216866295354,47
1529,1,2446,1218,1228,0,0,0,1.0,1,1.0,1,1.0,1,0.18281430434825036,47
1530,0,2446,1218,1228,0,0,0,1.0,1,1.0,1,1.0,1,0.19595680890094855,48
1531,0,2446,1218,1228,0,0,0,1.0,1,1.0,1,1.0,1,0.20169204568559868,46
1532,0,2446,1218,1228,0,0,0,1.0,1,1.0,1,1.0,1,0.19666401535580186,47
1533,0,2446,1218,1228,0,0,0,1.0,1,1.0,1,1.0,1,0.20388615669838844,46
1534,1,2447,1219,1228,0,0,0,1.0,1,1.0,1,1.0,1,0.17861629375864244,47
1535,1,2448,1220,1228,0,0,0,1.0,1,1.0,1,1.0,1,0.18737929653501578,47
1536,1,2449,1220,1229,0,0,0,1.0,1,1.0,1,1.0,1,0.1744564057485244,48
1537,0,2449,1220,1229,0,0,0,1.0,1,1.0,1,1.0,1,0.18326454045453516,46
1538,2,2451,1222,1229,0,0,0,1.0,1,1.0,1,1.0,1,0.20867952095632347,47
1539,2,2453,1222,1231,0,0,0,1.0,1,1.0,1,1.0,1,0.21708005979445788,47
1540,2,2455,1223,1232,0,0,0,1.0,1,1.0,1,1.0,1,0.20901470931086288,47
1541,1,2456,1223,1233,0,0,0,1.0,1,1.0,1,1.0,1,0.1991924221069634,47
1542,2,2458,1224,1234,0,0,0,1.0,1,1.0,1,1.0,1,0.22610000363612345,50
1543,3,2461,1227,1234,0,0,0,1.0,1,1.0,1,1.0,1,0.2582732424461253,47
1544,7,2468,1231,1237,0,0,0,1.0,1,1.0,1,1.0,1,0.25976663084010065,48
1545,3,2471,1232,1239,0,0,0,1.0,1,1.0,1,1.0,1,0.2144462279909595,47
1546,0,2471,1232,1239,0,0,0,1.0,1,1.0,1,1.0,1,0.2144462279909595,47
1547,4,2475,1235,1240,0,0,0,1.0,1,1.0,1,1.0,1,0.22689679768184245,47
1548,5,2480,1237,1243,0,0,0,1.0,1,1.0,1,1.0,1,0.1701626971069616,47
1549,3,2483,1240,1243,0,0,0,1.0,1,1.0,1,1.0,1,0.17998989140871213,46
1550,2,2485,1241,1244,0,0,0,1.0,1,1.0,1,1.0,1,0.18395318941322372,44
1551,2,2487,1243,1244,0,0,0,1.0,1,1.0,1,1.0,1,0.21762570785278593,45
1552,5,2492,1245,1247,0,0,0,1.0,1,1.0,1,1.0,1,0.2131104804112366,43
1553,4,2496,1247,1249,0,0,0,1.0,1,1.0,1,1.0,1,0.1979807417852414,43
1554,5,2501,1249,1252,0,0,0,1.0,1,1.0,1,1.0,1,0.17916374089091755,41
1555,1,2502,1249,1253,0,0,0,1.0,1,1.0,1,1.0,1,0.1744631293867292,44
1556,1,2503,1250,1253,0,0,0,1.0,1,1.0,1,1.0,1,0.15796762182233998,45
1557,0,2503,1250,1253,0,0,0,1.0,1,1.0,1,1.0,1,0.15796762182233998,45
1558,0,2503,1250,1253,0,0,0,1.0,1,1.0,1,1.0,1,0.16789275297952772,46
1559,2,2505,1251,1254,0,0,0,1.0,1,1.0,1,1.0,1,0.17034270809284285,47
1560,2,2507,1253,1254,0,0,0,1.0,1,1.0,1,1.0,1,0.1355670088904556,46
1561,0,2507,1253,1254,0,0,0,1.0,1,1.0,1,1.0,1,0.1351298805393551,47
1562,3,2510,1254,1256,0,0,0,1.0,1,1.0,1,1.0,1,0.11312253943339243,47
1563,0,2510,1254,1256,0,0,0,1.0,1,1.0,1,1.0,1,0.11312253943339243,47
1564,0,2510,1254,1256,0,0,0,1.0,1,1.0,1,1.0,1,0.11312253943339243,47
1565,0,2510,1254,1256,0,0,0,1.0,1,1.0,1,1.0,1,0.1568656798335871,48
1566,0,2510,1254,1256,0,0,0,1.0,1,1.0,1,1.0,1,0.1568656798335871,48
1567,1,2511,1254,1257,0,0,0,1.0,1,1.0,1,1.0,1,0.18076933498117748,48
1568,3,2514,1256,1258,0,0,0,1.0,1,1.0,1,1.0,1,0.1853512168183339,48
1569,0,2514,1256,1258,0,0,0,1.0,1,1.0,1,1.0,1,0.15060772348873724,45
1570,0,2514,1256,1258,0,0,0,1.0,1,1.0,1,1.0,1,0.1549026152287312,44
1571,2,2516,1257,1259,0,0,0,1.0,1,1.0,1,1.0,1,0.1569950810012054,42
1572,4,2520,1258,1262,0,0,0,1.0,1,1.0,1,1.0,1,0.17236262595300195,43
1573,3,2523,1260,1263,0,0,0,1.0,1,1.0,1,1.0,1,0.18378758552334856,43
1574,7,2530,1263,1267,0,0,0,1.0,1,1.0,1,1.0,1,0.16968211535904612,42
1575,1,2531,1264,1267,0,0,0,1.0,1,1.0,1,1.0,1,0.2073932522060752,43
1576,3,2534,1267,1267,0,0,0,1.0,1,1.0,1,1.0,1,0.24080303500658756,41
1577,0,2534,1267,1267,0,0,0,1.0,1,1.0,1,1.0,1,0.22572352987914296,40
1578,0,2534,1267,1267,0,0,0,1.0,1,1.0,1,1.0,1,0.21142042856167695,40
1579,1,2535,1268,1267,0,0,0,1.0,1,1.0,1,1.0,1,0.19609822648841888,40
1580,1,2536,1269,1267,0,0,0,1.0,1,1.0,1,1.0,1,0.20724604315552533,40
1581,1,2537,1270,1267,0,0,0,1.0,1,1.0,1,1.0,1,0.2429755033834039,40
1582,8,2545,1274,1271,0,0,0,1.0,1,1.0,1,1.0,1,0.21421940303428566,40
1583,2,2547,1275,1272,0,0,0,1.0,1,1.0,1,1.0,1,0.20016240308988328,38
1584,2,2549,1277,1272,0,0,0,1.0,1,1.0,1,1.0,1,0.193968947295304,39
1585,2,2551,1279,1272,0,0,0,1.0,1,1.0,1,1.0,1,0.20022416551738464,38
1586,3,2554,1282,1272,0,0,0,1.0,1,1.0,1,1.0,1,0.22444461545684816,38
1587,2,2556,1284,1272,0,0,0,1.0,1,1.0,1,1.0,1,0.20400431662575857,37
1588,4,2560,1286,1274,0,0,0,1.0,1,1.0,1,1.0,1,0.22809384894084564,39
1589,5,2565,1288,1277,0,0,0,1.0,1,1.0,1,1.0,1,0.21583932864989858,37
1590,1,2566,1288,1278,0,0,0,1.0,1,1.0,1,1.0,1,0.16877429457770185,37
1591,0,2566,1288,1278,0,0,0,1.0,1,1.0,1,1.0,1,0.19263110173680034,36
1592,0,2566,1288,1278,0,0,0,1.0,1,1.0,1,1.0,1,0.21623033261180208,34
1593,2,2568,1289,1279,0,0,0,1.0,1,1.0,1,1.0,1,0.23947996649538975,33
1594,0,2568,1289,1279,0,0,0,1.0,1,1.0,1,1.0,1,0.24959855031067835,31
1595,4,2572,1290,1282,0,0,0,1.0,1,1.0,1,1.0,1,0.2127575975709013,34
1596,1,2573,1290,1283,0,0,0,1.0,1,1.0,1,1.0,1,0.1644849777602459,33
1597,0,2573,1290,1283,0,0,0,1.0,1,1.0,1,1.0,1,0.1644849777602459,33
1598,0,2573,1290,1283,0,0,0,1.0,1,1.0,1,1.0,1,0.19432813194517498,33
1599,1,2574,1291,1283,0,0,0,1.0,1,1.0,1,1.0,1,0.18542595061900882,33
1600,1,2575,1291,1284,0,0,0,1.0,1,1.0,1,1.0,1,0.16993405505014783,34
1601,2,2577,1293,1284,0,0,0,1.0,1,1.0,1,1.0,1,0.2466280127855873,35
1602,0,2577,1293,1284,0,0,0,1.0,1,1.0,1,1.0,1,0.2214716345172403,36
1603,3,2580,1294,1286,0,0,0,1.0,1,1.0,1,1.0,1,0.24970190954986698,38
1604,1,2581,1295,1286,0,0,0,1.0,1,1.0,1,1.0,1,0.24658847742707357,38
1605,0,2581,1295,1286,0,0,0,1.0,1,1.0,1,1.0,1,0.24658847742707357,38
1606,4,2585,1297,1288,0,0,0,1.0,1,1.0,1,1.0,1,0.28303150155364687,39
1607,2,2587,1298,1289,0,0,0,1.0,1,1.0,1,1.0,1,0.2979212591844374,37
1608,1,2588,1298,1290,0,0,0,1.0,1,1.0,1,1.0,1,0.27713768736591393,36
1609,2,2590,1298,1292,0,0,0,1.0,1,1.0,1,1.0,1,0.2194945956538968,34
1610,2,2592,1299,1293,0,0,0,1.0,1,1.0,1,1.0,1,0.222425599396455,34
1611,3,2595,1301,1294,0,0,0,1.0,1,1.0,1,1.0,1,0.20279154524309898,35
1612,2,2597,1301,1296,0,0,0,1.0,1,1.0,1,1.0,1,0.15673065800024924,33
1613,0,2597,1301,1296,0,0,0,1.0,1,1.0,1,1.0,1,0.1732567870334292,34
1614,0,2597,1301,1296,0,0,0,1.0,1,1.0,1,1.0,1,0.1802523602242699,35
1615,0,2597,1301,1296,0,0,0,1.0,1,1.0,1,1.0,1,0.1802523602242699,35
1616,1,2598,1302,1296,0,0,0,1.0,1,1.0,1,1.0,1,0.16569234214544304,37
1617,1,2599,1303,1296,0,0,0,1.0,1,1.0,1,1.0,1,0.20270666532490572,38
1618,2,2601,1304,1297,0,0,0,1.0,1,1.0,1,1.0,1,0.20355655280637522,38
1619,0,2601,1304,1297,0,0,0,1.0,1,1.0,1,1.0,1,0.2308019912508004,38
1620,2,2603,1305,1298,0,0,0,1.0,1,1.0,1,1.0,1,0.24701042118870575,39
1621,2,2605,1306,1299,0,0,0,1.0,1,1.0,1,1.0,1,0.21388595321053405,37
1622,1,2606,1306,1300,0,0,0,1.0,1,1.0,1,1.0,1,0.21529145072918468,37
1623,2,2608,1308,1300,0,0,0,1.0,1,1.0,1,1.0,1,0.25145798213109866,37
1624,4,2612,1310,1302,0,0,0,1.0,1,1.0,1,1.0,1,0.27484576958470885,37
1625,0,2612,1310,1302,0,0,0,1.0,1,1.0,1,1.0,1,0.2584088814953594,35
1626,0,2612,1310,1302,0,0,0,1.0,1,1.0,1,1.0,1,0.2584088814953594,35
1627,0,2612,1310,1302,0,0,0,1.0,1,1.0,1,1.0,1,0.24689030707918097,34
1628,3,2615,1312,1303,0,0,0,1.0,1,1.0,1,1.0,1,0.277456009011028,35
1629,3,2618,1315,1303,0,0,0,1.0,1,1.0,1,1.0,1,0.3656701838726903,34
1630,2,2620,1315,1305,0,0,0,1.0,1,1.0,1,1.0,1,0.25796009723669183,32
1631,0,2620,1315,1305,0,0,0,1.0,1,1.0,1,1.0,1,0.2728661377522711,33
1632,0,2620,1315,1305,0,0,0,1.0,1,1.0,1,1.0,1,0.3148582261791219,32
1633,0,2620,1315,1305,0,0,0,1.0,1,1.0,1,1.0,1,0.30361970263122384,31
1634,0,2620,1315,1305,0,0,0,1.0,1,1.0,1,1.0,1,0.30361970263122384,31
1635,1,2621,1315,1306,0,0,0,1.0,1,1.0,1,1.0,1,0.299685283821539,31
1636,1,2622,1316,1306,0,0,0,1.0,1,1.0,1,1.0,1,0.32541495170123386,33
1637,1,2623,1316,1307,0,0,0,1.0,1,1.0,1,1.0,1,0.3085116318113461,33
1638,1,2624,1316,1308,0,0,0,1.0,1,1.0,1,1.0,1,0.29456010118922477,36
1639,0,2624,1316,1308,0,0,0,1.0,1,1.0,1,1.0,1,0.29456010118922477,36
1640,1,2625,1317,1308,0,0,0,1.0,1,1.0,1,1.0,1,0.31626870803335816,36
1641,3,2628,1318,1310,0,0,0,1.0,1,1.0,1,1.0,1,0.26703185386731565,38
1642,3,2631,1320,1311,0,0,0,1.0,1,1.0,1,1.0,1,0.26605090261492004,37
1643,3,2634,1322,1312,0,0,0,1.0,1,1.0,1,1.0,1,0.27552042721945086,37
1644,5,2639,1324,1315,0,0,0,1.0,1,1.0,1,1.0,1,0.30568139083039914,38
1645,0,2639,1324,1315,0,0,0,1.0,1,1.0,1,1.0,1,0.3133450931974031,36
1646,2,2641,1325,1316,0,0,0,1.0,1,1.0,1,1.0,1,0.3289718709732157,37
1647,1,2642,1326,1316,0,0,0,1.0,1,1.0,1,1.0,1,0.36948441923105413,35
1648,3,2645,1326,1319,0,0,0,1.0,1,1.0,1,1.0,1,0.32927418810844944,38
1649,1,2646,1327,1319,0,0,0,1.0,1,1.0,1,1.0,1,0.3558346046512806,35
1650,0,2646,1327,1319,0,0,0,1.0,1,1.0,1,1.0,1,0.36930342690893775,34
1651,0,2646,1327,1319,0,0,0,1.0,1,1.0,1,1.0,1,0.41479442044320924,32
1652,0,2646,1327,1319,0,0,0,1.0,1,1.0,1,1.0,1,0.40246681756911895,33
1653,0,2646,1327,1319,0,0,0,1.0,1,1.0,1,1.0,1,0.40246681756911895,33
1654,1,2647,1327,1320,0,0,0,1.0,1,1.0,1,1.0,1,0.3788713670552953,34
1655,2,2649,1327,1322,0,0,0,1.0,1,1.0,1,1.0,1,0.3349595955022689,35
1656,1,2650,1327,1323,0,0,0,1.0,1,1.0,1,1.0,1,0.30881555769399016,35
1657,4,2654,1327,1327,0,0,0,1.0,1,1.0,1,1.0,1,0.18264550746763125,36
1658,0,2654,1327,1327,0,0,0,1.0,1,1.0,1,1.0,1,0.18264550746763125,36
1659,0,2654,1327,1327,0,0,0,1.0,1,1.0,1,1.0,1,0.18264550746763125,36
1660,5,2659,1331,1328,0,0,0,1.0,1,1.0,1,1.0,1,0.18785168968954766,38
1661,0,2659,1331,1328,0,0,0,1.0,1,1.0,1,1.0,1,0.18785168968954766,38
1662,4,2663,1334,1329,0,0,0,1.0,1,1.0,1,1.0,1,0.18744043077023248,39
1663,2,2665,1335,1330,0,0,0,1.0,1,1.0,1,1.0,1,0.2149647049606332,40
1664,4,2669,1335,1334,0,0,0,1.0,1,1.0,1,1.0,1,0.1258849454551024,39
1665,1,2670,1336,1334,0,0,0,1.0,1,1.0,1,1.0,1,0.13412942027793434,40
1666,0,2670,1336,1334,0,0,0,1.0,1,1.0,1,1.0,1,0.18159957918399422,40
1667,1,2671,1337,1334,0,0,0,1.0,1,1.0,1,1.0,1,0.17993437951764865,40
1668,2,2673,1339,1334,0,0,0,1.0,1,1.0,1,1.0,1,0.17410542940168527,41
1669,0,2673,1339,1334,0,0,0,1.0,1,1.0,1,1.0,1,0.15972668070447343,40
1670,2,2675,1341,1334,0,0,0,1.0,1,1.0,1,1.0,1,0.16314893526479818,40
1671,2,2677,1342,1335,0,0,0,1.0,1,1.0,1,1.0,1,0.2040291967474499,41
1672,0,2677,1342,1335,0,0,0,1.0,1,1.0,1,1.0,1,0.22481290424870834,40
1673,1,2678,1343,1335,0,0,0,1.0,1,1.0,1,1.0,1,0.25551780139896085,39
1674,1,2679,1343,1336,0,0,0,1.0,1,1.0,1,1.0,1,0.24058911314639964,40
1675,2,2681,1343,1338,0,0,0,1.0,1,1.0,1,1.0,1,0.2075373695696354,38
1676,1,2682,1344,1338,0,0,0,1.0,1,1.0,1,1.0,1,0.23603365689209485,39
1677,1,2683,1344,1339,0,0,0,1.0,1,1.0,1,1.0,1,0.19942113217197296,39
1678,2,2685,1344,1341,0,0,0,1.0,1,1.0,1,1.0,1,0.17624606572110776,39
1679,0,2685,1344,1341,0,0,0,1.0,1,1.0,1,1.0,1,0.17624606572110776,39
1680,1,2686,1345,1341,0,0,0,1.0,1,1.0,1,1.0,1,0.23002602744562556,41
1681,1,2687,1345,1342,0,0,0,1.0,1,1.0,1,1.0,1,0.18859697527826477,41
1682,3,2690,1346,1344,0,0,0,1.0,1,1.0,1,1.0,1,0.20399327408065387,43
1683,5,2695,1350,1345,0,0,0,1.0,1,1.0,1,1.0,1,0.23726135084680344,43
1684,4,2699,1351,1348,0,0,0,1.0,1,1.0,1,1.0,1,0.2022256400401681,42
1685,2,2701,1352,1349,0,0,0,1.0,1,1.0,1,1.0,1,0.19987654032891297,41
1686,6,2707,1354,1353,0,0,0,1.0,1,1.0,1,1.0,1,0.23668771433749247,41
1687,0,2707,1354,1353,0,0,0,1.0,1,1.0,1,1.0,1,0.2233669499794817,40
1688,2,2709,1356,1353,0,0,0,1.0,1,1.0,1,1.0,1,0.24223135072345514,39
1689,2,2711,1357,1354,0,0,0,1.0,1,1.0,1,1.0,1,0.23901975159759092,38
1690,1,2712,1358,1354,0,0,0,1.0,1,1.0,1,1.0,1,0.24642289415175228,38
1691,0,2712,1358,1354,0,0,0,1.0,1,1.0,1,1.0,1,0.2510790688742621,36
1692,0,2712,1358,1354,0,0,0,1.0,1,1.0,1,1.0,1,0.22859719089658417,36
1693,2,2714,1360,1354,0,0,0,1.0,1,1.0,1,1.0,1,0.2655246802581008,35
1694,1,2715,1360,1355,0,0,0,1.0,1,1.0,1,1.0,1,0.2565989177434056,33
1695,0,2715,1360,1355,0,0,0,1.0,1,1.0,1,1.0,1,0.26347846314485185,34
1696,3,2718,1361,1357,0,0,0,1.0,1,1.0,1,1.0,1,0.24170462768433632,35
1697,0,2718,1361,1357,0,0,0,1.0,1,1.0,1,1.0,1,0.2350086560551164,36
1698,3,2721,1363,1358,0,0,0,1.0,1,1.0,1,1.0,1,0.23937281262836152,38
1699,1,2722,1364,1358,0,0,0,1.0,1,1.0,1,1.0,1,0.26338171803533966,38
1700,0,2722,1364,1358,0,0,0,1.0,1,1.0,1,1.0,1,0.27889802242411876,39
1701,1,2723,1364,1359,0,0,0,1.0,1,1.0,1,1.0,1,0.2809456874736067,40
1702,5,2728,1367,1361,0,0,0,1.0,1,1.0,1,1.0,1,0.314303835227998,41
1703,3,2731,1368,1363,0,0,0,1.0,1,1.0,1,1.0,1,0.31367321827728517,41
1704,5,2736,1371,1365,0,0,0,1.0,1,1.0,1,1.0,1,0.28554146475791686,41
1705,0,2736,1371,1365,0,0,0,1.0,1,1.0,1,1.0,1,0.2684700837917385,40
1706,0,2736,1371,1365,0,0,0,1.0,1,1.0,1,1.0,1,0.2684700837917385,40
1707,1,2737,1371,1366,0,0,0,1.0,1,1.0,1,1.0,1,0.26421702734449776,39
1708,1,2738,1371,1367,0,0,0,1.0,1,1.0,1,1.0,1,0.22814949639409055,39
1709,1,2739,1372,1367,0,0,0,1.0,1,1.0,1,1.0,1,0.2277715298243977,38
1710,5,2744,1375,1369,0,0,0,1.0,1,1.0,1,1.0,1,0.26501373784322574,39
1711,1,2745,1375,1370,0,0,0,1.0,1,1.0,1,1.0,1,0.2694372795510649,38
1712,2,2747,1376,1371,0,0,0,1.0,1,1.0,1,1.0,1,0.2650462251759085,38
1713,1,2748,1376,1372,0,0,0,1.0,1,1.0,1,1.0,1,0.2378084192416784,37
1714,1,2749,1376,1373,0,0,0,1.0,1,1.0,1,1.0,1,0.23323616266160394,38
1715,3,2752,1377,1375,0,0,0,1.0,1,1.0,1,1.0,1,0.22764688736115,40
1716,0,2752,1377,1375,0,0,0,1.0,1,1.0,1,1.0,1,0.23238250541609437,39
1717,1,2753,1378,1375,0,0,0,1.0,1,1.0,1,1.0,1,0.25078728510827647,38
1718,0,2753,1378,1375,0,0,0,1.0,1,1.0,1,1.0,1,0.27127107015729257,38
1719,0,2753,1378,1375,0,0,0,1.0,1,1.0,1,1.0,1,0.27127107015729257,38
1720,0,2753,1378,1375,0,0,0,1.0,1,1.0,1,1.0,1,0.27760565221650535,41
1721,0,2753,1378,1375,0,0,0,1.0,1,1.0,1,1.0,1,0.2506511818028038,39
1722,2,2755,1379,1376,0,0,0,1.0,1,1.0,1,1.0,1,0.25813421290371735,40
1723,3,2758,1381,1377,0,0,0,1.0,1,1.0,1,1.0,1,0.2583220078605271,38
1724,1,2759,1381,1378,0,0,0,1.0,1,1.0,1,1.0,1,0.3086682757441082,37
1725,2,2761,1382,1379,0,0,0,1.0,1,1.0,1,1.0,1,0.3432659829012958,38
1726,2,2763,1382,1381,0,0,0,1.0,1,1.0,1,1.0,1,0.2460798484455595,37
1727,2,2765,1383,1382,0,0,0,1.0,1,1.0,1,1.0,1,0.22197611717424645,37
1728,0,2765,1383,1382,0,0,0,1.0,1,1.0,1,1.0,1,0.21565984647547376,35
1729,1,2766,1384,1382,0,0,0,1.0,1,1.0,1,1.0,1,0.21863024048796967,37
1730,1,2767,1385,1382,0,0,0,1.0,1,1.0,1,1.0,1,0.29120066349420953,37
1731,0,2767,1385,1382,0,0,0,1.0,1,1.0,1,1.0,1,0.29120066349420953,37
1732,3,2770,1385,1385,0,0,0,1.0,1,1.0,1,1.0,1,0.2907422067317203,37
1733,3,2773,1387,1386,0,0,0,1.0,1,1.0,1,1.0,1,0.2425207045971821,36
1734,1,2774,1387,1387,0,0,0,1.0,1,1.0,1,1.0,1,0.24487993917378506,35
1735,1,2775,1388,1387,0,0,0,1.0,1,1.0,1,1.0,1,0.23209806915814304,34
1736,2,2777,1388,1389,0,0,0,1.0,1,1.0,1,1.0,1,0.20772473449882176,35
1737,2,2779,1390,1389,0,0,0,1.0,1,1.0,1,1.0,1,0.20915638454055802,36
1738,3,2782,1391,1391,0,0,0,1.0,1,1.0,1,1.0,1,0.2501075780598408,37
1739,2,2784,1393,1391,0,0,0,1.0,1,1.0,1,1.0,1,0.21855642321222515,38
1740,0,2784,1393,1391,0,0,0,1.0,1,1.0,1,1.0,1,0.22577381903391253,37
1741,1,2785,1393,1392,0,0,0,1.0,1,1.0,1,1.0,1,0.23330476474472334,38
1742,2,2787,1395,1392,0,0,0,1.0,1,1.0,1,1.0,1,0.27824576914567717,39
1743,1,2788,1395,1393,0,0,0,1.0,1,1.0,1,1.0,1,0.26221862709610433,37
1744,3,2791,1397,1394,0,0,0,1.0,1,1.0,1,1.0,1,0.25723589459069257,38
1745,3,2794,1398,1396,0,0,0,1.0,1,1.0,1,1.0,1,0.23188133816042197,37
1746,3,2797,1400,1397,0,0,0,1.0,1,1.0,1,1.0,1,0.24543386757501084,38
1747,2,2799,1401,1398,0,0,0,1.0,1,1.0,1,1.0,1,0.234356900625884,38
1748,2,2801,1401,1400,0,0,0,1.0,1,1.0,1,1.0,1,0.19192256344740485,38
1749,0,2801,1401,1400,0,0,0,1.0,1,1.0,1,1.0,1,0.20851872354119774,37
1750,1,2802,1401,1401,0,0,0,1.0,1,1.0,1,1.0,1,0.21058518575346327,39
1751,0,2802,1401,1401,0,0,0,1.0,1,1.0,1,1.0,1,0.2112088641179512,38
1752,0,2802,1401,1401,0,0,0,1.0,1,1.0,1,1.0,1,0.21059949819160445,39
1753,0,2802,1401,1401,0,0,0,1.0,1,1.0,1,1.0,1,0.2045988216039493,40
1754,1,2803,1402,1401,0,0,0,1.0,1,1.0,1,1.0,1,0.23247047686813466,41
1755,0,2803,1402,1401,0,0,0,1.0,1,1.0,1,1.0,1,0.2501385813423452,41
1756,3,2806,1404,1402,0,0,0,1.0,1,1.0,1,1.0,1,0.25296805181869203,42
1757,1,2807,1404,1403,0,0,0,1.0,1,1.0,1,1.0,1,0.2491123324715576,42
1758,1,2808,1405,1403,0,0,0,1.0,1,1.0,1,1.0,1,0.2810092091441209,42
1759,1,2809,1405,1404,0,0,0,1.0,1,1.0,1,1.0,1,0.286520411129722,39
1760,10,2819,1407,1412,0,0,0,1.0,1,1.0,1,1.0,1,0.25348477722139323,39
1761,5,2824,1408,1416,0,0,0,1.0,1,1.0,1,1.0,1,0.15722813978679223,38
1762,1,2825,1409,1416,0,0,0,1.0,1,1.0,1,1.0,1,0.14876625295554943,37
1763,1,2826,1410,1416,0,0,0,1.0,1,1.0,1,1.0,1,0.16844160031092484,37
1764,1,2827,1411,1416,0,0,0,1.0,1,1.0,1,1.0,1,0.15626613022735988,36
1765,4,2831,1414,1417,0,0,0,1.0,1,1.0,1,1.0,1,0.1451686299808011,37
1766,1,2832,1414,1418,0,0,0,1.0,1,1.0,1,1.0,1,0.095240066781267,36
1767,1,2833,1415,1418,0,0,0,1.0,1,1.0,1,1.0,1,0.12695395611933277,36
1768,0,2833,1415,1418,0,0,0,1.0,1,1.0,1,1.0,1,0.12695395611933277,36
1769,1,2834,1416,1418,0,0,0,1.0,1,1.0,1,1.0,1,0.11398532841608418,38
1770,1,2835,1417,1418,0,0,0,1.0,1,1.0,1,1.0,1,0.1442220085068103,38
1771,0,2835,1417,1418,0,0,0,1.0,1,1.0,1,1.0,1,0.1442220085068103,38
1772,1,2836,1418,1418,0,0,0,1.0,1,1.0,1,1.0,1,0.16448808729953998,40
1773,1,2837,1419,1418,0,0,0,1.0,1,1.0,1,1.0,1,0.19821386070308605,40
1774,1,2838,1419,1419,0,0,0,1.0,1,1.0,1,1.0,1,0.186905827743247,40
1775,0,2838,1419,1419,0,0,0,1.0,1,1.0,1,1.0,1,0.19816061037649887,41
1776,0,2838,1419,1419,0,0,0,1.0,1,1.0,1,1.0,1,0.19496613560922965,43
1777,0,2838,1419,1419,0,0,0,1.0,1,1.0,1,1.0,1,0.20525183400439334,44
1778,5,2843,1422,1421,0,0,0,1.0,1,1.0,1,1.0,1,0.21276009505139382,44
1779,1,2844,1422,1422,0,0,0,1.0,1,1.0,1,1.0,1,0.19345029065679462,44
1780,2,2846,1423,1423,0,0,0,1.0,1,1.0,1,1.0,1,0.19798495487487658,46
1781,2,2848,1424,1424,0,0,0,1.0,1,1.0,1,1.0,1,0.19682651610254645,46
1782,1,2849,1425,1424,0,0,0,1.0,1,1.0,1,1.0,1,0.2248748570734899,45
1783,2,2851,1427,1424,0,0,0,1.0,1,1.0,1,1.0,1,0.2599578753671697,44
1784,1,2852,1428,1424,0,0,0,1.0,1,1.0,1,1.0,1,0.2763121258707503,44
1785,6,2858,1431,1427,0,0,0,1.0,1,1.0,1,1.0,1,0.2821565846804993,42
1786,4,2862,1433,1429,0,0,0,1.0,1,1.0,1,1.0,1,0.3100942494584215,42
1787,5,2867,1434,1433,0,0,0,1.0,1,1.0,1,1.0,1,0.2739506327439859,41
1788,2,2869,1435,1434,0,0,0,1.0,1,1.0,1,1.0,1,0.3068767499126792,41
1789,1,2870,1435,1435,0,0,0,1.0,1,1.0,1,1.0,1,0.27466328574776666,41
1790,1,2871,1435,1436,0,0,0,1.0,1,1.0,1,1.0,1,0.2606596677605783,41
1791,3,2874,1436,1438,0,0,0,1.0,1,1.0,1,1.0,1,0.22216192541578247,41
1792,2,2876,1437,1439,0,0,0,1.0,1,1.0,1,1.0,1,0.2265233002140339,43
1793,5,2881,1441,1440,0,0,0,1.0,1,1.0,1,1.0,1,0.1915193544255231,43
1794,2,2883,1442,1441,0,0,0,1.0,1,1.0,1,1.0,1,0.18915919096160388,41
1795,2,2885,1444,1441,0,0,0,1.0,1,1.0,1,1.0,1,0.2147176332922798,41
1796,4,2889,1445,1444,0,0,0,1.0,1,1.0,1,1.0,1,0.19291308648972003,40
1797,1,2890,1446,1444,0,0,0,1.0,1,1.0,1,1.0,1,0.22425313073926334,38
1798,0,2890,1446,1444,0,0,0,1.0,1,1.0,1,1.0,1,0.22425313073926334,38
1799,1,2891,1447,1444,0,0,0,1.0,1,1.0,1,1.0,1,0.22512792631707498,37
1800,1,2892,1448,1444,0,0,0,1.0,1,1.0,1,1.0,1,0.29544305259657894,35
1801,0,2892,1448,1444,0,0,0,1.0,1,1.0,1,1.0,1,0.2945667287372513,34
1802,1,2893,1448,1445,0,0,0,1.0,1,1.0,1,1.0,1,0.24473315553281488,33
1803,1,2894,1449,1445,0,0,0,1.0,1,1.0,1,1.0,1,0.2904107603907073,33
1804,5,2899,1452,1447,0,0,0,1.0,1,1.0,1,1.0,1,0.34032578740737673,33
1805,2,2901,1452,1449,0,0,0,1.0,1,1.0,1,1.0,1,0.3068725350399706,35
1806,2,2903,1452,1451,0,0,0,1.0,1,1.0,1,1.0,1,0.2615052838036108,36
1807,0,2903,1452,1451,0,0,0,1.0,1,1.0,1,1.0,1,0.26666036548791167,35
1808,1,2904,1452,1452,0,0,0,1.0,1,1.0,1,1.0,1,0.22044731533950332,37
1809,1,2905,1452,1453,0,0,0,1.0,1,1.0,1,1.0,1,0.21680544303416774,35
1810,0,2905,1452,1453,0,0,0,1.0,1,1.0,1,1.0,1,0.234799287685483,36
1811,0,2905,1452,1453,0,0,0,1.0,1,1.0,1,1.0,1,0.2822629475024024,34
1812,0,2905,1452,1453,0,0,0,1.0,1,1.0,1,1.0,1,0.29905176439207526,36
1813,1,2906,1452,1454,0,0,0,1.0,1,1.0,1,1.0,1,0.30744193839537387,35
1814,0,2906,1452,1454,0,0,0,1.0,1,1.0,1,1.0,1,0.3230547274390685,36
1815,3,2909,1452,1457,0,0,0,1.0,1,1.0,1,1.0,1,0.2392393654491042,35
1816,0,2909,1452,1457,0,0,0,1.0,1,1.0,1,1.0,1,0.2392393654491042,35
1817,0,2909,1452,1457,0,0,0,1.0,1,1.0,1,1.0,1,0.2392393654491042,35
1818,2,2911,1454,1457,0,0,0,1.0,1,1.0,1,1.0,1,0.20390741150366962,36
1819,2,2913,1456,1457,0,0,0,1.0,1,1.0,1,1.0,1,0.2412889831507331,37
1820,2,2915,1457,1458,0,0,0,1.0,1,1.0,1,1.0,1,0.2101935706939517,37
1821,0,2915,1457,1458,0,0,0,1.0,1,1.0,1,1.0,1,0.20898997779620193,38
1822,7,2922,1461,1461,0,0,0,1.0,1,1.0,1,1.0,1,0.2497021128050953,37
1823,2,2924,1463,1461,0,0,0,1.0,1,1.0,1,1.0,1,0.2790335365324456,36
1824,1,2925,1464,1461,0,0,0,1.0,1,1.0,1,1.0,1,0.2628920848550838,36
1825,3,2928,1466,1462,0,0,0,1.0,1,1.0,1,1.0,1,0.2714273579394324,34
1826,3,2931,1468,1463,0,0,0,1.0,1,1.0,1,1.0,1,0.22447211886019702,35
1827,1,2932,1469,1463,0,0,0,1.0,1,1.0,1,1.0,1,0.23388274255955008,34
1828,3,2935,1471,1464,0,0,0,1.0,1,1.0,1,1.0,1,0.24375287299320145,33
1829,0,2935,1471,1464,0,0,0,1.0,1,1.0,1,1.0,1,0.22566384980367352,31
1830,1,2936,1471,1465,0,0,0,1.0,1,1.0,1,1.0,1,0.21929571950596072,31
1831,0,2936,1471,1465,0,0,0,1.0,1,1.0,1,1.0,1,0.23308397260093203,30
1832,0,2936,1471,1465,0,0,0,1.0,1,1.0,1,1.0,1,0.249622464041331,29
1833,4,2940,1475,1465,0,0,0,1.0,1,1.0,1,1.0,1,0.40120115721703653,28
1834,5,2945,1478,1467,0,0,0,1.0,1,1.0,1,1.0,1,0.3443861929539809,27
1835,4,2949,1481,1468,0,0,0,1.0,1,1.0,1,1.0,1,0.3702005623153413,26
1836,1,2950,1482,1468,0,0,0,1.0,1,1.0,1,1.0,1,0.37350656865829446,26
1837,1,2951,1482,1469,0,0,0,1.0,1,1.0,1,1.0,1,0.3216398330908751,25
1838,0,2951,1482,1469,0,0,0,1.0,1,1.0,1,1.0,1,0.3088640250226826,25
1839,0,2951,1482,1469,0,0,0,1.0,1,1.0,1,1.0,1,0.3651836193698496,24
1840,1,2952,1483,1469,0,0,0,1.0,1,1.0,1,1.0,1,0.4696633334320316,23
1841,1,2953,1483,1470,0,0,0,1.0,1,1.0,1,1.0,1,0.40656884738110965,22
1842,2,2955,1485,1470,0,0,0,1.0,1,1.0,1,1.0,1,0.4303347596729687,23
1843,2,2957,1486,1471,0,0,0,1.0,1,1.0,1,1.0,1,0.3904333450096642,23
1844,0,2957,1486,1471,0,0,0,1.0,1,1.0,1,1.0,1,0.3904333450096642,23
1845,1,2958,1487,1471,0,0,0,1.0,1,1.0,1,1.0,1,0.3973423722400099,23
1846,1,2959,1487,1472,0,0,0,1.0,1,1.0,1,1.0,1,0.36977299877582515,23
1847,0,2959,1487,1472,0,0,0,1.0,1,1.0,1,1.0,1,0.38921321617315074,24
1848,0,2959,1487,1472,0,0,0,1.0,1,1.0,1,1.0,1,0.38921321617315074,24
1849,1,2960,1487,1473,0,0,0,1.0,1,1.0,1,1.0,1,0.39989635235708676,25
1850,1,2961,1488,1473,0,0,0,1.0,1,1.0,1,1.0,1,0.3819629226230553,25
1851,0,2961,1488,1473,0,0,0,1.0,1,1.0,1,1.0,1,0.3819629226230553,25
1852,0,2961,1488,1473,0,0,0,1.0,1,1.0,1,1.0,1,0.3819629226230553,25
1853,0,2961,1488,1473,0,0,0,1.0,1,1.0,1,1.0,1,0.4004424760184183,25
1854,0,2961,1488,1473,0,0,0,1.0,1,1.0,1,1.0,1,0.4004424760184183,25
1855,0,2961,1488,1473,0,0,0,1.0,1,1.0,1,1.0,1,0.4102683220548056,26
1856,1,2962,1489,1473,0,0,0,1.0,1,1.0,1,1.0,1,0.3719843327982311,27
1857,0,2962,1489,1473,0,0,0,1.0,1,1.0,1,1.0,1,0.3614721531879092,28
1858,1,2963,1490,1473,0,0,0,1.0,1,1.0,1,1.0,1,0.367597814734966,28
1859,4,2967,1492,1475,0,0,0,1.0,1,1.0,1,1.0,1,0.3673972736200978,28
1860,0,2967,1492,1475,0,0,0,1.0,1,1.0,1,1.0,1,0.3673972736200978,28
1861,0,2967,1492,1475,0,0,0,1.0,1,1.0,1,1.0,1,0.3673972736200978,28
1862,0,2967,1492,1475,0,0,0,1.0,1,1.0,1,1.0,1,0.3673972736200978,28
1863,3,2970,1494,1476,0,0,0,1.0,1,1.0,1,1.0,1,0.38785064592330104,29
1864,1,2971,1495,1476,0,0,0,1.0,1,1.0,1,1.0,1,0.35949847900986887,27
1865,1,2972,1496,1476,0,0,0,1.0,1,1.0,1,1.0,1,0.402539201775913,26
1866,1,2973,1497,1476,0,0,0,1.0,1,1.0,1,1.0,1,0.43844975755035126,26
1867,0,2973,1497,1476,0,0,0,1.0,1,1.0,1,1.0,1,0.43844975755035126,26
1868,0,2973,1497,1476,0,0,0,1.0,1,1.0,1,1.0,1,0.43844975755035126,26
1869,0,2973,1497,1476,0,0,0,1.0,1,1.0,1,1.0,1,0.43844975755035126,26
1870,0,2973,1497,1476,0,0,0,1.0,1,1.0,1,1.0,1,0.45299168493934633,27
1871,2,2975,1499,1476,0,0,0,1.0,1,1.0,1,1.0,1,0.432589194611725,27
1872,1,2976,1499,1477,0,0,0,1.0,1,1.0,1,1.0,1,0.383938946298105,25
1873,1,2977,1499,1478,0,0,0,1.0,1,1.0,1,1.0,1,0.3683247058101651,25
1874,1,2978,1499,1479,0,0,0,1.0,1,1.0,1,1.0,1,0.37064877107613775,25
1875,0,2978,1499,1479,0,0,0,1.0,1,1.0,1,1.0,1,0.37064877107613775,25
1876,0,2978,1499,1479,0,0,0,1.0,1,1.0,1,1.0,1,0.3788062633299677,26
1877,0,2978,1499,1479,0,0,0,1.0,1,1.0,1,1.0,1,0.36268379073493007,27
1878,2,2980,1501,1479,0,0,0,1.0,1,1.0,1,1.0,1,0.3785475834318787,28
1879,1,2981,1501,1480,0,0,0,1.0,1,1.0,1,1.0,1,0.3325517468516961,29
1880,0,2981,1501,1480,0,0,0,1.0,1,1.0,1,1.0,1,0.3325517468516961,29
1881,0,2981,1501,1480,0,0,0,1.0,1,1.0,1,1.0,1,0.3325517468516961,29
1882,0,2981,1501,1480,0,0,0,1.0,1,1.0,1,1.0,1,0.31904840185875394,28
1883,0,2981,1501,1480,0,0,0,1.0,1,1.0,1,1.0,1,0.31904840185875394,28
1884,1,2982,1502,1480,0,0,0,1.0,1,1.0,1,1.0,1,0.3161228106617394,28
1885,0,2982,1502,1480,0,0,0,1.0,1,1.0,1,1.0,1,0.3161228106617394,28
1886,0,2982,1502,1480,0,0,0,1.0,1,1.0,1,1.0,1,0.324148361763478,29
1887,0,2982,1502,1480,0,0,0,1.0,1,1.0,1,1.0,1,0.324148361763478,29
1888,1,2983,1502,1481,0,0,0,1.0,1,1.0,1,1.0,1,0.33851787829913443,31
1889,0,2983,1502,1481,0,0,0,1.0,1,1.0,1,1.0,1,0.33851787829913443,31
1890,1,2984,1503,1481,0,0,0,1.0,1,1.0,1,1.0,1,0.35356147240503083,31
1891,0,2984,1503,1481,0,0,0,1.0,1,1.0,1,1.0,1,0.3693075522755283,32
1892,0,2984,1503,1481,0,0,0,1.0,1,1.0,1,1.0,1,0.3693075522755283,32
1893,0,2984,1503,1481,0,0,0,1.0,1,1.0,1,1.0,1,0.3693075522755283,32
1894,0,2984,1503,1481,0,0,0,1.0,1,1.0,1,1.0,1,0.3586955773819726,33
1895,3,2987,1504,1483,0,0,0,1.0,1,1.0,1,1.0,1,0.3262048278870481,35
1896,1,2988,1504,1484,0,0,0,1.0,1,1.0,1,1.0,1,0.33050506997567375,34
1897,0,2988,1504,1484,0,0,0,1.0,1,1.0,1,1.0,1,0.33050506997567375,34
1898,0,2988,1504,1484,0,0,0,1.0,1,1.0,1,1.0,1,0.33050506997567375,34
1899,0,2988,1504,1484,0,0,0,1.0,1,1.0,1,1.0,1,0.33050506997567375,34
1900,1,2989,1504,1485,0,0,0,1.0,1,1.0,1,1.0,1,0.33312349570238153,35
1901,1,2990,1504,1486,0,0,0,1.0,1,1.0,1,1.0,1,0.30961479990705665,35
1902,2,2992,1505,1487,0,0,0,1.0,1,1.0,1,1.0,1,0.3350527809576796,35
1903,0,2992,1505,1487,0,0,0,1.0,1,1.0,1,1.0,1,0.3350527809576796,35
1904,0,2992,1505,1487,0,0,0,1.0,1,1.0,1,1.0,1,0.3350527809576796,35
1905,0,2992,1505,1487,0,0,0,1.0,1,1.0,1,1.0,1,0.3075789992279154,37
1906,0,2992,1505,1487,0,0,0,1.0,1,1.0,1,1.0,1,0.3075789992279154,37
1907,1,2993,1505,1488,0,0,0,1.0,1,1.0,1,1.0,1,0.28249981181088596,39
1908,0,2993,1505,1488,0,0,0,1.0,1,1.0,1,1.0,1,0.28249981181088596,39
1909,1,2994,1505,1489,0,0,0,1.0,1,1.0,1,1.0,1,0.2868066140588506,41
1910,0,2994,1505,1489,0,0,0,1.0,1,1.0,1,1.0,1,0.2868066140588506,41
1911,1,2995,1505,1490,0,0,0,1.0,1,1.0,1,1.0,1,0.30217164435969673,40
1912,1,2996,1506,1490,0,0,0,1.0,1,1.0,1,1.0,1,0.278693094868327,39
1913,1,2997,1507,1490,0,0,0,1.0,1,1.0,1,1.0,1,0.2835841021094794,40
1914,0,2997,1507,1490,0,0,0,1.0,1,1.0,1,1.0,1,0.279211779537398,41
1915,5,3002,1509,1493,0,0,0,1.0,1,1.0,1,1.0,1,0.2721710980201874,42
1916,2,3004,1511,1493,0,0,0,1.0,1,1.0,1,1.0,1,0.2979495279702231,42
1917,2,3006,1511,1495,0,0,0,1.0,1,1.0,1,1.0,1,0.272535399637546,41
1918,1,3007,1512,1495,0,0,0,1.0,1,1.0,1,1.0,1,0.2276093888401099,38
1919,2,3009,1513,1496,0,0,0,1.0,1,1.0,1,1.0,1,0.2991017251401712,38
1920,2,3011,1514,1497,0,0,0,1.0,1,1.0,1,1.0,1,0.31157171691842694,38
1921,1,3012,1514,1498,0,0,0,1.0,1,1.0,1,1.0,1,0.26265695246974147,39
1922,0,3012,1514,1498,0,0,0,1.0,1,1.0,1,1.0,1,0.24129251572985952,40
1923,2,3014,1515,1499,0,0,0,1.0,1,1.0,1,1.0,1,0.2159170053673569,41
1924,5,3019,1518,1501,0,0,0,1.0,1,1.0,1,1.0,1,0.22488928249355036,41
1925,1,3020,1518,1502,0,0,0,1.0,1,1.0,1,1.0,1,0.19780908040318665,41
1926,0,3020,1518,1502,0,0,0,1.0,1,1.0,1,1.0,1,0.19780908040318665,41
1927,0,3020,1518,1502,0,0,0,1.0,1,1.0,1,1.0,1,0.19780908040318665,41
1928,1,3021,1519,1502,0,0,0,1.0,1,1.0,1,1.0,1,0.206822863704879,42
1929,1,3022,1519,1503,0,0,0,1.0,1,1.0,1,1.0,1,0.19354745545048432,41
1930,0,3022,1519,1503,0,0,0,1.0,1,1.0,1,1.0,1,0.19354745545048432,41
1931,0,3022,1519,1503,0,0,0,1.0,1,1.0,1,1.0,1,0.19354745545048432,41
1932,0,3022,1519,1503,0,0,0,1.0,1,1.0,1,1.0,1,0.19354745545048432,41
1933,1,3023,1520,1503,0,0,0,1.0,1,1.0,1,1.0,1,0.21844031953364668,43
1934,0,3023,1520,1503,0,0,0,1.0,1,1.0,1,1.0,1,0.22681074557331168,44
1935,0,3023,1520,1503,0,0,0,1.0,1,1.0,1,1.0,1,0.22003278848963642,45
1936,0,3023,1520,1503,0,0,0,1.0,1,1.0,1,1.0,1,0.21845743600688713,48
1937,2,3025,1522,1503,0,0,0,1.0,1,1.0,1,1.0,1,0.24143587887791348,48
1938,3,3028,1523,1505,0,0,0,1.0,1,1.0,1,1.0,1,0.17856566451699682,48
1939,0,3028,1523,1505,0,0,0,1.0,1,1.0,1,1.0,1,0.17856566451699682,48
1940,0,3028,1523,1505,0,0,0,1.0,1,1.0,1,1.0,1,0.17856566451699682,48
1941,1,3029,1524,1505,0,0,0,1.0,1,1.0,1,1.0,1,0.18893850256112876,48
1942,4,3033,1525,1508,0,0,0,1.0,1,1.0,1,1.0,1,0.20349122254410004,49
1943,0,3033,1525,1508,0,0,0,1.0,1,1.0,1,1.0,1,0.19763646712611996,48
1944,5,3038,1529,1509,0,0,0,1.0,1,1.0,1,1.0,1,0.2575834944558447,47
1945,3,3041,1531,1510,0,0,0,1.0,1,1.0,1,1.0,1,0.2634352802250553,46
1946,3,3044,1531,1513,0,0,0,1.0,1,1.0,1,1.0,1,0.24672574114150134,46
1947,6,3050,1535,1515,0,0,0,1.0,1,1.0,1,1.0,1,0.3036927103749492,45
1948,2,3052,1535,1517,0,0,0,1.0,1,1.0,1,1.0,1,0.25546994618376906,46
1949,4,3056,1537,1519,0,0,0,1.0,1,1.0,1,1.0,1,0.3113471979156268,42
1950,0,3056,1537,1519,0,0,0,1.0,1,1.0,1,1.0,1,0.30269516601065827,40
1951,2,3058,1539,1519,0,0,0,1.0,1,1.0,1,1.0,1,0.35367124552180595,39
1952,2,3060,1540,1520,0,0,0,1.0,1,1.0,1,1.0,1,0.3358149972151022,35
1953,4,3064,1542,1522,0,0,0,1.0,1,1.0,1,1.0,1,0.2827528258219107,36
1954,2,3066,1543,1523,0,0,0,1.0,1,1.0,1,1.0,1,0.29590411414844175,34
1955,1,3067,1543,1524,0,0,0,1.0,1,1.0,1,1.0,1,0.2803955921033113,35
1956,1,3068,1544,1524,0,0,0,1.0,1,1.0,1,1.0,1,0.29924714211019515,37
1957,3,3071,1544,1527,0,0,0,1.0,1,1.0,1,1.0,1,0.2331388544143298,37
1958,1,3072,1544,1528,0,0,0,1.0,1,1.0,1,1.0,1,0.21292176501906593,39
1959,1,3073,1544,1529,0,0,0,1.0,1,1.0,1,1.0,1,0.22207418268687587,41
1960,3,3076,1546,1530,0,0,0,1.0,1,1.0,1,1.0,1,0.2755806619336661,40
1961,0,3076,1546,1530,0,0,0,1.0,1,1.0,1,1.0,1,0.27093772148594075,41
1962,1,3077,1546,1531,0,0,0,1.0,1,1.0,1,1.0,1,0.28652033405023997,40
1963,2,3079,1546,1533,0,0,0,1.0,1,1.0,1,1.0,1,0.2554252201529539,41
1964,1,3080,1547,1533,0,0,0,1.0,1,1.0,1,1.0,1,0.2666863860208467,40
1965,0,3080,1547,1533,0,0,0,1.0,1,1.0,1,1.0,1,0.24747725123538478,41
1966,0,3080,1547,1533,0,0,0,1.0,1,1.0,1,1.0,1,0.24747725123538478,41
1967,1,3081,1548,1533,0,0,0,1.0,1,1.0,1,1.0,1,0.269992960101116,42
1968,2,3083,1548,1535,0,0,0,1.0,1,1.0,1,1.0,1,0.2401581602077348,42
1969,0,3083,1548,1535,0,0,0,1.0,1,1.0,1,1.0,1,0.24668704689558513,43
1970,1,3084,1548,1536,0,0,0,1.0,1,1.0,1,1.0,1,0.2573560419598655,42
1971,3,3087,1549,1538,0,0,0,1.0,1,1.0,1,1.0,1,0.23253331540274888,42
1972,0,3087,1549,1538,0,0,0,1.0,1,1.0,1,1.0,1,0.23253331540274888,42
1973,0,3087,1549,1538,0,0,0,1.0,1,1.0,1,1.0,1,0.24404174319558827,43
1974,1,3088,1550,1538,0,0,0,1.0,1,1.0,1,1.0,1,0.2723250807608102,43
1975,3,3091,1550,1541,0,0,0,1.0,1,1.0,1,1.0,1,0.23116126586291857,43
1976,1,3092,1551,1541,0,0,0,1.0,1,1.0,1,1.0,1,0.2201517737374429,43
1977,1,3093,1551,1542,0,0,0,1.0,1,1.0,1,1.0,1,0.24891678465951916,48
1978,4,3097,1555,1542,0,0,0,1.0,1,1.0,1,1.0,1,0.25398170354999633,48
1979,2,3099,1555,1544,0,0,0,1.0,1,1.0,1,1.0,1,0.23612219583146085,49
1980,0,3099,1555,1544,0,0,0,1.0,1,1.0,1,1.0,1,0.24488627104605637,50
1981,2,3101,1557,1544,0,0,0,1.0,1,1.0,1,1.0,1,0.23434308930437084,50
1982,1,3102,1558,1544,0,0,0,1.0,1,1.0,1,1.0,1,0.23573543340293368,50
1983,1,3103,1559,1544,0,0,0,1.0,1,1.0,1,1.0,1,0.2381784847317838,49
1984,2,3105,1561,1544,0,0,0,1.0,1,1.0,1,1.0,1,0.22418210824667556,48
1985,1,3106,1561,1545,0,0,0,1.0,1,1.0,1,1.0,1,0.21831802860000218,46
1986,3,3109,1563,1546,0,0,0,1.0,1,1.0,1,1.0,1,0.21119625467995143,46
1987,2,3111,1565,1546,0,0,0,1.0,1,1.0,1,1.0,1,0.20864517753735987,42
1988,2,3113,1565,1548,0,0,0,1.0,1,1.0,1,1.0,1,0.18390835351497403,40
1989,2,3115,1567,1548,0,0,0,1.0,1,1.0,1,1.0,1,0.19817841371378733,38
1990,0,3115,1567,1548,0,0,0,1.0,1,1.0,1,1.0,1,0.18364213175580268,38
1991,2,3117,1569,1548,0,0,0,1.0,1,1.0,1,1.0,1,0.20913287369572253,38
1992,1,3118,1569,1549,0,0,0,1.0,1,1.0,1,1.0,1,0.20398051444256246,39
1993,4,3122,1572,1550,0,0,0,1.0,1,1.0,1,1.0,1,0.29935352057080333,38
1994,1,3123,1573,1550,0,0,0,1.0,1,1.0,1,1.0,1,0.2894635369416143,37
1995,3,3126,1574,1552,0,0,0,1.0,1,1.0,1,1.0,1,0.273103338577802,37
1996,2,3128,1575,1553,0,0,0,1.0,1,1.0,1,1.0,1,0.23429410522632227,37
1997,1,3129,1575,1554,0,0,0,1.0,1,1.0,1,1.0,1,0.24395497341376168,35
1998,0,3129,1575,1554,0,0,0,1.0,1,1.0,1,1.0,1,0.26093475389397214,34
1999,2,3131,1577,1554,0,0,0,1.0,1,1.0,1,1.0,1,0.2541530210699756,35
2000,0,3131,1577,1554,0,0,0,1.0,1,1.0,1,1.0,1,0.2797595987923193,34
2001,0,3131,1577,1554,0,0,0,1.0,1,1.0,1,1.0,1,0.2967435560206475,35
2002,3,3134,1578,1556,0,0,0,1.0,1,1.0,1,1.0,1,0.2777860227218497,36
2003,2,3136,1578,1558,0,0,0,1.0,1,1.0,1,1.0,1,0.26515046989222824,37
2004,4,3140,1580,1560,0,0,0,1.0,1,1.0,1,1.0,1,0.24388368790132794,38
2005,1,3141,1581,1560,0,0,0,1.0,1,1.0,1,1.0,1,0.23707669409304405,38
2006,0,3141,1581,1560,0,0,0,1.0,1,1.0,1,1.0,1,0.23707669409304405,38
2007,1,3142,1582,1560,0,0,0,1.0,1,1.0,1,1.0,1,0.23658415174801525,40
2008,2,3144,1583,1561,0,0,0,1.0,1,1.0,1,1.0,1,0.22195077252924744,40
2009,2,3146,1585,1561,0,0,0,1.0,1,1.0,1,1.0,1,0.23534304780939594,41
2010,0,3146,1585,1561,0,0,0,1.0,1,1.0,1,1.0,1,0.23534304780939594,41
2011,0,3146,1585,1561,0,0,0,1.0,1,1.0,1,1.0,1,0.23534304780939594,41
2012,0,3146,1585,1561,0,0,0,1.0,1,1.0,1,1.0,1,0.23534304780939594,41
2013,0,3146,1585,1561,0,0,0,1.0,1,1.0,1,1.0,1,0.25833958269986157,43
2014,1,3147,1585,1562,0,0,0,1.0,1,1.0,1,1.0,1,0.27146034959035353,43
2015,0,3147,1585,1562,0,0,0,1.0,1,1.0,1,1.0,1,0.27146034959035353,43
2016,3,3150,1586,1564,0,0,0,1.0,1,1.0,1,1.0,1,0.25645026772817237,44
2017,0,3150,1586,1564,0,0,0,1.0,1,1.0,1,1.0,1,0.25015521915061645,45
2018,5,3155,1589,1566,0,0,0,1.0,1,1.0,1,1.0,1,0.19732264950540246,46
2019,0,3155,1589,1566,0,0,0,1.0,1,1.0,1,1.0,1,0.18654031273299296,47
2020,0,3155,1589,1566,0,0,0,1.0,1,1.0,1,1.0,1,0.18654031273299296,47
2021,1,3156,1590,1566,0,0,0,1.0,1,1.0,1,1.0,1,0.19023729138994772,47
2022,2,3158,1590,1568,0,0,0,1.0,1,1.0,1,1.0,1,0.174098281311973,48
2023,2,3160,1592,1568,0,0,0,1.0,1,1.0,1,1.0,1,0.21385538016157424,48
2024,4,3164,1596,1568,0,0,0,1.0,1,1.0,1,1.0,1,0.22940320595971533,45
2025,2,3166,1598,1568,0,0,0,1.0,1,1.0,1,1.0,1,0.27498276182299647,42
2026,2,3168,1600,1568,0,0,0,1.0,1,1.0,1,1.0,1,0.2724326234264526,44
2027,2,3170,1601,1569,0,0,0,1.0,1,1.0,1,1.0,1,0.3000829165679412,40
2028,4,3174,1603,1571,0,0,0,1.0,1,1.0,1,1.0,1,0.3126238257389148,39
2029,2,3176,1603,1573,0,0,0,1.0,1,1.0,1,1.0,1,0.30247053951860814,37
2030,4,3180,1604,1576,0,0,0,1.0,1,1.0,1,1.0,1,0.30443163803163825,34
2031,4,3184,1607,1577,0,0,0,1.0,1,1.0,1,1.0,1,0.278197603642913,35
2032,2,3186,1608,1578,0,0,0,1.0,1,1.0,1,1.0,1,0.27957566443260595,34
2033,2,3188,1610,1578,0,0,0,1.0,1,1.0,1,1.0,1,0.2866889981319584,36
2034,1,3189,1610,1579,0,0,0,1.0,1,1.0,1,1.0,1,0.2826621112913223,34
2035,3,3192,1611,1581,0,0,0,1.0,1,1.0,1,1.0,1,0.27788789620866094,35
2036,2,3194,1612,1582,0,0,0,1.0,1,1.0,1,1.0,1,0.2672947247868619,34
2037,2,3196,1612,1584,0,0,0,1.0,1,1.0,1,1.0,1,0.22792310275735583,35
2038,0,3196,1612,1584,0,0,0,1.0,1,1.0,1,1.0,1,0.22547523181051424,36
2039,1,3197,1613,1584,0,0,0,1.0,1,1.0,1,1.0,1,0.23196814851174383,38
2040,0,3197,1613,1584,0,0,0,1.0,1,1.0,1,1.0,1,0.23196814851174383,38
2041,0,3197,1613,1584,0,0,0,1.0,1,1.0,1,1.0,1,0.23234610299773553,39
2042,0,3197,1613,1584,0,0,0,1.0,1,1.0,1,1.0,1,0.23234610299773553,39
2043,1,3198,1613,1585,0,0,0,1.0,1,1.0,1,1.0,1,0.18949508939208656,39
2044,0,3198,1613,1585,0,0,0,1.0,1,1.0,1,1.0,1,0.18949508939208656,39
2045,1,3199,1613,1586,0,0,0,1.0,1,1.0,1,1.0,1,0.17601268563386097,41
2046,0,3199,1613,1586,0,0,0,1.0,1,1.0,1,1.0,1,0.19558293161898602,42
2047,0,3199,1613,1586,0,0,0,1.0,1,1.0,1,1.0,1,0.19558293161898602,42
2048,2,3201,1614,1587,0,0,0,1.0,1,1.0,1,1.0,1,0.21124553905556534,43
2049,2,3203,1615,1588,0,0,0,1.0,1,1.0,1,1.0,1,0.22904082555117486,44
2050,1,3204,1615,1589,0,0,0,1.0,1,1.0,1,1.0,1,0.2110498434308177,44
2051,4,3208,1616,1592,0,0,0,1.0,1,1.0,1,1.0,1,0.23262929650025502,45
2052,1,3209,1616,1593,0,0,0,1.0,1,1.0,1,1.0,1,0.21037916733783274,45
2053,1,3210,1617,1593,0,0,0,1.0,1,1.0,1,1.0,1,0.22585680574820902,45
2054,3,3213,1618,1595,0,0,0,1.0,1,1.0,1,1.0,1,0.20813552007343186,46
2055,0,3213,1618,1595,0,0,0,1.0,1,1.0,1,1.0,1,0.20813552007343186,46
2056,2,3215,1618,1597,0,0,0,1.0,1,1.0,1,1.0,1,0.18185569957801118,46
2057,5,3220,1621,1599,0,0,0,1.0,1,1.0,1,1.0,1,0.14011578558242951,47
2058,1,3221,1622,1599,0,0,0,1.0,1,1.0,1,1.0,1,0.17449069239160817,47
2059,2,3223,1623,1600,0,0,0,1.0,1,1.0,1,1.0,1,0.15618177526297095,48
2060,4,3227,1625,1602,0,0,0,1.0,1,1.0,1,1.0,1,0.15113329959568744,50
2061,1,3228,1626,1602,0,0,0,1.0,1,1.0,1,1.0,1,0.13863300874369033,51
2062,3,3231,1628,1603,0,0,0,1.0,1,1.0,1,1.0,1,0.1600780681823632,49
2063,1,3232,1629,1603,0,0,0,1.0,1,1.0,1,1.0,1,0.16276492178777674,48
2064,1,3233,1630,1603,0,0,0,1.0,1,1.0,1,1.0,1,0.18276529509638276,45
2065,0,3233,1630,1603,0,0,0,1.0,1,1.0,1,1.0,1,0.18792142521425612,44
2066,2,3235,1631,1604,0,0,0,1.0,1,1.0,1,1.0,1,0.16713041853704913,42
2067,3,3238,1632,1606,0,0,0,1.0,1,1.0,1,1.0,1,0.18133248884891334,41
2068,2,3240,1633,1607,0,0,0,1.0,1,1.0,1,1.0,1,0.17161893125151084,40
2069,1,3241,1634,1607,0,0,0,1.0,1,1.0,1,1.0,1,0.20257370698114366,40
2070,1,3242,1634,1608,0,0,0,1.0,1,1.0,1,1.0,1,0.18113557762224583,40
2071,1,3243,1635,1608,0,0,0,1.0,1,1.0,1,1.0,1,0.20348003273112228,40
2072,2,3245,1635,1610,0,0,0,1.0,1,1.0,1,1.0,1,0.19690465629623272,41
2073,1,3246,1636,1610,0,0,0,1.0,1,1.0,1,1.0,1,0.2215223789045264,41
2074,1,3247,1636,1611,0,0,0,1.0,1,1.0,1,1.0,1,0.1966364685414161,41
2075,2,3249,1637,1612,0,0,0,1.0,1,1.0,1,1.0,1,0.1775000151974739,41
2076,4,3253,1640,1613,0,0,0,1.0,1,1.0,1,1.0,1,0.18021177628286345,41
2077,0,3253,1640,1613,0,0,0,1.0,1,1.0,1,1.0,1,0.1738008045971477,40
2078,0,3253,1640,1613,0,0,0,1.0,1,1.0,1,1.0,1,0.1738008045971477,40
2079,1,3254,1640,1614,0,0,0,1.0,1,1.0,1,1.0,1,0.13052026844204986,39
2080,1,3255,1641,1614,0,0,0,1.0,1,1.0,1,1.0,1,0.18641623276356878,38
2081,0,3255,1641,1614,0,0,0,1.0,1,1.0,1,1.0,1,0.19227297111280786,40
2082,1,3256,1642,1614,0,0,0,1.0,1,1.0,1,1.0,1,0.2595784645001438,41
2083,4,3260,1644,1616,0,0,0,1.0,1,1.0,1,1.0,1,0.19715858779079223,40
2084,5,3265,1647,1618,0,0,0,1.0,1,1.0,1,1.0,1,0.19657068677414524,42
2085,1,3266,1647,1619,0,0,0,1.0,1,1.0,1,1.0,1,0.16957588865513562,42
2086,1,3267,1648,1619,0,0,0,1.0,1,1.0,1,1.0,1,0.1601898200668681,43
2087,1,3268,1649,1619,0,0,0,1.0,1,1.0,1,1.0,1,0.189211843085802,45
2088,3,3271,1651,1620,0,0,0,1.0,1,1.0,1,1.0,1,0.22522141287295705,46
2089,0,3271,1651,1620,0,0,0,1.0,1,1.0,1,1.0,1,0.22256865905716147,47
2090,2,3273,1651,1622,0,0,0,1.0,1,1.0,1,1.0,1,0.22743442611706188,49
2091,1,3274,1651,1623,0,0,0,1.0,1,1.0,1,1.0,1,0.20796364788808305,49
2092,1,3275,1652,1623,0,0,0,1.0,1,1.0,1,1.0,1,0.18890539766915035,49
2093,2,3277,1653,1624,0,0,0,1.0,1,1.0,1,1.0,1,0.1862036694256551,49
2094,0,3277,1653,1624,0,0,0,1.0,1,1.0,1,1.0,1,0.1862036694256551,49
2095,0,3277,1653,1624,0,0,0,1.0,1,1.0,1,1.0,1,0.169506517710552,49
2096,0,3277,1653,1624,0,0,0,1.0,1,1.0,1,1.0,1,0.1752200412741113,51
2097,2,3279,1654,1625,0,0,0,1.0,1,1.0,1,1.0,1,0.1365733142385551,51
2098,1,3280,1655,1625,0,0,0,1.0,1,1.0,1,1.0,1,0.17086946451508783,52
2099,1,3281,1655,1626,0,0,0,1.0,1,1.0,1,1.0,1,0.16971103175151306,51
2100,2,3283,1657,1626,0,0,0,1.0,1,1.0,1,1.0,1,0.2012797139725552,51
2101,1,3284,1657,1627,0,0,0,1.0,1,1.0,1,1.0,1,0.23132598006171318,48
2102,4,3288,1659,1629,0,0,0,1.0,1,1.0,1,1.0,1,0.2601401849731308,49
2103,5,3293,1662,1631,0,0,0,1.0,1,1.0,1,1.0,1,0.2573977893876111,48
2104,0,3293,1662,1631,0,0,0,1.0,1,1.0,1,1.0,1,0.2662772643267797,43
2105,1,3294,1663,1631,0,0,0,1.0,1,1.0,1,1.0,1,0.30332137226790135,42
2106,3,3297,1664,1633,0,0,0,1.0,1,1.0,1,1.0,1,0.3021595279823601,40
2107,1,3298,1664,1634,0,0,0,1.0,1,1.0,1,1.0,1,0.2736613874122985,39
2108,2,3300,1666,1634,0,0,0,1.0,1,1.0,1,1.0,1,0.29366772635569305,38
2109,1,3301,1667,1634,0,0,0,1.0,1,1.0,1,1.0,1,0.31494232409388334,37
2110,3,3304,1669,1635,0,0,0,1.0,1,1.0,1,1.0,1,0.34242058808012515,38
2111,2,3306,1670,1636,0,0,0,1.0,1,1.0,1,1.0,1,0.35760842542406285,37
2112,1,3307,1671,1636,0,0,0,1.0,1,1.0,1,1.0,1,0.3054675894163515,36
2113,2,3309,1672,1637,0,0,0,1.0,1,1.0,1,1.0,1,0.35098655630453557,36
2114,1,3310,1672,1638,0,0,0,1.0,1,1.0,1,1.0,1,0.32060546351788655,36
2115,0,3310,1672,1638,0,0,0,1.0,1,1.0,1,1.0,1,0.311323539401386,35
2116,1,3311,1673,1638,0,0,0,1.0,1,1.0,1,1.0,1,0.3748881368605359,37
2117,0,3311,1673,1638,0,0,0,1.0,1,1.0,1,1.0,1,0.33777267875965133,38
2118,1,3312,1673,1639,0,0,0,1.0,1,1.0,1,1.0,1,0.33103574168046607,40
2119,0,3312,1673,1639,0,0,0,1.0,1,1.0,1,1.0,1,0.33103574168046607,40
2120,1,3313,1674,1639,0,0,0,1.0,1,1.0,1,1.0,1,0.3687518108366269,41
2121,1,3314,1674,1640,0,0,0,1.0,1,1.0,1,1.0,1,0.3317191522123795,41
2122,1,3315,1675,1640,0,0,0,1.0,1,1.0,1,1.0,1,0.3282798316043023,42
2123,1,3316,1675,1641,0,0,0,1.0,1,1.0,1,1.0,1,0.30821014113860573,43
2124,0,3316,1675,1641,0,0,0,1.0,1,1.0,1,1.0,1,0.33048014326051944,41
2125,0,3316,1675,1641,0,0,0,1.0,1,1.0,1,1.0,1,0.33048014326051944,41
2126,0,3316,1675,1641,0,0,0,1.0,1,1.0,1,1.0,1,0.3557467059948031,40
2127,0,3316,1675,1641,0,0,0,1.0,1,1.0,1,1.0,1,0.3557467059948031,40
2128,1,3317,1675,1642,0,0,0,1.0,1,1.0,1,1.0,1,0.3614709848296521,41
2129,0,3317,1675,1642,0,0,0,1.0,1,1.0,1,1.0,1,0.35007323092751624,42
2130,1,3318,1675,1643,0,0,0,1.0,1,1.0,1,1.0,1,0.3571657570053882,45
2131,0,3318,1675,1643,0,0,0,1.0,1,1.0,1,1.0,1,0.3571657570053882,45
2132,1,3319,1675,1644,0,0,0,1.0,1,1.0,1,1.0,1,0.3490924974669069,46
2133,3,3322,1675,1647,0,0,0,1.0,1,1.0,1,1.0,1,0.3014018511747913,46
2134,4,3326,1675,1651,0,0,0,1.0,1,1.0,1,1.0,1,0.24256897420840348,47
2135,3,3329,1675,1654,0,0,0,1.0,1,1.0,1,1.0,1,0.17656892015522718,47
2136,1,3330,1676,1654,0,0,0,1.0,1,1.0,1,1.0,1,0.19713527653774723,47
2137,3,3333,1676,1657,0,0,0,1.0,1,1.0,1,1.0,1,0.1526124995375468,49
2138,2,3335,1677,1658,0,0,0,1.0,1,1.0,1,1.0,1,0.182899922698209,49
2139,1,3336,1678,1658,0,0,0,1.0,1,1.0,1,1.0,1,0.16212473155636847,47
2140,6,3342,1681,1661,0,0,0,1.0,1,1.0,1,1.0,1,0.18650132582612763,48
2141,4,3346,1682,1664,0,0,0,1.0,1,1.0,1,1.0,1,0.13551901662330226,47
2142,0,3346,1682,1664,0,0,0,1.0,1,1.0,1,1.0,1,0.13551901662330226,47
2143,0,3346,1682,1664,0,0,0,1.0,1,1.0,1,1.0,1,0.1565400230309647,48
2144,2,3348,1684,1664,0,0,0,1.0,1,1.0,1,1.0,1,0.21079049572987663,48
2145,2,3350,1686,1664,0,0,0,1.0,1,1.0,1,1.0,1,0.19182833613324418,46
2146,2,3352,1688,1664,0,0,0,1.0,1,1.0,1,1.0,1,0.16029994241641662,47
2147,5,3357,1693,1664,0,0,0,1.0,1,1.0,1,1.0,1,0.17531098683739454,48
2148,0,3357,1693,1664,0,0,0,1.0,1,1.0,1,1.0,1,0.17246994717191683,46
2149,5,3362,1696,1666,0,0,0,1.0,1,1.0,1,1.0,1,0.1758496695179356,46
2150,2,3364,1698,1666,0,0,0,1.0,1,1.0,1,1.0,1,0.2032531147121797,46
2151,3,3367,1699,1668,0,0,0,1.0,1,1.0,1,1.0,1,0.17943643952311536,44
2152,2,3369,1700,1669,0,0,0,1.0,1,1.0,1,1.0,1,0.22226250879682163,45
2153,2,3371,1701,1670,0,0,0,1.0,1,1.0,1,1.0,1,0.23220052279617873,48
2154,4,3375,1704,1671,0,0,0,1.0,1,1.0,1,1.0,1,0.24876764263586124,47
2155,5,3380,1706,1674,0,0,0,1.0,1,1.0,1,1.0,1,0.26148537685738404,48
2156,2,3382,1707,1675,0,0,0,1.0,1,1.0,1,1.0,1,0.26827714333971886,45
2157,0,3382,1707,1675,0,0,0,1.0,1,1.0,1,1.0,1,0.27420872202470514,43
2158,2,3384,1708,1676,0,0,0,1.0,1,1.0,1,1.0,1,0.24366815643620984,43
2159,3,3387,1710,1677,0,0,0,1.0,1,1.0,1,1.0,1,0.29506543533314306,43
2160,1,3388,1710,1678,0,0,0,1.0,1,1.0,1,1.0,1,0.2497081179948281,41
2161,1,3389,1710,1679,0,0,0,1.0,1,1.0,1,1.0,1,0.23223300086432755,41
2162,5,3394,1713,1681,0,0,0,1.0,1,1.0,1,1.0,1,0.1716619216691893,42
2163,3,3397,1714,1683,0,0,0,1.0,1,1.0,1,1.0,1,0.1600475942075248,43
2164,2,3399,1716,1683,0,0,0,1.0,1,1.0,1,1.0,1,0.2453123957815498,44
2165,1,3400,1716,1684,0,0,0,1.0,1,1.0,1,1.0,1,0.22655998644271796,44
2166,1,3401,1716,1685,0,0,0,1.0,1,1.0,1,1.0,1,0.20650314345789994,46
2167,2,3403,1717,1686,0,0,0,1.0,1,1.0,1,1.0,1,0.2213232248935193,46
2168,0,3403,1717,1686,0,0,0,1.0,1,1.0,1,1.0,1,0.20727942895867724,45
2169,2,3405,1717,1688,0,0,0,1.0,1,1.0,1,1.0,1,0.16646263525980928,49
2170,0,3405,1717,1688,0,0,0,1.0,1,1.0,1,1.0,1,0.16646263525980928,49
2171,1,3406,1717,1689,0,0,0,1.0,1,1.0,1,1.0,1,0.15365846170883052,51
2172,1,3407,1718,1689,0,0,0,1.0,1,1.0,1,1.0,1,0.13991896800171597,52
2173,0,3407,1718,1689,0,0,0,1.0,1,1.0,1,1.0,1,0.13991896800171597,52
2174,0,3407,1718,1689,0,0,0,1.0,1,1.0,1,1.0,1,0.13991896800171597,52
2175,0,3407,1718,1689,0,0,0,1.0,1,1.0,1,1.0,1,0.14926915573798663,53
2176,3,3410,1719,1691,0,0,0,1.0,1,1.0,1,1.0,1,0.1267468848173971,54
2177,2,3412,1721,1691,0,0,0,1.0,1,1.0,1,1.0,1,0.15946330758334012,55
2178,2,3414,1722,1692,0,0,0,1.0,1,1.0,1,1.0,1,0.12034449356790682,54
2179,3,3417,1724,1693,0,0,0,1.0,1,1.0,1,1.0,1,0.1366460558196834,52
2180,3,3420,1727,1693,0,0,0,1.0,1,1.0,1,1.0,1,0.19667846491287544,51
2181,1,3421,1727,1694,0,0,0,1.0,1,1.0,1,1.0,1,0.15340627628944492,49
2182,3,3424,1730,1694,0,0,0,1.0,1,1.0,1,1.0,1,0.20651086023076834,49
2183,4,3428,1734,1694,0,0,0,1.0,1,1.0,1,1.0,1,0.2401176321574571,46
2184,2,3430,1735,1695,0,0,0,1.0,1,1.0,1,1.0,1,0.23227880179006463,45
2185,3,3433,1736,1697,0,0,0,1.0,1,1.0,1,1.0,1,0.20375361278911425,44
2186,4,3437,1740,1697,0,0,0,1.0,1,1.0,1,1.0,1,0.20963334081294352,42
2187,6,3443,1745,1698,0,0,0,1.0,1,1.0,1,1.0,1,0.2278513504540591,40
2188,5,3448,1749,1699,0,0,0,1.0,1,1.0,1,1.0,1,0.17907579032506626,38
2189,2,3450,1749,1701,0,0,0,1.0,1,1.0,1,1.0,1,0.14649489578619246,36
2190,3,3453,1752,1701,0,0,0,1.0,1,1.0,1,1.0,1,0.21415345719798404,34
2191,1,3454,1753,1701,0,0,0,1.0,1,1.0,1,1.0,1,0.20262265300257387,34
2192,2,3456,1755,1701,0,0,0,1.0,1,1.0,1,1.0,1,0.2377894654125706,33
2193,1,3457,1755,1702,0,0,0,1.0,1,1.0,1,1.0,1,0.2569221796943332,32
2194,1,3458,1756,1702,0,0,0,1.0,1,1.0,1,1.0,1,0.25214806401100215,32
2195,0,3458,1756,1702,0,0,0,1.0,1,1.0,1,1.0,1,0.26967897608040314,31
2196,3,3461,1757,1704,0,0,0,1.0,1,1.0,1,1.0,1,0.25086932208912593,32
2197,3,3464,1758,1706,0,0,0,1.0,1,1.0,1,1.0,1,0.1840070207344552,31
2198,0,3464,1758,1706,0,0,0,1.0,1,1.0,1,1.0,1,0.1840070207344552,31
2199,1,3465,1759,1706,0,0,0,1.0,1,1.0,1,1.0,1,0.19238606143215267,32
2200,1,3466,1759,1707,0,0,0,1.0,1,1.0,1,1.0,1,0.21871788413585622,35
2201,1,3467,1759,1708,0,0,0,1.0,1,1.0,1,1.0,1,0.16799007593578597,36
2202,1,3468,1760,1708,0,0,0,1.0,1,1.0,1,1.0,1,0.15693158208959762,36
2203,0,3468,1760,1708,0,0,0,1.0,1,1.0,1,1.0,1,0.17336609993559204,37
2204,1,3469,1761,1708,0,0,0,1.0,1,1.0,1,1.0,1,0.23396285650329796,36
2205,3,3472,1762,1710,0,0,0,1.0,1,1.0,1,1.0,1,0.17015566081643144,37
2206,2,3474,1764,1710,0,0,0,1.0,1,1.0,1,1.0,1,0.25241169366679594,35
2207,3,3477,1764,1713,0,0,0,1.0,1,1.0,1,1.0,1,0.18789334746002095,37
2208,0,3477,1764,1713,0,0,0,1.0,1,1.0,1,1.0,1,0.19437103889593665,36
2209,0,3477,1764,1713,0,0,0,1.0,1,1.0,1,1.0,1,0.21088652236394592,35
2210,2,3479,1764,1715,0,0,0,1.0,1,1.0,1,1.0,1,0.20031266318552995,38
2211,0,3479,1764,1715,0,0,0,1.0,1,1.0,1,1.0,1,0.23760435568985133,37
2212,1,3480,1764,1716,0,0,0,1.0,1,1.0,1,1.0,1,0.21176788269986063,38
2213,1,3481,1765,1716,0,0,0,1.0,1,1.0,1,1.0,1,0.2015050904573833,38
2214,0,3481,1765,1716,0,0,0,1.0,1,1.0,1,1.0,1,0.20599179463678763,39
2215,1,3482,1766,1716,0,0,0,1.0,1,1.0,1,1.0,1,0.2143904004358492,39
2216,1,3483,1767,1716,0,0,0,1.0,1,1.0,1,1.0,1,0.25249099772214945,39
2217,1,3484,1768,1716,0,0,0,1.0,1,1.0,1,1.0,1,0.21391246203539013,38
2218,2,3486,1770,1716,0,0,0,1.0,1,1.0,1,1.0,1,0.22557890863930896,37
2219,3,3489,1771,1718,0,0,0,1.0,1,1.0,1,1.0,1,0.20336347335206115,36
2220,0,3489,1771,1718,0,0,0,1.0,1,1.0,1,1.0,1,0.24383677143492677,34
2221,1,3490,1772,1718,0,0,0,1.0,1,1.0,1,1.0,1,0.24939148056802413,35
2222,1,3491,1773,1718,0,0,0,1.0,1,1.0,1,1.0,1,0.2827999666550929,33
2223,1,3492,1773,1719,0,0,0,1.0,1,1.0,1,1.0,1,0.24671690216495104,34
2224,1,3493,1773,1720,0,0,0,1.0,1,1.0,1,1.0,1,0.1751099726815021,32
2225,3,3496,1776,1720,0,0,0,1.0,1,1.0,1,1.0,1,0.24723599734357582,33
2226,2,3498,1778,1720,0,0,0,1.0,1,1.0,1,1.0,1,0.27900895646248586,32
2227,1,3499,1779,1720,0,0,0,1.0,1,1.0,1,1.0,1,0.2835517641203311,31
2228,2,3501,1780,1721,0,0,0,1.0,1,1.0,1,1.0,1,0.242731693640823,32
2229,0,3501,1780,1721,0,0,0,1.0,1,1.0,1,1.0,1,0.242731693640823,32
2230,1,3502,1781,1721,0,0,0,1.0,1,1.0,1,1.0,1,0.24068299987307912,31
2231,0,3502,1781,1721,0,0,0,1.0,1,1.0,1,1.0,1,0.2353087718762455,32
2232,2,3504,1782,1722,0,0,0,1.0,1,1.0,1,1.0,1,0.25952656258431767,32
2233,1,3505,1782,1723,0,0,0,1.0,1,1.0,1,1.0,1,0.2592841619173909,31
2234,1,3506,1783,1723,0,0,0,1.0,1,1.0,1,1.0,1,0.31558650751928274,32
2235,4,3510,1783,1727,0,0,0,1.0,1,1.0,1,1.0,1,0.23587390375767375,31
2236,1,3511,1784,1727,0,0,0,1.0,1,1.0,1,1.0,1,0.24843120938174157,31
2237,1,3512,1785,1727,0,0,0,1.0,1,1.0,1,1.0,1,0.2812095428454511,31
2238,3,3515,1786,1729,0,0,0,1.0,1,1.0,1,1.0,1,0.28235052325848614,31
2239,2,3517,1786,1731,0,0,0,1.0,1,1.0,1,1.0,1,0.22532061950923474,31
2240,2,3519,1788,1731,0,0,0,1.0,1,1.0,1,1.0,1,0.2600365020839443,32
2241,2,3521,1789,1732,0,0,0,1.0,1,1.0,1,1.0,1,0.2357768941530313,32
2242,3,3524,1791,1733,0,0,0,1.0,1,1.0,1,1.0,1,0.21270013537861882,34
2243,1,3525,1791,1734,0,0,0,1.0,1,1.0,1,1.0,1,0.19402284998815206,34
2244,0,3525,1791,1734,0,0,0,1.0,1,1.0,1,1.0,1,0.21025073797097427,36
2245,0,3525,1791,1734,0,0,0,1.0,1,1.0,1,1.0,1,0.21025073797097427,36
2246,4,3529,1791,1738,0,0,0,1.0,1,1.0,1,1.0,1,0.14953939837811098,39
2247,0,3529,1791,1738,0,0,0,1.0,1,1.0,1,1.0,1,0.1544242557681848,40
2248,0,3529,1791,1738,0,0,0,1.0,1,1.0,1,1.0,1,0.1544242557681848,40
2249,0,3529,1791,1738,0,0,0,1.0,1,1.0,1,1.0,1,0.15132680006553156,41
2250,0,3529,1791,1738,0,0,0,1.0,1,1.0,1,1.0,1,0.15132680006553156,41
2251,0,3529,1791,1738,0,0,0,1.0,1,1.0,1,1.0,1,0.1717852361293586,42
2252,1,3530,1792,1738,0,0,0,1.0,1,1.0,1,1.0,1,0.17888853293815646,41
2253,1,3531,1793,1738,0,0,0,1.0,1,1.0,1,1.0,1,0.18703265219867576,40
2254,1,3532,1794,1738,0,0,0,1.0,1,1.0,1,1.0,1,0.23616444517391574,39
2255,0,3532,1794,1738,0,0,0,1.0,1,1.0,1,1.0,1,0.2354847963406751,39
2256,2,3534,1796,1738,0,0,0,1.0,1,1.0,1,1.0,1,0.25403202044355166,40
2257,3,3537,1798,1739,0,0,0,1.0,1,1.0,1,1.0,1,0.25125726346441,40
2258,3,3540,1799,1741,0,0,0,1.0,1,1.0,1,1.0,1,0.19372829343084713,39
2259,2,3542,1801,1741,0,0,0,1.0,1,1.0,1,1.0,1,0.20924959631807769,41
2260,2,3544,1802,1742,0,0,0,1.0,1,1.0,1,1.0,1,0.21356657818349636,38
2261,1,3545,1803,1742,0,0,0,1.0,1,1.0,1,1.0,1,0.2224971248358664,38
2262,2,3547,1804,1743,0,0,0,1.0,1,1.0,1,1.0,1,0.23448904551400584,36
2263,3,3550,1806,1744,0,0,0,1.0,1,1.0,1,1.0,1,0.22929295873832523,35
2264,2,3552,1808,1744,0,0,0,1.0,1,1.0,1,1.0,1,0.3039417264981209,33
2265,4,3556,1810,1746,0,0,0,1.0,1,1.0,1,1.0,1,0.3223179066524536,33
2266,6,3562,1813,1749,0,0,0,1.0,1,1.0,1,1.0,1,0.28550374497537734,33
2267,4,3566,1816,1750,0,0,0,1.0,1,1.0,1,1.0,1,0.29227208221056217,33
2268,5,3571,1817,1754,0,0,0,1.0,1,1.0,1,1.0,1,0.2342439868805084,35
2269,2,3573,1819,1754,0,0,0,1.0,1,1.0,1,1.0,1,0.22603639298865502,36
2270,0,3573,1819,1754,0,0,0,1.0,1,1.0,1,1.0,1,0.22955222540258569,34
2271,4,3577,1822,1755,0,0,0,1.0,1,1.0,1,1.0,1,0.22724942913080914,34
2272,3,3580,1823,1757,0,0,0,1.0,1,1.0,1,1.0,1,0.13321114024243627,33
2273,0,3580,1823,1757,0,0,0,1.0,1,1.0,1,1.0,1,0.13961947145215967,32
2274,1,3581,1824,1757,0,0,0,1.0,1,1.0,1,1.0,1,0.16036289469584888,32
2275,1,3582,1825,1757,0,0,0,1.0,1,1.0,1,1.0,1,0.19143634669605025,32
2276,3,3585,1827,1758,0,0,0,1.0,1,1.0,1,1.0,1,0.2316288208998445,31
2277,1,3586,1828,1758,0,0,0,1.0,1,1.0,1,1.0,1,0.23382268345017435,30
2278,2,3588,1828,1760,0,0,0,1.0,1,1.0,1,1.0,1,0.22395183239759742,33
2279,0,3588,1828,1760,0,0,0,1.0,1,1.0,1,1.0,1,0.22395183239759742,33
2280,1,3589,1828,1761,0,0,0,1.0,1,1.0,1,1.0,1,0.20833107107243082,35
2281,2,3591,1828,1763,0,0,0,1.0,1,1.0,1,1.0,1,0.20024577752556294,36
2282,1,3592,1828,1764,0,0,0,1.0,1,1.0,1,1.0,1,0.1543997669240018,36
2283,0,3592,1828,1764,0,0,0,1.0,1,1.0,1,1.0,1,0.1543997669240018,36
2284,1,3593,1829,1764,0,0,0,1.0,1,1.0,1,1.0,1,0.18632792957448302,36
2285,1,3594,1829,1765,0,0,0,1.0,1,1.0,1,1.0,1,0.15281343717313994,37
2286,1,3595,1830,1765,0,0,0,1.0,1,1.0,1,1.0,1,0.19622654255596017,38
2287,1,3596,1831,1765,0,0,0,1.0,1,1.0,1,1.0,1,0.20026222975898114,38
2288,2,3598,1833,1765,0,0,0,1.0,1,1.0,1,1.0,1,0.2793224875671581,40
2289,2,3600,1833,1767,0,0,0,1.0,1,1.0,1,1.0,1,0.2357972903916713,40
2290,1,3601,1834,1767,0,0,0,1.0,1,1.0,1,1.0,1,0.2747733890630127,39
2291,0,3601,1834,1767,0,0,0,1.0,1,1.0,1,1.0,1,0.23835996398965384,37
2292,1,3602,1835,1767,0,0,0,1.0,1,1.0,1,1.0,1,0.2654862701788595,35
2293,4,3606,1838,1768,0,0,0,1.0,1,1.0,1,1.0,1,0.3199364229608339,35
2294,2,3608,1838,1770,0,0,0,1.0,1,1.0,1,1.0,1,0.3290688223806173,35
2295,0,3608,1838,1770,0,0,0,1.0,1,1.0,1,1.0,1,0.3324739567953201,36
2296,0,3608,1838,1770,0,0,0,1.0,1,1.0,1,1.0,1,0.3049795661719775,34
2297,0,3608,1838,1770,0,0,0,1.0,1,1.0,1,1.0,1,0.3253886438539392,35
2298,0,3608,1838,1770,0,0,0,1.0,1,1.0,1,1.0,1,0.32609599069444406,34
2299,2,3610,1840,1770,0,0,0,1.0,1,1.0,1,1.0,1,0.3130017033746539,35
2300,2,3612,1841,1771,0,0,0,1.0,1,1.0,1,1.0,1,0.3123925806844971,35
2301,0,3612,1841,1771,0,0,0,1.0,1,1.0,1,1.0,1,0.3123925806844971,35
2302,4,3616,1844,1772,0,0,0,1.0,1,1.0,1,1.0,1,0.38004185319603484,37
2303,1,3617,1845,1772,0,0,0,1.0,1,1.0,1,1.0,1,0.31584386796008757,35
2304,1,3618,1846,1772,0,0,0,1.0,1,1.0,1,1.0,1,0.3592850827979991,36
2305,1,3619,1846,1773,0,0,0,1.0,1,1.0,1,1.0,1,0.3629939032792311,34
2306,3,3622,1846,1776,0,0,0,1.0,1,1.0,1,1.0,1,0.32641277832078225,35
2307,1,3623,1846,1777,0,0,0,1.0,1,1.0,1,1.0,1,0.32307827375855447,35
2308,0,3623,1846,1777,0,0,0,1.0,1,1.0,1,1.0,1,0.32307827375855447,35
2309,0,3623,1846,1777,0,0,0,1.0,1,1.0,1,1.0,1,0.3399763380981638,34
2310,1,3624,1846,1778,0,0,0,1.0,1,1.0,1,1.0,1,0.3273947070023315,36
2311,4,3628,1846,1782,0,0,0,1.0,1,1.0,1,1.0,1,0.263091082372594,38
2312,4,3632,1848,1784,0,0,0,1.0,1,1.0,1,1.0,1,0.26031125577824993,39
2313,3,3635,1850,1785,0,0,0,1.0,1,1.0,1,1.0,1,0.20117968933396604,39
2314,1,3636,1850,1786,0,0,0,1.0,1,1.0,1,1.0,1,0.18284277398332846,39
2315,3,3639,1852,1787,0,0,0,1.0,1,1.0,1,1.0,1,0.21968515673439998,40
2316,0,3639,1852,1787,0,0,0,1.0,1,1.0,1,1.0,1,0.21968515673439998,40
2317,3,3642,1853,1789,0,0,0,1.0,1,1.0,1,1.0,1,0.23198587213432606,41
2318,2,3644,1854,1790,0,0,0,1.0,1,1.0,1,1.0,1,0.1989608385169883,41
2319,0,3644,1854,1790,0,0,0,1.0,1,1.0,1,1.0,1,0.1989608385169883,41
2320,1,3645,1854,1791,0,0,0,1.0,1,1.0,1,1.0,1,0.20585900340854466,42
2321,0,3645,1854,1791,0,0,0,1.0,1,1.0,1,1.0,1,0.19263503264731874,43
2322,0,3645,1854,1791,0,0,0,1.0,1,1.0,1,1.0,1,0.17948432627480923,42
2323,1,3646,1855,1791,0,0,0,1.0,1,1.0,1,1.0,1,0.22381234728795943,43
2324,3,3649,1855,1794,0,0,0,1.0,1,1.0,1,1.0,1,0.1951996910755606,44
2325,1,3650,1856,1794,0,0,0,1.0,1,1.0,1,1.0,1,0.18093106096412664,44
2326,0,3650,1856,1794,0,0,0,1.0,1,1.0,1,1.0,1,0.163451005385393,45
2327,0,3650,1856,1794,0,0,0,1.0,1,1.0,1,1.0,1,0.163451005385393,45
2328,1,3651,1856,1795,0,0,0,1.0,1,1.0,1,1.0,1,0.16404073876142458,46
2329,1,3652,1857,1795,0,0,0,1.0,1,1.0,1,1.0,1,0.18089012821716746,45
2330,0,3652,1857,1795,0,0,0,1.0,1,1.0,1,1.0,1,0.17786059622901657,47
2331,0,3652,1857,1795,0,0,0,1.0,1,1.0,1,1.0,1,0.1813999678786422,48
2332,0,3652,1857,1795,0,0,0,1.0,1,1.0,1,1.0,1,0.1813999678786422,48
2333,1,3653,1858,1795,0,0,0,1.0,1,1.0,1,1.0,1,0.22304845719981234,49
2334,2,3655,1859,1796,0,0,0,1.0,1,1.0,1,1.0,1,0.24615127249985932,47
2335,3,3658,1860,1798,0,0,0,1.0,1,1.0,1,1.0,1,0.24865049616365323,46
2336,2,3660,1860,1800,0,0,0,1.0,1,1.0,1,1.0,1,0.25747623258363206,46
2337,0,3660,1860,1800,0,0,0,1.0,1,1.0,1,1.0,1,0.24524182094784236,45
2338,3,3663,1862,1801,0,0,0,1.0,1,1.0,1,1.0,1,0.22521213817539415,44
2339,1,3664,1863,1801,0,0,0,1.0,1,1.0,1,1.0,1,0.21372962622995187,45
2340,1,3665,1864,1801,0,0,0,1.0,1,1.0,1,1.0,1,0.20451590424256527,44
2341,2,3667,1864,1803,0,0,0,1.0,1,1.0,1,1.0,1,0.19042133399146444,45
2342,1,3668,1865,1803,0,0,0,1.0,1,1.0,1,1.0,1,0.19956705098635366,47
2343,1,3669,1866,1803,0,0,0,1.0,1,1.0,1,1.0,1,0.19935162315948984,46
2344,3,3672,1867,1805,0,0,0,1.0,1,1.0,1,1.0,1,0.1972367028076518,46
2345,3,3675,1867,1808,0,0,0,1.0,1,1.0,1,1.0,1,0.1553289308421808,45
2346,0,3675,1867,1808,0,0,0,1.0,1,1.0,1,1.0,1,0.14400896876810662,46
2347,0,3675,1867,1808,0,0,0,1.0,1,1.0,1,1.0,1,0.1620296206928683,47
2348,2,3677,1868,1809,0,0,0,1.0,1,1.0,1,1.0,1,0.17210718739256495,49
2349,1,3678,1869,1809,0,0,0,1.0,1,1.0,1,1.0,1,0.1984153914184024,49
2350,2,3680,1870,1810,0,0,0,1.0,1,1.0,1,1.0,1,0.1854126804322206,50
2351,1,3681,1871,1810,0,0,0,1.0,1,1.0,1,1.0,1,0.20064647517332046,50
2352,0,3681,1871,1810,0,0,0,1.0,1,1.0,1,1.0,1,0.21153800298089306,51
2353,1,3682,1871,1811,0,0,0,1.0,1,1.0,1,1.0,1,0.1887765701777407,51
2354,0,3682,1871,1811,0,0,0,1.0,1,1.0,1,1.0,1,0.20074586094311592,51
2355,1,3683,1872,1811,0,0,0,1.0,1,1.0,1,1.0,1,0.2248489278503797,50
2356,0,3683,1872,1811,0,0,0,1.0,1,1.0,1,1.0,1,0.2248489278503797,50
2357,1,3684,1873,1811,0,0,0,1.0,1,1.0,1,1.0,1,0.23844399443061812,49
2358,3,3687,1873,1814,0,0,0,1.0,1,1.0,1,1.0,1,0.21433885995129986,51
2359,0,3687,1873,1814,0,0,0,1.0,1,1.0,1,1.0,1,0.20257645389509527,51
2360,2,3689,1875,1814,0,0,0,1.0,1,1.0,1,1.0,1,0.24935225849167647,51
2361,4,3693,1876,1817,0,0,0,1.0,1,1.0,1,1.0,1,0.1954739708904638,52
2362,2,3695,1876,1819,0,0,0,1.0,1,1.0,1,1.0,1,0.17343299046582036,53
2363,2,3697,1877,1820,0,0,0,1.0,1,1.0,1,1.0,1,0.1828735336955796,54
2364,1,3698,1877,1821,0,0,0,1.0,1,1.0,1,1.0,1,0.16906116831392762,55
2365,3,3701,1880,1821,0,0,0,1.0,1,1.0,1,1.0,1,0.16349467492984535,53
2366,1,3702,1881,1821,0,0,0,1.0,1,1.0,1,1.0,1,0.1660430653936452,53
2367,4,3706,1884,1822,0,0,0,1.0,1,1.0,1,1.0,1,0.18083118615173396,51
2368,6,3712,1887,1825,0,0,0,1.0,1,1.0,1,1.0,1,0.1848755050849229,50
2369,2,3714,1888,1826,0,0,0,1.0,1,1.0,1,1.0,1,0.19435617182126536,47
2370,0,3714,1888,1826,0,0,0,1.0,1,1.0,1,1.0,1,0.22294994839038657,48
2371,2,3716,1890,1826,0,0,0,1.0,1,1.0,1,1.0,1,0.2526741124512852,49
2372,1,3717,1890,1827,0,0,0,1.0,1,1.0,1,1.0,1,0.2354279019451884,48
2373,1,3718,1891,1827,0,0,0,1.0,1,1.0,1,1.0,1,0.24991885411266979,49
2374,1,3719,1891,1828,0,0,0,1.0,1,1.0,1,1.0,1,0.23606310822237736,50
2375,1,3720,1892,1828,0,0,0,1.0,1,1.0,1,1.0,1,0.22281948352909775,50
2376,0,3720,1892,1828,0,0,0,1.0,1,1.0,1,1.0,1,0.22856218940543555,50
2377,0,3720,1892,1828,0,0,0,1.0,1,1.0,1,1.0,1,0.23153081995993816,49
2378,0,3720,1892,1828,0,0,0,1.0,1,1.0,1,1.0,1,0.23153081995993816,49
2379,1,3721,1893,1828,0,0,0,1.0,1,1.0,1,1.0,1,0.2702080845620162,50
2380,1,3722,1894,1828,0,0,0,1.0,1,1.0,1,1.0,1,0.29369670431115447,50
2381,2,3724,1894,1830,0,0,0,1.0,1,1.0,1,1.0,1,0.24755905033030495,51
2382,1,3725,1895,1830,0,0,0,1.0,1,1.0,1,1.0,1,0.2589951196872011,51
2383,2,3727,1896,1831,0,0,0,1.0,1,1.0,1,1.0,1,0.25790889355267427,52
2384,3,3730,1898,1832,0,0,0,1.0,1,1.0,1,1.0,1,0.20817569485661813,52
2385,3,3733,1900,1833,0,0,0,1.0,1,1.0,1,1.0,1,0.2380498344207688,51
2386,5,3738,1902,1836,0,0,0,1.0,1,1.0,1,1.0,1,0.23551694509738758,52
2387,0,3738,1902,1836,0,0,0,1.0,1,1.0,1,1.0,1,0.2408362270772407,49
2388,0,3738,1902,1836,0,0,0,1.0,1,1.0,1,1.0,1,0.2412538550198495,48
2389,0,3738,1902,1836,0,0,0,1.0,1,1.0,1,1.0,1,0.24706398585919545,48
2390,4,3742,1904,1838,0,0,0,1.0,1,1.0,1,1.0,1,0.21223803355610607,49
2391,1,3743,1905,1838,0,0,0,1.0,1,1.0,1,1.0,1,0.20386623751394567,48
2392,1,3744,1906,1838,0,0,0,1.0,1,1.0,1,1.0,1,0.20639406186636705,49
2393,3,3747,1907,1840,0,0,0,1.0,1,1.0,1,1.0,1,0.1939749364998725,50
2394,4,3751,1910,1841,0,0,0,1.0,1,1.0,1,1.0,1,0.22416382182454003,50
2395,1,3752,1911,1841,0,0,0,1.0,1,1.0,1,1.0,1,0.2173647214021973,49
2396,1,3753,1911,1842,0,0,0,1.0,1,1.0,1,1.0,1,0.2101100194112496,50
2397,3,3756,1914,1842,0,0,0,1.0,1,1.0,1,1.0,1,0.24227659671797752,51
2398,4,3760,1917,1843,0,0,0,1.0,1,1.0,1,1.0,1,0.21559737193907144,49
2399,1,3761,1917,1844,0,0,0,1.0,1,1.0,1,1.0,1,0.21443124641608693,50
2400,0,3761,1917,1844,0,0,0,1.0,1,1.0,1,1.0,1,0.2259590238043958,51
2401,1,3762,1918,1844,0,0,0,1.0,1,1.0,1,1.0,1,0.22871640463178533,50
2402,1,3763,1918,1845,0,0,0,1.0,1,1.0,1,1.0,1,0.20943951616239367,51
2403,0,3763,1918,1845,0,0,0,1.0,1,1.0,1,1.0,1,0.21056398300754559,52
2404,1,3764,1918,1846,0,0,0,1.0,1,1.0,1,1.0,1,0.20806452113282506,53
2405,1,3765,1918,1847,0,0,0,1.0,1,1.0,1,1.0,1,0.2152735009256261,52
2406,2,3767,1919,1848,0,0,0,1.0,1,1.0,1,1.0,1,0.22845332874854088,52
2407,0,3767,1919,1848,0,0,0,1.0,1,1.0,1,1.0,1,0.2553108550481039,51
2408,1,3768,1920,1848,0,0,0,1.0,1,1.0,1,1.0,1,0.26740947707605356,50
2409,1,3769,1920,1849,0,0,0,1.0,1,1.0,1,1.0,1,0.2675057122112458,50
2410,6,3775,1921,1854,0,0,0,1.0,1,1.0,1,1.0,1,0.24156818321080956,49
2411,0,3775,1921,1854,0,0,0,1.0,1,1.0,1,1.0,1,0.2543249140362501,48
2412,0,3775,1921,1854,0,0,0,1.0,1,1.0,1,1.0,1,0.27505152786423626,47
2413,2,3777,1921,1856,0,0,0,1.0,1,1.0,1,1.0,1,0.2409105947590932,47
2414,1,3778,1922,1856,0,0,0,1.0,1,1.0,1,1.0,1,0.27736440644842997,47
2415,0,3778,1922,1856,0,0,0,1.0,1,1.0,1,1.0,1,0.28605599862248743,46
2416,1,3779,1922,1857,0,0,0,1.0,1,1.0,1,1.0,1,0.2641426930465602,47
2417,2,3781,1923,1858,0,0,0,1.0,1,1.0,1,1.0,1,0.28403215307368596,46
2418,5,3786,1924,1862,0,0,0,1.0,1,1.0,1,1.0,1,0.2572055527664811,48
2419,1,3787,1925,1862,0,0,0,1.0,1,1.0,1,1.0,1,0.2558062250209321,47
2420,2,3789,1926,1863,0,0,0,1.0,1,1.0,1,1.0,1,0.23518206971873895,49
2421,1,3790,1926,1864,0,0,0,1.0,1,1.0,1,1.0,1,0.21389485846388248,50
2422,3,3793,1928,1865,0,0,0,1.0,1,1.0,1,1.0,1,0.185444879398288,50
2423,2,3795,1928,1867,0,0,0,1.0,1,1.0,1,1.0,1,0.17038237584998225,51
2424,3,3798,1931,1867,0,0,0,1.0,1,1.0,1,1.0,1,0.16464892870289638,50
2425,0,3798,1931,1867,0,0,0,1.0,1,1.0,1,1.0,1,0.15476795605084134,48
2426,2,3800,1933,1867,0,0,0,1.0,1,1.0,1,1.0,1,0.17447503631976366,51
2427,3,3803,1935,1868,0,0,0,1.0,1,1.0,1,1.0,1,0.17470511272308675,50
2428,1,3804,1935,1869,0,0,0,1.0,1,1.0,1,1.0,1,0.15364329017322426,49
2429,2,3806,1937,1869,0,0,0,1.0,1,1.0,1,1.0,1,0.17931923865786956,49
2430,0,3806,1937,1869,0,0,0,1.0,1,1.0,1,1.0,1,0.19992468438651528,46
2431,1,3807,1938,1869,0,0,0,1.0,1,1.0,1,1.0,1,0.22297220985826785,45
2432,2,3809,1939,1870,0,0,0,1.0,1,1.0,1,1.0,1,0.2834571162885452,44
2433,2,3811,1940,1871,0,0,0,1.0,1,1.0,1,1.0,1,0.24553132023629962,45
2434,2,3813,1941,1872,0,0,0,1.0,1,1.0,1,1.0,1,0.2582772268335296,44
2435,1,3814,1941,1873,0,0,0,1.0,1,1.0,1,1.0,1,0.22228344397320315,44
2436,2,3816,1941,1875,0,0,0,1.0,1,1.0,1,1.0,1,0.17704241047089636,44
2437,2,3818,1943,1875,0,0,0,1.0,1,1.0,1,1.0,1,0.21200204499742797,45
2438,1,3819,1944,1875,0,0,0,1.0,1,1.0,1,1.0,1,0.2555912440823046,45
2439,1,3820,1944,1876,0,0,0,1.0,1,1.0,1,1.0,1,0.21220174057202226,46
2440,2,3822,1944,1878,0,0,0,1.0,1,1.0,1,1.0,1,0.19300273286054695,45
2441,2,3824,1945,1879,0,0,0,1.0,1,1.0,1,1.0,1,0.19711474904712603,45
2442,0,3824,1945,1879,0,0,0,1.0,1,1.0,1,1.0,1,0.19093965952333908,46
2443,0,3824,1945,1879,0,0,0,1.0,1,1.0,1,1.0,1,0.2431441944518166,45
2444,6,3830,1948,1882,0,0,0,1.0,1,1.0,1,1.0,1,0.3042533829137016,46
2445,2,3832,1949,1883,0,0,0,1.0,1,1.0,1,1.0,1,0.3388706681249258,44
2446,1,3833,1950,1883,0,0,0,1.0,1,1.0,1,1.0,1,0.33023945971537666,44
2447,4,3837,1952,1885,0,0,0,1.0,1,1.0,1,1.0,1,0.2852253810900647,42
2448,3,3840,1955,1885,0,0,0,1.0,1,1.0,1,1.0,1,0.2796093050883114,41
2449,0,3840,1955,1885,0,0,0,1.0,1,1.0,1,1.0,1,0.2811564357691132,40
2450,4,3844,1958,1886,0,0,0,1.0,1,1.0,1,1.0,1,0.2616178928656361,42
2451,0,3844,1958,1886,0,0,0,1.0,1,1.0,1,1.0,1,0.25514907500635786,43
2452,1,3845,1958,1887,0,0,0,1.0,1,1.0,1,1.0,1,0.21187097464053803,43
2453,1,3846,1958,1888,0,0,0,1.0,1,1.0,1,1.0,1,0.2236735711137243,45
2454,3,3849,1960,1889,0,0,0,1.0,1,1.0,1,1.0,1,0.2609732352380914,47
2455,0,3849,1960,1889,0,0,0,1.0,1,1.0,1,1.0,1,0.25862492306134677,48
2456,2,3851,1961,1890,0,0,0,1.0,1,1.0,1,1.0,1,0.25990361318674715,49
2457,1,3852,1962,1890,0,0,0,1.0,1,1.0,1,1.0,1,0.31209953360641884,48
2458,2,3854,1963,1891,0,0,0,1.0,1,1.0,1,1.0,1,0.28321268073683076,49
2459,1,3855,1963,1892,0,0,0,1.0,1,1.0,1,1.0,1,0.27755116002274244,49
2460,6,3861,1965,1896,0,0,0,1.0,1,1.0,1,1.0,1,0.27878559009209397,50
2461,0,3861,1965,1896,0,0,0,1.0,1,1.0,1,1.0,1,0.27878559009209397,50
2462,4,3865,1967,1898,0,0,0,1.0,1,1.0,1,1.0,1,0.27113917437270485,51
2463,2,3867,1967,1900,0,0,0,1.0,1,1.0,1,1.0,1,0.2526035257332919,51
2464,2,3869,1969,1900,0,0,0,1.0,1,1.0,1,1.0,1,0.24132812234450318,50
2465,0,3869,1969,1900,0,0,0,1.0,1,1.0,1,1.0,1,0.24433218604047802,49
2466,1,3870,1970,1900,0,0,0,1.0,1,1.0,1,1.0,1,0.24400002652325695,49
2467,0,3870,1970,1900,0,0,0,1.0,1,1.0,1,1.0,1,0.25481787298509556,48
2468,2,3872,1972,1900,0,0,0,1.0,1,1.0,1,1.0,1,0.2677207707803209,47
2469,3,3875,1973,1902,0,0,0,1.0,1,1.0,1,1.0,1,0.21934069816452528,46
2470,2,3877,1974,1903,0,0,0,1.0,1,1.0,1,1.0,1,0.22102033806268803,44
2471,3,3880,1975,1905,0,0,0,1.0,1,1.0,1,1.0,1,0.21037554205498465,44
2472,2,3882,1975,1907,0,0,0,1.0,1,1.0,1,1.0,1,0.21920996034404744,44
2473,3,3885,1977,1908,0,0,0,1.0,1,1.0,1,1.0,1,0.21075697996878176,43
2474,2,3887,1979,1908,0,0,0,1.0,1,1.0,1,1.0,1,0.25717911769817803,44
2475,5,3892,1980,1912,0,0,0,1.0,1,1.0,1,1.0,1,0.18344105071579292,46
2476,0,3892,1980,1912,0,0,0,1.0,1,1.0,1,1.0,1,0.18344105071579292,46
2477,0,3892,1980,1912,0,0,0,1.0,1,1.0,1,1.0,1,0.18344105071579292,46
2478,0,3892,1980,1912,0,0,0,1.0,1,1.0,1,1.0,1,0.18344105071579292,46
2479,0,3892,1980,1912,0,0,0,1.0,1,1.0,1,1.0,1,0.18344105071579292,46
2480,3,3895,1981,1914,0,0,0,1.0,1,1.0,1,1.0,1,0.18432163515883027,47
2481,3,3898,1983,1915,0,0,0,1.0,1,1.0,1,1.0,1,0.17334312148295944,47
2482,1,3899,1984,1915,0,0,0,1.0,1,1.0,1,1.0,1,0.20100955187453237,45
2483,0,3899,1984,1915,0,0,0,1.0,1,1.0,1,1.0,1,0.21441974581837306,45
2484,2,3901,1985,1916,0,0,0,1.0,1,1.0,1,1.0,1,0.23328831460838903,46
2485,1,3902,1986,1916,0,0,0,1.0,1,1.0,1,1.0,1,0.23340294814740573,44
2486,1,3903,1986,1917,0,0,0,1.0,1,1.0,1,1.0,1,0.1976549247926656,43
2487,1,3904,1987,1917,0,0,0,1.0,1,1.0,1,1.0,1,0.20446213523397067,44
2488,2,3906,1989,1917,0,0,0,1.0,1,1.0,1,1.0,1,0.2275241008358257,45
2489,1,3907,1989,1918,0,0,0,1.0,1,1.0,1,1.0,1,0.2314071968182633,44
2490,4,3911,1991,1920,0,0,0,1.0,1,1.0,1,1.0,1,0.24078521451734491,44
2491,3,3914,1992,1922,0,0,0,1.0,1,1.0,1,1.0,1,0.20832148726199914,44
2492,1,3915,1993,1922,0,0,0,1.0,1,1.0,1,1.0,1,0.2084946445363007,44
2493,1,3916,1993,1923,0,0,0,1.0,1,1.0,1,1.0,1,0.21673255070966232,42
2494,0,3916,1993,1923,0,0,0,1.0,1,1.0,1,1.0,1,0.21673255070966232,42
2495,0,3916,1993,1923,0,0,0,1.0,1,1.0,1,1.0,1,0.2165528051441741,42
2496,1,3917,1994,1923,0,0,0,1.0,1,1.0,1,1.0,1,0.24091590858794285,42
2497,2,3919,1995,1924,0,0,0,1.0,1,1.0,1,1.0,1,0.22907278536272765,44
2498,3,3922,1996,1926,0,0,0,1.0,1,1.0,1,1.0,1,0.22841913796047728,43
2499,0,3922,1996,1926,0,0,0,1.0,1,1.0,1,1.0,1,0.22841913796047728,43
2500,2,3924,1997,1927,0,0,0,1.0,1,1.0,1,1.0,1,0.19883628136610645,44
2501,2,3926,1997,1929,0,0,0,1.0,1,1.0,1,1.0,1,0.17021961522513854,46
2502,2,3928,1999,1929,0,0,0,1.0,1,1.0,1,1.0,1,0.17859621321219768,47
2503,2,3930,2000,1930,0,0,0,1.0,1,1.0,1,1.0,1,0.1855460268716497,47
2504,1,3931,2001,1930,0,0,0,1.0,1,1.0,1,1.0,1,0.2124746286588188,46
2505,3,3934,2004,1930,0,0,0,1.0,1,1.0,1,1.0,1,0.21840359202570225,46
2506,2,3936,2005,1931,0,0,0,1.0,1,1.0,1,1.0,1,0.25002769419223775,45
2507,3,3939,2007,1932,0,0,0,1.0,1,1.0,1,1.0,1,0.258686327246752,45
2508,4,3943,2009,1934,0,0,0,1.0,1,1.0,1,1.0,1,0.23410844246116747,46
2509,0,3943,2009,1934,0,0,0,1.0,1,1.0,1,1.0,1,0.2323581353784705,45
2510,5,3948,2011,1937,0,0,0,1.0,1,1.0,1,1.0,1,0.223423107705635,46
2511,1,3949,2012,1937,0,0,0,1.0,1,1.0,1,1.0,1,0.19384660644074045,47
2512,2,3951,2013,1938,0,0,0,1.0,1,1.0,1,1.0,1,0.1939207649434166,47
2513,1,3952,2013,1939,0,0,0,1.0,1,1.0,1,1.0,1,0.1672262290446376,48
2514,1,3953,2014,1939,0,0,0,1.0,1,1.0,1,1.0,1,0.19287264545570992,48
2515,2,3955,2014,1941,0,0,0,1.0,1,1.0,1,1.0,1,0.16369461120962267,49
2516,0,3955,2014,1941,0,0,0,1.0,1,1.0,1,1.0,1,0.16369461120962267,49
2517,1,3956,2015,1941,0,0,0,1.0,1,1.0,1,1.0,1,0.1580124246909831,49
2518,2,3958,2017,1941,0,0,0,1.0,1,1.0,1,1.0,1,0.19166703990639555,48
2519,2,3960,2018,1942,0,0,0,1.0,1,1.0,1,1.0,1,0.21598305301263565,48
2520,2,3962,2019,1943,0,0,0,1.0,1,1.0,1,1.0,1,0.20711679404090622,46
2521,3,3965,2022,1943,0,0,0,1.0,1,1.0,1,1.0,1,0.24744920709642163,47
2522,1,3966,2023,1943,0,0,0,1.0,1,1.0,1,1.0,1,0.3308195079978379,45
2523,1,3967,2024,1943,0,0,0,1.0,1,1.0,1,1.0,1,0.3692689720476879,44
2524,0,3967,2024,1943,0,0,0,1.0,1,1.0,1,1.0,1,0.343519868798677,42
2525,0,3967,2024,1943,0,0,0,1.0,1,1.0,1,1.0,1,0.3754051751478533,42
2526,0,3967,2024,1943,0,0,0,1.0,1,1.0,1,1.0,1,0.37036662730008335,41
2527,0,3967,2024,1943,0,0,0,1.0,1,1.0,1,1.0,1,0.37036662730008335,41
2528,0,3967,2024,1943,0,0,0,1.0,1,1.0,1,1.0,1,0.39592633610199585,41
2529,2,3969,2025,1944,0,0,0,1.0,1,1.0,1,1.0,1,0.3635265074692852,42
2530,0,3969,2025,1944,0,0,0,1.0,1,1.0,1,1.0,1,0.37514771229571914,41
2531,0,3969,2025,1944,0,0,0,1.0,1,1.0,1,1.0,1,0.37514771229571914,41
2532,1,3970,2025,1945,0,0,0,1.0,1,1.0,1,1.0,1,0.35905023243679557,43
2533,0,3970,2025,1945,0,0,0,1.0,1,1.0,1,1.0,1,0.35905023243679557,43
2534,0,3970,2025,1945,0,0,0,1.0,1,1.0,1,1.0,1,0.35905023243679557,43
2535,3,3973,2027,1946,0,0,0,1.0,1,1.0,1,1.0,1,0.3577105947845093,44
2536,1,3974,2027,1947,0,0,0,1.0,1,1.0,1,1.0,1,0.34655326598381364,44
2537,1,3975,2027,1948,0,0,0,1.0,1,1.0,1,1.0,1,0.3521530070439332,45
2538,6,3981,2027,1954,0,0,0,1.0,1,1.0,1,1.0,1,0.2940444020721357,48
2539,3,3984,2028,1956,0,0,0,1.0,1,1.0,1,1.0,1,0.2670906990418434,48
2540,0,3984,2028,1956,0,0,0,1.0,1,1.0,1,1.0,1,0.2727927049904757,50
2541,4,3988,2029,1959,0,0,0,1.0,1,1.0,1,1.0,1,0.23314697961528474,52
2542,4,3992,2032,1960,0,0,0,1.0,1,1.0,1,1.0,1,0.29656941678181714,52
2543,3,3995,2034,1961,0,0,0,1.0,1,1.0,1,1.0,1,0.2909201336511692,51
2544,7,4002,2038,1964,0,0,0,1.0,1,1.0,1,1.0,1,0.29578937937121363,51
2545,5,4007,2038,1969,0,0,0,1.0,1,1.0,1,1.0,1,0.22569028201821023,50
2546,1,4008,2039,1969,0,0,0,1.0,1,1.0,1,1.0,1,0.2381764893961147,50
2547,2,4010,2040,1970,0,0,0,1.0,1,1.0,1,1.0,1,0.25544467582018826,47
2548,1,4011,2040,1971,0,0,0,1.0,1,1.0,1,1.0,1,0.22811998396729244,46
2549,3,4014,2041,1973,0,0,0,1.0,1,1.0,1,1.0,1,0.23080690315081623,46
2550,2,4016,2043,1973,0,0,0,1.0,1,1.0,1,1.0,1,0.25258997907083125,44
2551,1,4017,2043,1974,0,0,0,1.0,1,1.0,1,1.0,1,0.21930772294932838,43
2552,1,4018,2043,1975,0,0,0,1.0,1,1.0,1,1.0,1,0.23139952566850758,43
2553,2,4020,2043,1977,0,0,0,1.0,1,1.0,1,1.0,1,0.21593936407835343,44
2554,2,4022,2045,1977,0,0,0,1.0,1,1.0,1,1.0,1,0.24172378069118453,45
2555,3,4025,2046,1979,0,0,0,1.0,1,1.0,1,1.0,1,0.24671489749192846,44
2556,1,4026,2046,1980,0,0,0,1.0,1,1.0,1,1.0,1,0.23002451262538456,44
2557,2,4028,2047,1981,0,0,0,1.0,1,1.0,1,1.0,1,0.2633967538871983,41
2558,1,4029,2048,1981,0,0,0,1.0,1,1.0,1,1.0,1,0.2952454246224098,40
2559,1,4030,2048,1982,0,0,0,1.0,1,1.0,1,1.0,1,0.289853256999844,41
2560,0,4030,2048,1982,0,0,0,1.0,1,1.0,1,1.0,1,0.289853256999844,41
2561,2,4032,2048,1984,0,0,0,1.0,1,1.0,1,1.0,1,0.2568544338911228,43
2562,1,4033,2048,1985,0,0,0,1.0,1,1.0,1,1.0,1,0.2548885254687502,44
2563,0,4033,2048,1985,0,0,0,1.0,1,1.0,1,1.0,1,0.2548885254687502,44
2564,2,4035,2050,1985,0,0,0,1.0,1,1.0,1,1.0,1,0.2580413530837132,44
2565,3,4038,2051,1987,0,0,0,1.0,1,1.0,1,1.0,1,0.23543569045420948,45
2566,2,4040,2051,1989,0,0,0,1.0,1,1.0,1,1.0,1,0.21767786863135039,46
2567,1,4041,2052,1989,0,0,0,1.0,1,1.0,1,1.0,1,0.24118116380607538,48
2568,3,4044,2054,1990,0,0,0,1.0,1,1.0,1,1.0,1,0.27039460079331434,48
2569,1,4045,2054,1991,0,0,0,1.0,1,1.0,1,1.0,1,0.2796766446453706,49
2570,1,4046,2054,1992,0,0,0,1.0,1,1.0,1,1.0,1,0.2837427253871244,48
2571,0,4046,2054,1992,0,0,0,1.0,1,1.0,1,1.0,1,0.2837427253871244,48
2572,0,4046,2054,1992,0,0,0,1.0,1,1.0,1,1.0,1,0.2666865560616255,49
2573,1,4047,2054,1993,0,0,0,1.0,1,1.0,1,1.0,1,0.2518767687526623,50
2574,3,4050,2055,1995,0,0,0,1.0,1,1.0,1,1.0,1,0.23962017463512955,49
2575,2,4052,2055,1997,0,0,0,1.0,1,1.0,1,1.0,1,0.2257366312519736,48
2576,0,4052,2055,1997,0,0,0,1.0,1,1.0,1,1.0,1,0.2257366312519736,48
2577,2,4054,2055,1999,0,0,0,1.0,1,1.0,1,1.0,1,0.2214437442529835,50
2578,0,4054,2055,1999,0,0,0,1.0,1,1.0,1,1.0,1,0.2214437442529835,50
2579,1,4055,2056,1999,0,0,0,1.0,1,1.0,1,1.0,1,0.2116684964903418,51
2580,0,4055,2056,1999,0,0,0,1.0,1,1.0,1,1.0,1,0.22437022634103987,52
2581,0,4055,2056,1999,0,0,0,1.0,1,1.0,1,1.0,1,0.2418390120711693,51
2582,1,4056,2057,1999,0,0,0,1.0,1,1.0,1,1.0,1,0.25734154541428367,51
2583,2,4058,2058,2000,0,0,0,1.0,1,1.0,1,1.0,1,0.26537244149091155,51
2584,6,4064,2061,2003,0,0,0,1.0,1,1.0,1,1.0,1,0.26698623908879654,51
2585,3,4067,2061,2006,0,0,0,1.0,1,1.0,1,1.0,1,0.21440063039849327,50
2586,3,4070,2063,2007,0,0,0,1.0,1,1.0,1,1.0,1,0.2468503733171558,50
2587,0,4070,2063,2007,0,0,0,1.0,1,1.0,1,1.0,1,0.21894734860215756,48
2588,4,4074,2064,2010,0,0,0,1.0,1,1.0,1,1.0,1,0.20367795373874753,50
2589,0,4074,2064,2010,0,0,0,1.0,1,1.0,1,1.0,1,0.17952501057298004,48
2590,1,4075,2064,2011,0,0,0,1.0,1,1.0,1,1.0,1,0.17006063925976125,47
2591,0,4075,2064,2011,0,0,0,1.0,1,1.0,1,1.0,1,0.17006063925976125,47
2592,1,4076,2065,2011,0,0,0,1.0,1,1.0,1,1.0,1,0.19226470682261496,47
2593,2,4078,2066,2012,0,0,0,1.0,1,1.0,1,1.0,1,0.22356581078357834,47
2594,5,4083,2069,2014,0,0,0,1.0,1,1.0,1,1.0,1,0.2224923178166815,49
2595,5,4088,2071,2017,0,0,0,1.0,1,1.0,1,1.0,1,0.20524813725989227,48
2596,4,4092,2073,2019,0,0,0,1.0,1,1.0,1,1.0,1,0.16798881845439803,47
2597,3,4095,2076,2019,0,0,0,1.0,1,1.0,1,1.0,1,0.17264313002220114,48
2598,2,4097,2078,2019,0,0,0,1.0,1,1.0,1,1.0,1,0.152318079148275,48
2599,1,4098,2079,2019,0,0,0,1.0,1,1.0,1,1.0,1,0.1452879827206643,49
2600,1,4099,2080,2019,0,0,0,1.0,1,1.0,1,1.0,1,0.15457425862601715,52
2601,2,4101,2082,2019,0,0,0,1.0,1,1.0,1,1.0,1,0.1880323699750094,51
2602,0,4101,2082,2019,0,0,0,1.0,1,1.0,1,1.0,1,0.18168199690795975,52
2603,2,4103,2083,2020,0,0,0,1.0,1,1.0,1,1.0,1,0.22069396511705386,53
2604,2,4105,2083,2022,0,0,0,1.0,1,1.0,1,1.0,1,0.18081789526480987,53
2605,1,4106,2084,2022,0,0,0,1.0,1,1.0,1,1.0,1,0.2151189006088958,52
2606,2,4108,2084,2024,0,0,0,1.0,1,1.0,1,1.0,1,0.18047980503452765,52
2607,0,4108,2084,2024,0,0,0,1.0,1,1.0,1,1.0,1,0.1948344416816976,52
2608,0,4108,2084,2024,0,0,0,1.0,1,1.0,1,1.0,1,0.1948344416816976,52
2609,0,4108,2084,2024,0,0,0,1.0,1,1.0,1,1.0,1,0.19065118178981794,53
2610,1,4109,2085,2024,0,0,0,1.0,1,1.0,1,1.0,1,0.22531565192046324,54
2611,3,4112,2086,2026,0,0,0,1.0,1,1.0,1,1.0,1,0.17307607502563324,54
2612,2,4114,2087,2027,0,0,0,1.0,1,1.0,1,1.0,1,0.1548686847681222,56
2613,1,4115,2088,2027,0,0,0,1.0,1,1.0,1,1.0,1,0.14133489765418367,56
2614,1,4116,2089,2027,0,0,0,1.0,1,1.0,1,1.0,1,0.13971217463298413,56
2615,2,4118,2090,2028,0,0,0,1.0,1,1.0,1,1.0,1,0.1265901463761307,57
2616,0,4118,2090,2028,0,0,0,1.0,1,1.0,1,1.0,1,0.1265901463761307,57
2617,2,4120,2091,2029,0,0,0,1.0,1,1.0,1,1.0,1,0.12100784253604947,58
2618,0,4120,2091,2029,0,0,0,1.0,1,1.0,1,1.0,1,0.12100784253604947,58
2619,0,4120,2091,2029,0,0,0,1.0,1,1.0,1,1.0,1,0.14560567473953434,58
2620,3,4123,2092,2031,0,0,0,1.0,1,1.0,1,1.0,1,0.14711321229364205,60
2621,1,4124,2093,2031,0,0,0,1.0,1,1.0,1,1.0,1,0.1357281351076856,59
2622,1,4125,2094,2031,0,0,0,1.0,1,1.0,1,1.0,1,0.15064236220230368,60
2623,5,4130,2096,2034,0,0,0,1.0,1,1.0,1,1.0,1,0.14776743180380061,59
2624,4,4134,2100,2034,0,0,0,1.0,1,1.0,1,1.0,1,0.20714176080741528,58
2625,3,4137,2102,2035,0,0,0,1.0,1,1.0,1,1.0,1,0.18089702742229463,58
2626,5,4142,2104,2038,0,0,0,1.0,1,1.0,1,1.0,1,0.2063769411217797,57
2627,1,4143,2104,2039,0,0,0,1.0,1,1.0,1,1.0,1,0.1818657954182884,55
2628,1,4144,2105,2039,0,0,0,1.0,1,1.0,1,1.0,1,0.1707845534192274,55
2629,0,4144,2105,2039,0,0,0,1.0,1,1.0,1,1.0,1,0.16948889588152266,54
2630,1,4145,2106,2039,0,0,0,1.0,1,1.0,1,1.0,1,0.22051000717844305,55
2631,0,4145,2106,2039,0,0,0,1.0,1,1.0,1,1.0,1,0.2304839688417946,55
2632,2,4147,2108,2039,0,0,0,1.0,1,1.0,1,1.0,1,0.27134931663251227,55
2633,5,4152,2109,2043,0,0,0,1.0,1,1.0,1,1.0,1,0.2082551929919236,53
2634,3,4155,2110,2045,0,0,0,1.0,1,1.0,1,1.0,1,0.20051992558974138,52
2635,2,4157,2111,2046,0,0,0,1.0,1,1.0,1,1.0,1,0.22068291886749872,52
2636,6,4163,2113,2050,0,0,0,1.0,1,1.0,1,1.0,1,0.22134496469642645,51
2637,1,4164,2113,2051,0,0,0,1.0,1,1.0,1,1.0,1,0.19185475378635602,50
2638,2,4166,2115,2051,0,0,0,1.0,1,1.0,1,1.0,1,0.22189509887718825,48
2639,7,4173,2118,2055,0,0,0,1.0,1,1.0,1,1.0,1,0.21555361541933787,48
2640,4,4177,2122,2055,0,0,0,1.0,1,1.0,1,1.0,1,0.2188527734900672,46
2641,0,4177,2122,2055,0,0,0,1.0,1,1.0,1,1.0,1,0.19638955325326876,46
2642,5,4182,2127,2055,0,0,0,1.0,1,1.0,1,1.0,1,0.2402925743022532,47
2643,4,4186,2128,2058,0,0,0,1.0,1,1.0,1,1.0,1,0.18208884359007035,45
2644,3,4189,2129,2060,0,0,0,1.0,1,1.0,1,1.0,1,0.20333837231302038,44
2645,1,4190,2130,2060,0,0,0,1.0,1,1.0,1,1.0,1,0.22094903800020516,42
2646,1,4191,2131,2060,0,0,0,1.0,1,1.0,1,1.0,1,0.25815663160293345,43
2647,0,4191,2131,2060,0,0,0,1.0,1,1.0,1,1.0,1,0.24725644006142516,40
2648,1,4192,2132,2060,0,0,0,1.0,1,1.0,1,1.0,1,0.17860487344500023,41
2649,3,4195,2133,2062,0,0,0,1.0,1,1.0,1,1.0,1,0.12336938659239864,43
2650,0,4195,2133,2062,0,0,0,1.0,1,1.0,1,1.0,1,0.1249649690755086,43
2651,1,4196,2134,2062,0,0,0,1.0,1,1.0,1,1.0,1,0.1339417603519002,44
2652,1,4197,2135,2062,0,0,0,1.0,1,1.0,1,1.0,1,0.11323813269746116,44
2653,0,4197,2135,2062,0,0,0,1.0,1,1.0,1,1.0,1,0.11323813269746116,44
2654,1,4198,2136,2062,0,0,0,1.0,1,1.0,1,1.0,1,0.10217095127959774,45
2655,1,4199,2137,2062,0,0,0,1.0,1,1.0,1,1.0,1,0.10350191863542695,45
2656,0,4199,2137,2062,0,0,0,1.0,1,1.0,1,1.0,1,0.10350191863542695,45
2657,0,4199,2137,2062,0,0,0,1.0,1,1.0,1,1.0,1,0.12641763924631044,45
2658,4,4203,2140,2063,0,0,0,1.0,1,1.0,1,1.0,1,0.14486956283355892,47
2659,2,4205,2140,2065,0,0,0,1.0,1,1.0,1,1.0,1,0.1060037941403528,46
2660,1,4206,2141,2065,0,0,0,1.0,1,1.0,1,1.0,1,0.12113559455396915,46
2661,2,4208,2142,2066,0,0,0,1.0,1,1.0,1,1.0,1,0.11674274791466728,46
2662,1,4209,2142,2067,0,0,0,1.0,1,1.0,1,1.0,1,0.1151592073240183,47
2663,3,4212,2144,2068,0,0,0,1.0,1,1.0,1,1.0,1,0.16521396980795178,46
2664,3,4215,2146,2069,0,0,0,1.0,1,1.0,1,1.0,1,0.13680107291007818,45
2665,3,4218,2149,2069,0,0,0,1.0,1,1.0,1,1.0,1,0.17613266106235087,47
2666,5,4223,2154,2069,0,0,0,1.0,1,1.0,1,1.0,1,0.20184394228937028,47
2667,3,4226,2156,2070,0,0,0,1.0,1,1.0,1,1.0,1,0.2178398576609661,45
2668,2,4228,2156,2072,0,0,0,1.0,1,1.0,1,1.0,1,0.1636491059884415,45
2669,2,4230,2157,2073,0,0,0,1.0,1,1.0,1,1.0,1,0.14395331314307339,45
2670,4,4234,2160,2074,0,0,0,1.0,1,1.0,1,1.0,1,0.169762176347771,45
2671,1,4235,2160,2075,0,0,0,1.0,1,1.0,1,1.0,1,0.12777232596388044,41
2672,3,4238,2163,2075,0,0,0,1.0,1,1.0,1,1.0,1,0.12713421426336025,40
2673,0,4238,2163,2075,0,0,0,1.0,1,1.0,1,1.0,1,0.14402557036157335,39
2674,0,4238,2163,2075,0,0,0,1.0,1,1.0,1,1.0,1,0.15519681495345497,37
2675,2,4240,2165,2075,0,0,0,1.0,1,1.0,1,1.0,1,0.1741853827789608,35
2676,2,4242,2166,2076,0,0,0,1.0,1,1.0,1,1.0,1,0.1952074076149488,34
2677,3,4245,2168,2077,0,0,0,1.0,1,1.0,1,1.0,1,0.23466387086078572,32
2678,1,4246,2169,2077,0,0,0,1.0,1,1.0,1,1.0,1,0.2941021312850072,33
2679,2,4248,2171,2077,0,0,0,1.0,1,1.0,1,1.0,1,0.3227166980728481,33
2680,6,4254,2173,2081,0,0,0,1.0,1,1.0,1,1.0,1,0.24466579024472862,33
2681,1,4255,2174,2081,0,0,0,1.0,1,1.0,1,1.0,1,0.18875026924114707,32
2682,2,4257,2175,2082,0,0,0,1.0,1,1.0,1,1.0,1,0.14533370358325232,32
2683,1,4258,2176,2082,0,0,0,1.0,1,1.0,1,1.0,1,0.26652470796151984,32
2684,2,4260,2176,2084,0,0,0,1.0,1,1.0,1,1.0,1,0.2138082054163793,31
2685,1,4261,2177,2084,0,0,0,1.0,1,1.0,1,1.0,1,0.2792618647457175,30
2686,2,4263,2178,2085,0,0,0,1.0,1,1.0,1,1.0,1,0.26696122997295574,29
2687,0,4263,2178,2085,0,0,0,1.0,1,1.0,1,1.0,1,0.25966413344026235,28
2688,0,4263,2178,2085,0,0,0,1.0,1,1.0,1,1.0,1,0.25966413344026235,28
2689,1,4264,2178,2086,0,0,0,1.0,1,1.0,1,1.0,1,0.2503363250807333,29
2690,0,4264,2178,2086,0,0,0,1.0,1,1.0,1,1.0,1,0.2503363250807333,29
2691,2,4266,2180,2086,0,0,0,1.0,1,1.0,1,1.0,1,0.2332401839497921,29
2692,0,4266,2180,2086,0,0,0,1.0,1,1.0,1,1.0,1,0.24108266967613246,31
2693,2,4268,2182,2086,0,0,0,1.0,1,1.0,1,1.0,1,0.29444288395490265,32
2694,3,4271,2183,2088,0,0,0,1.0,1,1.0,1,1.0,1,0.2186021514470357,32
2695,0,4271,2183,2088,0,0,0,1.0,1,1.0,1,1.0,1,0.20037896528143073,33
2696,0,4271,2183,2088,0,0,0,1.0,1,1.0,1,1.0,1,0.20037896528143073,33
2697,1,4272,2183,2089,0,0,0,1.0,1,1.0,1,1.0,1,0.16685281362078022,34
2698,1,4273,2184,2089,0,0,0,1.0,1,1.0,1,1.0,1,0.20269981761590258,34
2699,1,4274,2185,2089,0,0,0,1.0,1,1.0,1,1.0,1,0.20026991470854863,36
2700,3,4277,2186,2091,0,0,0,1.0,1,1.0,1,1.0,1,0.16518610935060743,36
2701,0,4277,2186,2091,0,0,0,1.0,1,1.0,1,1.0,1,0.16518610935060743,36
2702,1,4278,2187,2091,0,0,0,1.0,1,1.0,1,1.0,1,0.17641147072435812,36
2703,3,4281,2190,2091,0,0,0,1.0,1,1.0,1,1.0,1,0.2627728093417114,38
2704,1,4282,2190,2092,0,0,0,1.0,1,1.0,1,1.0,1,0.23455733560174852,37
2705,6,4288,2194,2094,0,0,0,1.0,1,1.0,1,1.0,1,0.28351199465027926,36
2706,2,4290,2196,2094,0,0,0,1.0,1,1.0,1,1.0,1,0.2954939812273306,34
2707,2,4292,2197,2095,0,0,0,1.0,1,1.0,1,1.0,1,0.2929306091342532,36
2708,2,4294,2199,2095,0,0,0,1.0,1,1.0,1,1.0,1,0.2861157439267455,36
2709,2,4296,2200,2096,0,0,0,1.0,1,1.0,1,1.0,1,0.2886010722063834,33
2710,4,4300,2203,2097,0,0,0,1.0,1,1.0,1,1.0,1,0.28841412197960814,32
2711,2,4302,2204,2098,0,0,0,1.0,1,1.0,1,1.0,1,0.23809544353441908,29
2712,0,4302,2204,2098,0,0,0,1.0,1,1.0,1,1.0,1,0.25169041557138605,28
2713,0,4302,2204,2098,0,0,0,1.0,1,1.0,1,1.0,1,0.2707395000004951,28
2714,1,4303,2204,2099,0,0,0,1.0,1,1.0,1,1.0,1,0.23343140642960994,25
2715,1,4304,2205,2099,0,0,0,1.0,1,1.0,1,1.0,1,0.2993948280685035,24
2716,2,4306,2207,2099,0,0,0,1.0,1,1.0,1,1.0,1,0.4059074879587758,23
2717,4,4310,2208,2102,0,0,0,1.0,1,1.0,1,1.0,1,0.25303680368730486,24
2718,1,4311,2208,2103,0,0,0,1.0,1,1.0,1,1.0,1,0.19580830125801926,24
2719,0,4311,2208,2103,0,0,0,1.0,1,1.0,1,1.0,1,0.20446998270698263,25
2720,2,4313,2210,2103,0,0,0,1.0,1,1.0,1,1.0,1,0.24586487225917159,25
2721,2,4315,2212,2103,0,0,0,1.0,1,1.0,1,1.0,1,0.17808318065256348,26
2722,1,4316,2213,2103,0,0,0,1.0,1,1.0,1,1.0,1,0.21211680416617948,26
2723,1,4317,2214,2103,0,0,0,1.0,1,1.0,1,1.0,1,0.21737340412229125,26
2724,1,4318,2215,2103,0,0,0,1.0,1,1.0,1,1.0,1,0.27172369967746224,27
2725,1,4319,2216,2103,0,0,0,1.0,1,1.0,1,1.0,1,0.2704578866463983,27
2726,1,4320,2216,2104,0,0,0,1.0,1,1.0,1,1.0,1,0.22295726021985252,28
2727,0,4320,2216,2104,0,0,0,1.0,1,1.0,1,1.0,1,0.20980633001657711,29
2728,0,4320,2216,2104,0,0,0,1.0,1,1.0,1,1.0,1,0.1998724294328087,28
2729,0,4320,2216,2104,0,0,0,1.0,1,1.0,1,1.0,1,0.1998724294328087,28
2730,0,4320,2216,2104,0,0,0,1.0,1,1.0,1,1.0,1,0.19429890245978618,29
2731,2,4322,2218,2104,0,0,0,1.0,1,1.0,1,1.0,1,0.23619103444145315,30
2732,1,4323,2218,2105,0,0,0,1.0,1,1.0,1,1.0,1,0.21378638236772504,29
2733,0,4323,2218,2105,0,0,0,1.0,1,1.0,1,1.0,1,0.21378638236772504,29
2734,0,4323,2218,2105,0,0,0,1.0,1,1.0,1,1.0,1,0.21378638236772504,29
2735,2,4325,2220,2105,0,0,0,1.0,1,1.0,1,1.0,1,0.29842938524809315,29
2736,1,4326,2220,2106,0,0,0,1.0,1,1.0,1,1.0,1,0.2845746263103618,30
2737,1,4327,2220,2107,0,0,0,1.0,1,1.0,1,1.0,1,0.27654980098018883,30
2738,2,4329,2222,2107,0,0,0,1.0,1,1.0,1,1.0,1,0.3330293845457423,29
2739,1,4330,2222,2108,0,0,0,1.0,1,1.0,1,1.0,1,0.3092616471735699,30
2740,1,4331,2223,2108,0,0,0,1.0,1,1.0,1,1.0,1,0.331050644447443,29
2741,3,4334,2225,2109,0,0,0,1.0,1,1.0,1,1.0,1,0.3181174161927011,29
2742,4,4338,2226,2112,0,0,0,1.0,1,1.0,1,1.0,1,0.287908691371288,29
2743,3,4341,2227,2114,0,0,0,1.0,1,1.0,1,1.0,1,0.3399682810869637,30
2744,4,4345,2229,2116,0,0,0,1.0,1,1.0,1,1.0,1,0.34132799829881194,28
2745,0,4345,2229,2116,0,0,0,1.0,1,1.0,1,1.0,1,0.31063736363550265,27
2746,0,4345,2229,2116,0,0,0,1.0,1,1.0,1,1.0,1,0.34901741693022353,26
2747,1,4346,2230,2116,0,0,0,1.0,1,1.0,1,1.0,1,0.3792942318750445,22
2748,2,4348,2230,2118,0,0,0,1.0,1,1.0,1,1.0,1,0.2687290174430038,22
2749,0,4348,2230,2118,0,0,0,1.0,1,1.0,1,1.0,1,0.33557678204178154,20
2750,0,4348,2230,2118,0,0,0,1.0,1,1.0,1,1.0,1,0.3847473996407804,17
2751,0,4348,2230,2118,0,0,0,1.0,1,1.0,1,1.0,1,0.3847473996407804,17
2752,0,4348,2230,2118,0,0,0,1.0,1,1.0,1,1.0,1,0.34784577609241935,16
2753,0,4348,2230,2118,0,0,0,1.0,1,1.0,1,1.0,1,0.34784577609241935,16
2754,0,4348,2230,2118,0,0,0,1.0,1,1.0,1,1.0,1,0.34784577609241935,16
2755,1,4349,2231,2118,0,0,0,1.0,1,1.0,1,1.0,1,0.4004214212586857,16
2756,0,4349,2231,2118,0,0,0,1.0,1,1.0,1,1.0,1,0.4124819288568075,17
2757,1,4350,2232,2118,0,0,0,1.0,1,1.0,1,1.0,1,0.40441628959718123,18
2758,0,4350,2232,2118,0,0,0,1.0,1,1.0,1,1.0,1,0.40441628959718123,18
2759,0,4350,2232,2118,0,0,0,1.0,1,1.0,1,1.0,1,0.42605040780360415,19
2760,1,4351,2233,2118,0,0,0,1.0,1,1.0,1,1.0,1,0.43912583318010284,18
2761,0,4351,2233,2118,0,0,0,1.0,1,1.0,1,1.0,1,0.43912583318010284,18
2762,0,4351,2233,2118,0,0,0,1.0,1,1.0,1,1.0,1,0.43912583318010284,18
2763,0,4351,2233,2118,0,0,0,1.0,1,1.0,1,1.0,1,0.43912583318010284,18
2764,0,4351,2233,2118,0,0,0,1.0,1,1.0,1,1.0,1,0.43912583318010284,18
2765,1,4352,2234,2118,0,0,0,1.0,1,1.0,1,1.0,1,0.4443386781336939,18
2766,0,4352,2234,2118,0,0,0,1.0,1,1.0,1,1.0,1,0.4443386781336939,18
2767,0,4352,2234,2118,0,0,0,1.0,1,1.0,1,1.0,1,0.4746130239441934,17
2768,0,4352,2234,2118,0,0,0,1.0,1,1.0,1,1.0,1,0.4746130239441934,17
2769,1,4353,2235,2118,0,0,0,1.0,1,1.0,1,1.0,1,0.4746130239441934,17
2770,0,4353,2235,2118,0,0,0,1.0,1,1.0,1,1.0,1,0.4746130239441934,17
2771,0,4353,2235,2118,0,0,0,1.0,1,1.0,1,1.0,1,0.4746130239441934,17
2772,0,4353,2235,2118,0,0,0,1.0,1,1.0,1,1.0,1,0.4746130239441934,17
2773,0,4353,2235,2118,0,0,0,1.0,1,1.0,1,1.0,1,0.4746130239441934,17
2774,0,4353,2235,2118,0,0,0,1.0,1,1.0,1,1.0,1,0.4359565669467663,18
2775,3,4356,2238,2118,0,0,0,1.0,1,1.0,1,1.0,1,0.39017806353029594,20
2776,0,4356,2238,2118,0,0,0,1.0,1,1.0,1,1.0,1,0.37204568518291253,21
2777,1,4357,2239,2118,0,0,0,1.0,1,1.0,1,1.0,1,0.40479308154540083,21
2778,2,4359,2240,2119,0,0,0,1.0,1,1.0,1,1.0,1,0.3699424574321121,21
2779,3,4362,2242,2120,0,0,0,1.0,1,1.0,1,1.0,1,0.3721122613755442,22
2780,2,4364,2243,2121,0,0,0,1.0,1,1.0,1,1.0,1,0.41897078475093696,22
2781,1,4365,2243,2122,0,0,0,1.0,1,1.0,1,1.0,1,0.39126504185227323,22
2782,2,4367,2244,2123,0,0,0,1.0,1,1.0,1,1.0,1,0.31220469587712674,23
2783,0,4367,2244,2123,0,0,0,1.0,1,1.0,1,1.0,1,0.2862172853276523,22
2784,0,4367,2244,2123,0,0,0,1.0,1,1.0,1,1.0,1,0.2619243222729508,21
2785,0,4367,2244,2123,0,0,0,1.0,1,1.0,1,1.0,1,0.285729412061007,19
2786,1,4368,2245,2123,0,0,0,1.0,1,1.0,1,1.0,1,0.30056902507000055,19
2787,0,4368,2245,2123,0,0,0,1.0,1,1.0,1,1.0,1,0.2880918337115719,20
2788,1,4369,2246,2123,0,0,0,1.0,1,1.0,1,1.0,1,0.3145395006015063,20
2789,0,4369,2246,2123,0,0,0,1.0,1,1.0,1,1.0,1,0.31950880480697863,19
2790,0,4369,2246,2123,0,0,0,1.0,1,1.0,1,1.0,1,0.31450150743176714,20
2791,1,4370,2247,2123,0,0,0,1.0,1,1.0,1,1.0,1,0.3663126834469052,20
2792,1,4371,2247,2124,0,0,0,1.0,1,1.0,1,1.0,1,0.31450150743176714,20
2793,0,4371,2247,2124,0,0,0,1.0,1,1.0,1,1.0,1,0.34152369997097876,19
2794,0,4371,2247,2124,0,0,0,1.0,1,1.0,1,1.0,1,0.36214251521410784,20
2795,0,4371,2247,2124,0,0,0,1.0,1,1.0,1,1.0,1,0.3711955150591921,21
2796,0,4371,2247,2124,0,0,0,1.0,1,1.0,1,1.0,1,0.35965830536739374,22
2797,1,4372,2247,2125,0,0,0,1.0,1,1.0,1,1.0,1,0.36534568685253976,21
2798,1,4373,2248,2125,0,0,0,1.0,1,1.0,1,1.0,1,0.4282817089932929,21
2799,0,4373,2248,2125,0,0,0,1.0,1,1.0,1,1.0,1,0.4121193368489767,20
2800,0,4373,2248,2125,0,0,0,1.0,1,1.0,1,1.0,1,0.4121193368489767,20
2801,0,4373,2248,2125,0,0,0,1.0,1,1.0,1,1.0,1,0.4121193368489767,20
2802,1,4374,2248,2126,0,0,0,1.0,1,1.0,1,1.0,1,0.356092831282759,20
2803,0,4374,2248,2126,0,0,0,1.0,1,1.0,1,1.0,1,0.3597661720781964,21
2804,1,4375,2248,2127,0,0,0,1.0,1,1.0,1,1.0,1,0.32417566776227336,22
2805,1,4376,2249,2127,0,0,0,1.0,1,1.0,1,1.0,1,0.2917337388211059,22
2806,2,4378,2250,2128,0,0,0,1.0,1,1.0,1,1.0,1,0.3024142033269476,23
2807,3,4381,2252,2129,0,0,0,1.0,1,1.0,1,1.0,1,0.3491018030161138,24
2808,2,4383,2254,2129,0,0,0,1.0,1,1.0,1,1.0,1,0.41021030308437506,24
2809,4,4387,2254,2133,0,0,0,1.0,1,1.0,1,1.0,1,0.24470825278175365,26
2810,0,4387,2254,2133,0,0,0,1.0,1,1.0,1,1.0,1,0.2225500572853257,26
2811,0,4387,2254,2133,0,0,0,1.0,1,1.0,1,1.0,1,0.1965781461958052,27
2812,0,4387,2254,2133,0,0,0,1.0,1,1.0,1,1.0,1,0.1965781461958052,27
2813,0,4387,2254,2133,0,0,0,1.0,1,1.0,1,1.0,1,0.19133968940468257,28
2814,2,4389,2256,2133,0,0,0,1.0,1,1.0,1,1.0,1,0.22696778978706902,29
2815,0,4389,2256,2133,0,0,0,1.0,1,1.0,1,1.0,1,0.2329774071236757,30
2816,1,4390,2257,2133,0,0,0,1.0,1,1.0,1,1.0,1,0.2322588405299876,31
2817,0,4390,2257,2133,0,0,0,1.0,1,1.0,1,1.0,1,0.2322588405299876,31
2818,3,4393,2258,2135,0,0,0,1.0,1,1.0,1,1.0,1,0.18271920080183576,32
2819,0,4393,2258,2135,0,0,0,1.0,1,1.0,1,1.0,1,0.18271920080183576,32
2820,0,4393,2258,2135,0,0,0,1.0,1,1.0,1,1.0,1,0.19525810135459987,33
2821,0,4393,2258,2135,0,0,0,1.0,1,1.0,1,1.0,1,0.215637644171538,34
2822,1,4394,2259,2135,0,0,0,1.0,1,1.0,1,1.0,1,0.22663608070076066,35
2823,1,4395,2260,2135,0,0,0,1.0,1,1.0,1,1.0,1,0.21428205562572997,31
2824,3,4398,2262,2136,0,0,0,1.0,1,1.0,1,1.0,1,0.3262987188999175,33
2825,1,4399,2262,2137,0,0,0,1.0,1,1.0,1,1.0,1,0.25933921445550645,31
2826,0,4399,2262,2137,0,0,0,1.0,1,1.0,1,1.0,1,0.25933921445550645,31
2827,2,4401,2264,2137,0,0,0,1.0,1,1.0,1,1.0,1,0.2649650455995001,32
2828,5,4406,2266,2140,0,0,0,1.0,1,1.0,1,1.0,1,0.3426100222429563,33
2829,4,4410,2267,2143,0,0,0,1.0,1,1.0,1,1.0,1,0.25183114022266717,33
2830,0,4410,2267,2143,0,0,0,1.0,1,1.0,1,1.0,1,0.2392614672111534,32
2831,3,4413,2269,2144,0,0,0,1.0,1,1.0,1,1.0,1,0.3317501012001325,31
2832,5,4418,2271,2147,0,0,0,1.0,1,1.0,1,1.0,1,0.2643776607284254,30
2833,2,4420,2272,2148,0,0,0,1.0,1,1.0,1,1.0,1,0.22343603989674682,29
2834,3,4423,2275,2148,0,0,0,1.0,1,1.0,1,1.0,1,0.2860182503711808,29
2835,2,4425,2276,2149,0,0,0,1.0,1,1.0,1,1.0,1,0.3273824896588012,27
2836,1,4426,2276,2150,0,0,0,1.0,1,1.0,1,1.0,1,0.2738119119060681,27
2837,0,4426,2276,2150,0,0,0,1.0,1,1.0,1,1.0,1,0.28670303543908454,28
2838,0,4426,2276,2150,0,0,0,1.0,1,1.0,1,1.0,1,0.2956977183410165,29
2839,0,4426,2276,2150,0,0,0,1.0,1,1.0,1,1.0,1,0.26607157376809365,29
2840,1,4427,2277,2150,0,0,0,1.0,1,1.0,1,1.0,1,0.23676836829517123,29
2841,0,4427,2277,2150,0,0,0,1.0,1,1.0,1,1.0,1,0.2732613373786244,31
2842,1,4428,2277,2151,0,0,0,1.0,1,1.0,1,1.0,1,0.2371139948006843,32
2843,0,4428,2277,2151,0,0,0,1.0,1,1.0,1,1.0,1,0.2371139948006843,32
2844,0,4428,2277,2151,0,0,0,1.0,1,1.0,1,1.0,1,0.2623268523003061,33
2845,2,4430,2279,2151,0,0,0,1.0,1,1.0,1,1.0,1,0.26819265371168766,34
2846,2,4432,2280,2152,0,0,0,1.0,1,1.0,1,1.0,1,0.26175017189635547,34
2847,1,4433,2281,2152,0,0,0,1.0,1,1.0,1,1.0,1,0.2685872103529851,35
2848,3,4436,2282,2154,0,0,0,1.0,1,1.0,1,1.0,1,0.23868593639211816,37
2849,1,4437,2283,2154,0,0,0,1.0,1,1.0,1,1.0,1,0.28094059625018003,37
2850,1,4438,2284,2154,0,0,0,1.0,1,1.0,1,1.0,1,0.2844249041847536,37
2851,3,4441,2285,2156,0,0,0,1.0,1,1.0,1,1.0,1,0.2605651218771413,38
2852,0,4441,2285,2156,0,0,0,1.0,1,1.0,1,1.0,1,0.25781322054217515,36
2853,2,4443,2285,2158,0,0,0,1.0,1,1.0,1,1.0,1,0.23428995855304777,36
2854,1,4444,2285,2159,0,0,0,1.0,1,1.0,1,1.0,1,0.23360406445626858,37
2855,0,4444,2285,2159,0,0,0,1.0,1,1.0,1,1.0,1,0.2659518946442083,37
2856,2,4446,2285,2161,0,0,0,1.0,1,1.0,1,1.0,1,0.1866860627783819,38
2857,1,4447,2286,2161,0,0,0,1.0,1,1.0,1,1.0,1,0.25030850518008685,39
2858,4,4451,2287,2164,0,0,0,1.0,1,1.0,1,1.0,1,0.18407758239222402,39
2859,0,4451,2287,2164,0,0,0,1.0,1,1.0,1,1.0,1,0.18407758239222402,39
2860,1,4452,2288,2164,0,0,0,1.0,1,1.0,1,1.0,1,0.1886673991007708,40
2861,1,4453,2289,2164,0,0,0,1.0,1,1.0,1,1.0,1,0.15442140122189482,38
2862,6,4459,2295,2164,0,0,0,1.0,1,1.0,1,1.0,1,0.25940663873521175,38
2863,3,4462,2296,2166,0,0,0,1.0,1,1.0,1,1.0,1,0.22733681012276116,37
2864,5,4467,2300,2167,0,0,0,1.0,1,1.0,1,1.0,1,0.2557929370317728,35
2865,3,4470,2302,2168,0,0,0,1.0,1,1.0,1,1.0,1,0.2585162763118227,33
2866,4,4474,2304,2170,0,0,0,1.0,1,1.0,1,1.0,1,0.24567040291663625,31
2867,3,4477,2306,2171,0,0,0,1.0,1,1.0,1,1.0,1,0.2815544503211135,30
2868,1,4478,2307,2171,0,0,0,1.0,1,1.0,1,1.0,1,0.3085327508549756,31
2869,4,4482,2309,2173,0,0,0,1.0,1,1.0,1,1.0,1,0.3313178431082963,30
2870,1,4483,2309,2174,0,0,0,1.0,1,1.0,1,1.0,1,0.28447404319112873,26
2871,0,4483,2309,2174,0,0,0,1.0,1,1.0,1,1.0,1,0.2828174347846147,27
2872,0,4483,2309,2174,0,0,0,1.0,1,1.0,1,1.0,1,0.2660112600600381,25
2873,0,4483,2309,2174,0,0,0,1.0,1,1.0,1,1.0,1,0.3369809668069909,24
2874,1,4484,2309,2175,0,0,0,1.0,1,1.0,1,1.0,1,0.2792114380867254,25
2875,1,4485,2310,2175,0,0,0,1.0,1,1.0,1,1.0,1,0.3172437133626164,26
2876,2,4487,2311,2176,0,0,0,1.0,1,1.0,1,1.0,1,0.331676440573609,28
2877,0,4487,2311,2176,0,0,0,1.0,1,1.0,1,1.0,1,0.3300265177854647,29
2878,0,4487,2311,2176,0,0,0,1.0,1,1.0,1,1.0,1,0.3218790273702379,31
2879,2,4489,2311,2178,0,0,0,1.0,1,1.0,1,1.0,1,0.26048014486843085,31
2880,0,4489,2311,2178,0,0,0,1.0,1,1.0,1,1.0,1,0.2630766991329661,32
2881,0,4489,2311,2178,0,0,0,1.0,1,1.0,1,1.0,1,0.2865146283226252,31
2882,0,4489,2311,2178,0,0,0,1.0,1,1.0,1,1.0,1,0.2865146283226252,31
2883,0,4489,2311,2178,0,0,0,1.0,1,1.0,1,1.0,1,0.29486746488744286,32
2884,4,4493,2312,2181,0,0,0,1.0,1,1.0,1,1.0,1,0.22360407762920118,32
2885,3,4496,2313,2183,0,0,0,1.0,1,1.0,1,1.0,1,0.16322326108324817,33
2886,1,4497,2314,2183,0,0,0,1.0,1,1.0,1,1.0,1,0.17280982818497176,34
2887,0,4497,2314,2183,0,0,0,1.0,1,1.0,1,1.0,1,0.19232656435355552,34
2888,2,4499,2316,2183,0,0,0,1.0,1,1.0,1,1.0,1,0.19391635415579508,34
2889,3,4502,2318,2184,0,0,0,1.0,1,1.0,1,1.0,1,0.2418888318662666,37
2890,1,4503,2318,2185,0,0,0,1.0,1,1.0,1,1.0,1,0.2060278865730488,37
2891,1,4504,2319,2185,0,0,0,1.0,1,1.0,1,1.0,1,0.24967158259338404,37
2892,0,4504,2319,2185,0,0,0,1.0,1,1.0,1,1.0,1,0.24967158259338404,37
2893,1,4505,2320,2185,0,0,0,1.0,1,1.0,1,1.0,1,0.2781544241381962,38
2894,0,4505,2320,2185,0,0,0,1.0,1,1.0,1,1.0,1,0.27655351278538476,39
2895,2,4507,2322,2185,0,0,0,1.0,1,1.0,1,1.0,1,0.28066786607013133,40
2896,3,4510,2322,2188,0,0,0,1.0,1,1.0,1,1.0,1,0.22144227209285888,41
2897,2,4512,2322,2190,0,0,0,1.0,1,1.0,1,1.0,1,0.17229103056322453,41
2898,3,4515,2324,2191,0,0,0,1.0,1,1.0,1,1.0,1,0.22849113399325185,41
2899,1,4516,2325,2191,0,0,0,1.0,1,1.0,1,1.0,1,0.2171025563951981,39
2900,4,4520,2328,2192,0,0,0,1.0,1,1.0,1,1.0,1,0.32843333075231657,40
2901,0,4520,2328,2192,0,0,0,1.0,1,1.0,1,1.0,1,0.29908695999433826,40
2902,1,4521,2328,2193,0,0,0,1.0,1,1.0,1,1.0,1,0.28671883356701267,38
2903,0,4521,2328,2193,0,0,0,1.0,1,1.0,1,1.0,1,0.25552072486365046,36
2904,1,4522,2329,2193,0,0,0,1.0,1,1.0,1,1.0,1,0.27585765710848204,36
2905,1,4523,2330,2193,0,0,0,1.0,1,1.0,1,1.0,1,0.26825548947255246,35
2906,0,4523,2330,2193,0,0,0,1.0,1,1.0,1,1.0,1,0.28417011263151376,36
2907,2,4525,2331,2194,0,0,0,1.0,1,1.0,1,1.0,1,0.3086438545322046,37
2908,2,4527,2332,2195,0,0,0,1.0,1,1.0,1,1.0,1,0.32988829172494805,38
2909,0,4527,2332,2195,0,0,0,1.0,1,1.0,1,1.0,1,0.31994241972277854,37
2910,3,4530,2333,2197,0,0,0,1.0,1,1.0,1,1.0,1,0.2974414814936061,37
2911,0,4530,2333,2197,0,0,0,1.0,1,1.0,1,1.0,1,0.31721677358444833,36
2912,3,4533,2335,2198,0,0,0,1.0,1,1.0,1,1.0,1,0.3192359186989552,36
2913,1,4534,2336,2198,0,0,0,1.0,1,1.0,1,1.0,1,0.302708564619254,36
2914,1,4535,2336,2199,0,0,0,1.0,1,1.0,1,1.0,1,0.3079106006138689,38
2915,1,4536,2336,2200,0,0,0,1.0,1,1.0,1,1.0,1,0.26133237908915824,37
2916,1,4537,2336,2201,0,0,0,1.0,1,1.0,1,1.0,1,0.24906303985018513,39
2917,4,4541,2338,2203,0,0,0,1.0,1,1.0,1,1.0,1,0.22464411615113666,40
2918,4,4545,2341,2204,0,0,0,1.0,1,1.0,1,1.0,1,0.21575326911292164,40
2919,2,4547,2342,2205,0,0,0,1.0,1,1.0,1,1.0,1,0.1913149848341343,42
2920,0,4547,2342,2205,0,0,0,1.0,1,1.0,1,1.0,1,0.1913149848341343,42
2921,0,4547,2342,2205,0,0,0,1.0,1,1.0,1,1.0,1,0.1913149848341343,42
2922,0,4547,2342,2205,0,0,0,1.0,1,1.0,1,1.0,1,0.172376199479127,43
2923,1,4548,2342,2206,0,0,0,1.0,1,1.0,1,1.0,1,0.18393514683184314,45
2924,1,4549,2343,2206,0,0,0,1.0,1,1.0,1,1.0,1,0.19141466921510378,46
2925,0,4549,2343,2206,0,0,0,1.0,1,1.0,1,1.0,1,0.19141466921510378,46
2926,0,4549,2343,2206,0,0,0,1.0,1,1.0,1,1.0,1,0.19141466921510378,46
2927,2,4551,2344,2207,0,0,0,1.0,1,1.0,1,1.0,1,0.19528160649967113,48
2928,1,4552,2345,2207,0,0,0,1.0,1,1.0,1,1.0,1,0.21975462953648506,48
2929,0,4552,2345,2207,0,0,0,1.0,1,1.0,1,1.0,1,0.21975462953648506,48
2930,1,4553,2345,2208,0,0,0,1.0,1,1.0,1,1.0,1,0.225662790606275,50
2931,2,4555,2346,2209,0,0,0,1.0,1,1.0,1,1.0,1,0.23471887389005447,51
2932,1,4556,2346,2210,0,0,0,1.0,1,1.0,1,1.0,1,0.22472007502969693,52
2933,0,4556,2346,2210,0,0,0,1.0,1,1.0,1,1.0,1,0.232991459013229,53
2934,3,4559,2347,2212,0,0,0,1.0,1,1.0,1,1.0,1,0.22057482292509298,54
2935,2,4561,2347,2214,0,0,0,1.0,1,1.0,1,1.0,1,0.22069760085933987,53
2936,0,4561,2347,2214,0,0,0,1.0,1,1.0,1,1.0,1,0.22069760085933987,53
2937,1,4562,2348,2214,0,0,0,1.0,1,1.0,1,1.0,1,0.2494443374057563,51
2938,2,4564,2349,2215,0,0,0,1.0,1,1.0,1,1.0,1,0.2797061671606701,53
2939,3,4567,2350,2217,0,0,0,1.0,1,1.0,1,1.0,1,0.2785743900537341,52
2940,4,4571,2352,2219,0,0,0,1.0,1,1.0,1,1.0,1,0.2964913865495705,52
2941,1,4572,2353,2219,0,0,0,1.0,1,1.0,1,1.0,1,0.28177014430378505,50
2942,3,4575,2354,2221,0,0,0,1.0,1,1.0,1,1.0,1,0.28352948294997693,50
2943,1,4576,2355,2221,0,0,0,1.0,1,1.0,1,1.0,1,0.28433326638118767,49
2944,3,4579,2355,2224,0,0,0,1.0,1,1.0,1,1.0,1,0.2336484594219971,48
2945,1,4580,2355,2225,0,0,0,1.0,1,1.0,1,1.0,1,0.2103740545227531,48
2946,1,4581,2356,2225,0,0,0,1.0,1,1.0,1,1.0,1,0.21495855369115432,47
2947,2,4583,2357,2226,0,0,0,1.0,1,1.0,1,1.0,1,0.19541995570981882,47
2948,4,4587,2358,2229,0,0,0,1.0,1,1.0,1,1.0,1,0.164460348652016,48
2949,0,4587,2358,2229,0,0,0,1.0,1,1.0,1,1.0,1,0.164460348652016,48
2950,0,4587,2358,2229,0,0,0,1.0,1,1.0,1,1.0,1,0.164460348652016,48
2951,1,4588,2358,2230,0,0,0,1.0,1,1.0,1,1.0,1,0.18029473226297948,50
2952,0,4588,2358,2230,0,0,0,1.0,1,1.0,1,1.0,1,0.18029473226297948,50
2953,0,4588,2358,2230,0,0,0,1.0,1,1.0,1,1.0,1,0.1902664882476381,51
2954,1,4589,2358,2231,0,0,0,1.0,1,1.0,1,1.0,1,0.16289908346591728,51
2955,0,4589,2358,2231,0,0,0,1.0,1,1.0,1,1.0,1,0.16289908346591728,51
2956,1,4590,2359,2231,0,0,0,1.0,1,1.0,1,1.0,1,0.19231393743974648,51
2957,0,4590,2359,2231,0,0,0,1.0,1,1.0,1,1.0,1,0.20360226879870078,52
2958,0,4590,2359,2231,0,0,0,1.0,1,1.0,1,1.0,1,0.20360226879870078,52
2959,1,4591,2360,2231,0,0,0,1.0,1,1.0,1,1.0,1,0.22394103420883196,53
2960,1,4592,2361,2231,0,0,0,1.0,1,1.0,1,1.0,1,0.20269125592628684,52
2961,1,4593,2361,2232,0,0,0,1.0,1,1.0,1,1.0,1,0.18559542298204607,53
2962,0,4593,2361,2232,0,0,0,1.0,1,1.0,1,1.0,1,0.20339552079352372,54
2963,3,4596,2364,2232,0,0,0,1.0,1,1.0,1,1.0,1,0.24040768476029065,55
2964,3,4599,2364,2235,0,0,0,1.0,1,1.0,1,1.0,1,0.21742607114496942,55
2965,0,4599,2364,2235,0,0,0,1.0,1,1.0,1,1.0,1,0.22190458881678216,55
2966,2,4601,2364,2237,0,0,0,1.0,1,1.0,1,1.0,1,0.19233722862056063,55
2967,1,4602,2364,2238,0,0,0,1.0,1,1.0,1,1.0,1,0.2071520847417661,56
2968,0,4602,2364,2238,0,0,0,1.0,1,1.0,1,1.0,1,0.2071520847417661,56
2969,0,4602,2364,2238,0,0,0,1.0,1,1.0,1,1.0,1,0.2191608345490314,55
2970,3,4605,2365,2240,0,0,0,1.0,1,1.0,1,1.0,1,0.19098499579243122,57
2971,1,4606,2366,2240,0,0,0,1.0,1,1.0,1,1.0,1,0.1918868738739824,56
2972,1,4607,2367,2240,0,0,0,1.0,1,1.0,1,1.0,1,0.20292069441935587,57
2973,4,4611,2369,2242,0,0,0,1.0,1,1.0,1,1.0,1,0.18556113474539687,59
2974,1,4612,2370,2242,0,0,0,1.0,1,1.0,1,1.0,1,0.19040817496127663,60
2975,3,4615,2372,2243,0,0,0,1.0,1,1.0,1,1.0,1,0.2353885025125909,58
2976,4,4619,2373,2246,0,0,0,1.0,1,1.0,1,1.0,1,0.2303666181228416,59
2977,5,4624,2374,2250,0,0,0,1.0,1,1.0,1,1.0,1,0.2093671084005379,59
2978,1,4625,2375,2250,0,0,0,1.0,1,1.0,1,1.0,1,0.18796226504463015,58
2979,1,4626,2376,2250,0,0,0,1.0,1,1.0,1,1.0,1,0.19737486448046165,57
2980,1,4627,2377,2250,0,0,0,1.0,1,1.0,1,1.0,1,0.19038371000943055,56
2981,0,4627,2377,2250,0,0,0,1.0,1,1.0,1,1.0,1,0.19038371000943055,56
2982,1,4628,2378,2250,0,0,0,1.0,1,1.0,1,1.0,1,0.1992021363178432,57
2983,3,4631,2379,2252,0,0,0,1.0,1,1.0,1,1.0,1,0.17571240610912292,57
2984,0,4631,2379,2252,0,0,0,1.0,1,1.0,1,1.0,1,0.1649809171408637,56
2985,3,4634,2379,2255,0,0,0,1.0,1,1.0,1,1.0,1,0.2077632715493909,55
2986,7,4641,2383,2258,0,0,0,1.0,1,1.0,1,1.0,1,0.1977034188746999,55
2987,2,4643,2383,2260,0,0,0,1.0,1,1.0,1,1.0,1,0.21128783267570372,51
2988,3,4646,2384,2262,0,0,0,1.0,1,1.0,1,1.0,1,0.18281893837914523,52
2989,1,4647,2385,2262,0,0,0,1.0,1,1.0,1,1.0,1,0.1897223373319943,50
2990,4,4651,2387,2264,0,0,0,1.0,1,1.0,1,1.0,1,0.15327879446543208,50
2991,0,4651,2387,2264,0,0,0,1.0,1,1.0,1,1.0,1,0.13929834213504097,50
2992,0,4651,2387,2264,0,0,0,1.0,1,1.0,1,1.0,1,0.13929834213504097,50
2993,0,4651,2387,2264,0,0,0,1.0,1,1.0,1,1.0,1,0.1786690598373999,51
2994,2,4653,2389,2264,0,0,0,1.0,1,1.0,1,1.0,1,0.21463287057212108,51
2995,0,4653,2389,2264,0,0,0,1.0,1,1.0,1,1.0,1,0.22645058635212545,51
2996,1,4654,2390,2264,0,0,0,1.0,1,1.0,1,1.0,1,0.2517141798011077,52
2997,4,4658,2391,2267,0,0,0,1.0,1,1.0,1,1.0,1,0.23465562172194399,52
2998,5,4663,2395,2268,0,0,0,1.0,1,1.0,1,1.0,1,0.2297900777518621,51
2999,0,4663,2395,2268,0,0,0,1.0,1,1.0,1,1.0,1,0.2297900777518621,51
3000,2,4665,2397,2268,0,0,0,1.0,1,1.0,1,1.0,1,0.23362834343029487,52
3001,0,4665,2397,2268,0,0,0,1.0,1,1.0,1,1.0,1,0.23362834343029487,52
3002,1,4666,2398,2268,0,0,0,1.0,1,1.0,1,1.0,1,0.2581451406402086,53
3003,1,4667,2398,2269,0,0,0,1.0,1,1.0,1,1.0,1,0.22390132107070382,54
3004,0,4667,2398,2269,0,0,0,1.0,1,1.0,1,1.0,1,0.23178687317852073,55
3005,3,4670,2398,2272,0,0,0,1.0,1,1.0,1,1.0,1,0.20777219436397534,56
3006,0,4670,2398,2272,0,0,0,1.0,1,1.0,1,1.0,1,0.202730112060276,57
3007,2,4672,2398,2274,0,0,0,1.0,1,1.0,1,1.0,1,0.1949528831951806,58
3008,2,4674,2400,2274,0,0,0,1.0,1,1.0,1,1.0,1,0.2102793289482049,59
3009,0,4674,2400,2274,0,0,0,1.0,1,1.0,1,1.0,1,0.2102793289482049,59
3010,1,4675,2400,2275,0,0,0,1.0,1,1.0,1,1.0,1,0.186192424686639,59
3011,2,4677,2401,2276,0,0,0,1.0,1,1.0,1,1.0,1,0.17580643860567932,59
3012,1,4678,2401,2277,0,0,0,1.0,1,1.0,1,1.0,1,0.16833753133970944,61
3013,1,4679,2402,2277,0,0,0,1.0,1,1.0,1,1.0,1,0.1781171636566369,59
3014,0,4679,2402,2277,0,0,0,1.0,1,1.0,1,1.0,1,0.18916513158734782,60
3015,1,4680,2402,2278,0,0,0,1.0,1,1.0,1,1.0,1,0.19000710235642612,58
3016,2,4682,2404,2278,0,0,0,1.0,1,1.0,1,1.0,1,0.2318806083386257,57
3017,3,4685,2407,2278,0,0,0,1.0,1,1.0,1,1.0,1,0.24393299769525958,58
3018,2,4687,2408,2279,0,0,0,1.0,1,1.0,1,1.0,1,0.2571488437809389,55
3019,0,4687,2408,2279,0,0,0,1.0,1,1.0,1,1.0,1,0.26649605548764316,56
3020,1,4688,2408,2280,0,0,0,1.0,1,1.0,1,1.0,1,0.2968944307342295,55
3021,3,4691,2409,2282,0,0,0,1.0,1,1.0,1,1.0,1,0.268955947610082,55
3022,4,4695,2412,2283,0,0,0,1.0,1,1.0,1,1.0,1,0.28988843421164434,55
3023,2,4697,2413,2284,0,0,0,1.0,1,1.0,1,1.0,1,0.2621333595823679,54
3024,2,4699,2414,2285,0,0,0,1.0,1,1.0,1,1.0,1,0.2692855583604594,54
3025,7,4706,2418,2288,0,0,0,1.0,1,1.0,1,1.0,1,0.2936386347683218,54
3026,4,4710,2418,2292,0,0,0,1.0,1,1.0,1,1.0,1,0.21351838177367638,53
3027,1,4711,2418,2293,0,0,0,1.0,1,1.0,1,1.0,1,0.18298590095798392,53
3028,3,4714,2420,2294,0,0,0,1.0,1,1.0,1,1.0,1,0.1800323220079231,51
3029,2,4716,2421,2295,0,0,0,1.0,1,1.0,1,1.0,1,0.18807646798133543,51
3030,3,4719,2423,2296,0,0,0,1.0,1,1.0,1,1.0,1,0.19307808058872494,52
3031,3,4722,2425,2297,0,0,0,1.0,1,1.0,1,1.0,1,0.2096279450656077,51
3032,1,4723,2425,2298,0,0,0,1.0,1,1.0,1,1.0,1,0.19065774684285844,50
3033,2,4725,2426,2299,0,0,0,1.0,1,1.0,1,1.0,1,0.15749311448477957,52
3034,0,4725,2426,2299,0,0,0,1.0,1,1.0,1,1.0,1,0.16788942239064786,51
3035,1,4726,2426,2300,0,0,0,1.0,1,1.0,1,1.0,1,0.13803565191559677,51
3036,1,4727,2427,2300,0,0,0,1.0,1,1.0,1,1.0,1,0.1524769830441216,53
3037,0,4727,2427,2300,0,0,0,1.0,1,1.0,1,1.0,1,0.15801863294085097,52
3038,0,4727,2427,2300,0,0,0,1.0,1,1.0,1,1.0,1,0.15801863294085097,52
3039,0,4727,2427,2300,0,0,0,1.0,1,1.0,1,1.0,1,0.16065315775308522,54
3040,1,4728,2428,2300,0,0,0,1.0,1,1.0,1,1.0,1,0.14059798754668534,55
3041,2,4730,2428,2302,0,0,0,1.0,1,1.0,1,1.0,1,0.1295799306280357,56
3042,2,4732,2430,2302,0,0,0,1.0,1,1.0,1,1.0,1,0.1695710083917948,56
3043,2,4734,2430,2304,0,0,0,1.0,1,1.0,1,1.0,1,0.12909053923220093,57
3044,2,4736,2432,2304,0,0,0,1.0,1,1.0,1,1.0,1,0.17400621367000518,57
3045,4,4740,2432,2308,0,0,0,1.0,1,1.0,1,1.0,1,0.12321978634076283,56
3046,2,4742,2433,2309,0,0,0,1.0,1,1.0,1,1.0,1,0.13718805618079385,57
3047,0,4742,2433,2309,0,0,0,1.0,1,1.0,1,1.0,1,0.15397461111251107,56
3048,1,4743,2433,2310,0,0,0,1.0,1,1.0,1,1.0,1,0.1680876807854461,58
3049,5,4748,2434,2314,0,0,0,1.0,1,1.0,1,1.0,1,0.12927371753555417,59
3050,1,4749,2434,2315,0,0,0,1.0,1,1.0,1,1.0,1,0.13579986073255954,60
3051,2,4751,2436,2315,0,0,0,1.0,1,1.0,1,1.0,1,0.1870153716109683,59
3052,1,4752,2437,2315,0,0,0,1.0,1,1.0,1,1.0,1,0.193458556316841,58
3053,2,4754,2439,2315,0,0,0,1.0,1,1.0,1,1.0,1,0.2633077682629155,57
3054,1,4755,2440,2315,0,0,0,1.0,1,1.0,1,1.0,1,0.31097153269030453,55
3055,4,4759,2441,2318,0,0,0,1.0,1,1.0,1,1.0,1,0.27675409398655754,54
3056,1,4760,2441,2319,0,0,0,1.0,1,1.0,1,1.0,1,0.25681263832747003,55
3057,2,4762,2441,2321,0,0,0,1.0,1,1.0,1,1.0,1,0.24509209416387945,54
3058,1,4763,2442,2321,0,0,0,1.0,1,1.0,1,1.0,1,0.27058307734832654,55
3059,1,4764,2442,2322,0,0,0,1.0,1,1.0,1,1.0,1,0.25924754008048556,56
3060,0,4764,2442,2322,0,0,0,1.0,1,1.0,1,1.0,1,0.25924754008048556,56
3061,1,4765,2443,2322,0,0,0,1.0,1,1.0,1,1.0,1,0.27316526875087144,56
3062,6,4771,2446,2325,0,0,0,1.0,1,1.0,1,1.0,1,0.3031843078480041,57
3063,4,4775,2447,2328,0,0,0,1.0,1,1.0,1,1.0,1,0.25616027735158947,55
3064,2,4777,2449,2328,0,0,0,1.0,1,1.0,1,1.0,1,0.28028180748971343,56
3065,1,4778,2450,2328,0,0,0,1.0,1,1.0,1,1.0,1,0.27940896626499934,55
3066,3,4781,2451,2330,0,0,0,1.0,1,1.0,1,1.0,1,0.26832438221059673,55
3067,2,4783,2452,2331,0,0,0,1.0,1,1.0,1,1.0,1,0.2656864635295755,54
3068,6,4789,2455,2334,0,0,0,1.0,1,1.0,1,1.0,1,0.28348652080317926,53
3069,5,4794,2457,2337,0,0,0,1.0,1,1.0,1,1.0,1,0.26137087003313964,51
3070,1,4795,2457,2338,0,0,0,1.0,1,1.0,1,1.0,1,0.26689943987609804,50
3071,1,4796,2457,2339,0,0,0,1.0,1,1.0,1,1.0,1,0.23048550383156557,51
3072,1,4797,2458,2339,0,0,0,1.0,1,1.0,1,1.0,1,0.23612073449246626,53
3073,0,4797,2458,2339,0,0,0,1.0,1,1.0,1,1.0,1,0.2432616988037016,51
3074,0,4797,2458,2339,0,0,0,1.0,1,1.0,1,1.0,1,0.2547927260636305,50
3075,2,4799,2459,2340,0,0,0,1.0,1,1.0,1,1.0,1,0.27282729364204417,52
3076,1,4800,2459,2341,0,0,0,1.0,1,1.0,1,1.0,1,0.2799528208877903,53
3077,0,4800,2459,2341,0,0,0,1.0,1,1.0,1,1.0,1,0.27559351573753343,52
3078,1,4801,2459,2342,0,0,0,1.0,1,1.0,1,1.0,1,0.29189057019437176,53
3079,0,4801,2459,2342,0,0,0,1.0,1,1.0,1,1.0,1,0.29189057019437176,53
3080,1,4802,2459,2343,0,0,0,1.0,1,1.0,1,1.0,1,0.2985099879734583,52
3081,1,4803,2460,2343,0,0,0,1.0,1,1.0,1,1.0,1,0.3333962544996534,54
3082,2,4805,2460,2345,0,0,0,1.0,1,1.0,1,1.0,1,0.2961463162213887,54
3083,0,4805,2460,2345,0,0,0,1.0,1,1.0,1,1.0,1,0.2961463162213887,54
3084,2,4807,2461,2346,0,0,0,1.0,1,1.0,1,1.0,1,0.30638463991988385,55
3085,2,4809,2461,2348,0,0,0,1.0,1,1.0,1,1.0,1,0.28301732528363616,55
3086,0,4809,2461,2348,0,0,0,1.0,1,1.0,1,1.0,1,0.2921556082677887,56
3087,2,4811,2461,2350,0,0,0,1.0,1,1.0,1,1.0,1,0.28054940367560594,57
3088,0,4811,2461,2350,0,0,0,1.0,1,1.0,1,1.0,1,0.29465675205940606,56
3089,1,4812,2462,2350,0,0,0,1.0,1,1.0,1,1.0,1,0.31145440523743445,55
3090,1,4813,2462,2351,0,0,0,1.0,1,1.0,1,1.0,1,0.3042427114543888,54
3091,0,4813,2462,2351,0,0,0,1.0,1,1.0,1,1.0,1,0.32332380094273006,53
3092,2,4815,2462,2353,0,0,0,1.0,1,1.0,1,1.0,1,0.2943128321290929,56
3093,1,4816,2463,2353,0,0,0,1.0,1,1.0,1,1.0,1,0.30970734662146077,56
3094,0,4816,2463,2353,0,0,0,1.0,1,1.0,1,1.0,1,0.3181939553842217,58
3095,2,4818,2463,2355,0,0,0,1.0,1,1.0,1,1.0,1,0.28019295251244125,59
3096,1,4819,2463,2356,0,0,0,1.0,1,1.0,1,1.0,1,0.2678529375896214,60
3097,2,4821,2464,2357,0,0,0,1.0,1,1.0,1,1.0,1,0.25610635929143166,60
3098,2,4823,2465,2358,0,0,0,1.0,1,1.0,1,1.0,1,0.2907872139947953,58
3099,1,4824,2465,2359,0,0,0,1.0,1,1.0,1,1.0,1,0.28718851200347495,57
3100,0,4824,2465,2359,0,0,0,1.0,1,1.0,1,1.0,1,0.28718851200347495,57
3101,2,4826,2467,2359,0,0,0,1.0,1,1.0,1,1.0,1,0.30251397576642075,58
3102,4,4830,2468,2362,0,0,0,1.0,1,1.0,1,1.0,1,0.29090701354635246,59
3103,1,4831,2468,2363,0,0,0,1.0,1,1.0,1,1.0,1,0.26184490784702,58
3104,4,4835,2470,2365,0,0,0,1.0,1,1.0,1,1.0,1,0.25708077668106455,58
3105,1,4836,2471,2365,0,0,0,1.0,1,1.0,1,1.0,1,0.25281102641005126,56
3106,6,4842,2475,2367,0,0,0,1.0,1,1.0,1,1.0,1,0.2731986662714472,57
3107,5,4847,2477,2370,0,0,0,1.0,1,1.0,1,1.0,1,0.23749285076975452,55
3108,4,4851,2480,2371,0,0,0,1.0,1,1.0,1,1.0,1,0.2522593472946002,55
3109,2,4853,2481,2372,0,0,0,1.0,1,1.0,1,1.0,1,0.23409991333233957,54
3110,3,4856,2483,2373,0,0,0,1.0,1,1.0,1,1.0,1,0.20083539163960892,54
3111,0,4856,2483,2373,0,0,0,1.0,1,1.0,1,1.0,1,0.20083539163960892,54
3112,6,4862,2487,2375,0,0,0,1.0,1,1.0,1,1.0,1,0.2388951784069267,56
3113,4,4866,2489,2377,0,0,0,1.0,1,1.0,1,1.0,1,0.22088022909595798,55
3114,4,4870,2491,2379,0,0,0,1.0,1,1.0,1,1.0,1,0.1965760069536297,54
3115,0,4870,2491,2379,0,0,0,1.0,1,1.0,1,1.0,1,0.18416497435975862,56
3116,3,4873,2493,2380,0,0,0,1.0,1,1.0,1,1.0,1,0.2008675181947286,56
3117,1,4874,2493,2381,0,0,0,1.0,1,1.0,1,1.0,1,0.21658821495845107,58
3118,3,4877,2494,2383,0,0,0,1.0,1,1.0,1,1.0,1,0.19118102125785336,57
3119,3,4880,2495,2385,0,0,0,1.0,1,1.0,1,1.0,1,0.17933198499284603,57
3120,0,4880,2495,2385,0,0,0,1.0,1,1.0,1,1.0,1,0.1722013984801978,56
3121,2,4882,2497,2385,0,0,0,1.0,1,1.0,1,1.0,1,0.15432502492238057,57
3122,1,4883,2497,2386,0,0,0,1.0,1,1.0,1,1.0,1,0.14443652094683537,57
3123,0,4883,2497,2386,0,0,0,1.0,1,1.0,1,1.0,1,0.14443652094683537,57
3124,0,4883,2497,2386,0,0,0,1.0,1,1.0,1,1.0,1,0.15532498347596013,59
3125,3,4886,2499,2387,0,0,0,1.0,1,1.0,1,1.0,1,0.17525725310419185,61
3126,2,4888,2501,2387,0,0,0,1.0,1,1.0,1,1.0,1,0.20987120991656202,60
3127,3,4891,2502,2389,0,0,0,1.0,1,1.0,1,1.0,1,0.17698197185076064,58
3128,5,4896,2503,2393,0,0,0,1.0,1,1.0,1,1.0,1,0.20818322581219303,58
3129,2,4898,2503,2395,0,0,0,1.0,1,1.0,1,1.0,1,0.2065784138504103,56
3130,0,4898,2503,2395,0,0,0,1.0,1,1.0,1,1.0,1,0.21063640953623278,56
3131,1,4899,2503,2396,0,0,0,1.0,1,1.0,1,1.0,1,0.20880990185354992,55
3132,0,4899,2503,2396,0,0,0,1.0,1,1.0,1,1.0,1,0.20538354863692893,53
3133,1,4900,2503,2397,0,0,0,1.0,1,1.0,1,1.0,1,0.185877035861289,52
3134,0,4900,2503,2397,0,0,0,1.0,1,1.0,1,1.0,1,0.20706190237545044,52
3135,4,4904,2504,2400,0,0,0,1.0,1,1.0,1,1.0,1,0.13949147808542786,53
3136,4,4908,2506,2402,0,0,0,1.0,1,1.0,1,1.0,1,0.13415338207584124,54
3137,1,4909,2507,2402,0,0,0,1.0,1,1.0,1,1.0,1,0.14718984669720453,55
3138,4,4913,2511,2402,0,0,0,1.0,1,1.0,1,1.0,1,0.19857093319754857,57
3139,4,4917,2512,2405,0,0,0,1.0,1,1.0,1,1.0,1,0.17307417933605723,56
3140,0,4917,2512,2405,0,0,0,1.0,1,1.0,1,1.0,1,0.1721361307690131,56
3141,1,4918,2513,2405,0,0,0,1.0,1,1.0,1,1.0,1,0.20151254297622773,56
3142,3,4921,2514,2407,0,0,0,1.0,1,1.0,1,1.0,1,0.1761691620697693,56
3143,2,4923,2514,2409,0,0,0,1.0,1,1.0,1,1.0,1,0.1269838529667681,56
3144,1,4924,2515,2409,0,0,0,1.0,1,1.0,1,1.0,1,0.13735697972900038,54
3145,3,4927,2516,2411,0,0,0,1.0,1,1.0,1,1.0,1,0.1211738329594248,55
3146,2,4929,2517,2412,0,0,0,1.0,1,1.0,1,1.0,1,0.1063842973800251,53
3147,1,4930,2517,2413,0,0,0,1.0,1,1.0,1,1.0,1,0.09072038682218835,54
3148,0,4930,2517,2413,0,0,0,1.0,1,1.0,1,1.0,1,0.09072038682218835,54
3149,0,4930,2517,2413,0,0,0,1.0,1,1.0,1,1.0,1,0.09703898760796702,53
3150,1,4931,2517,2414,0,0,0,1.0,1,1.0,1,1.0,1,0.0653424719555641,53
3151,0,4931,2517,2414,0,0,0,1.0,1,1.0,1,1.0,1,0.0900117351047237,53
3152,0,4931,2517,2414,0,0,0,1.0,1,1.0,1,1.0,1,0.07754691604508529,54
3153,2,4933,2518,2415,0,0,0,1.0,1,1.0,1,1.0,1,0.08439698883487218,53
3154,1,4934,2519,2415,0,0,0,1.0,1,1.0,1,1.0,1,0.12694604926746922,55
3155,0,4934,2519,2415,0,0,0,1.0,1,1.0,1,1.0,1,0.12506747933598686,56
3156,1,4935,2520,2415,0,0,0,1.0,1,1.0,1,1.0,1,0.14477505999089915,56
3157,0,4935,2520,2415,0,0,0,1.0,1,1.0,1,1.0,1,0.14477505999089915,56
3158,1,4936,2520,2416,0,0,0,1.0,1,1.0,1,1.0,1,0.13806053697346934,57
3159,1,4937,2521,2416,0,0,0,1.0,1,1.0,1,1.0,1,0.16249247338717085,56
3160,3,4940,2522,2418,0,0,0,1.0,1,1.0,1,1.0,1,0.1865918010708117,58
3161,1,4941,2522,2419,0,0,0,1.0,1,1.0,1,1.0,1,0.15673095913622792,59
3162,1,4942,2523,2419,0,0,0,1.0,1,1.0,1,1.0,1,0.18304873634557142,59
3163,3,4945,2525,2420,0,0,0,1.0,1,1.0,1,1.0,1,0.22224415712960513,59
3164,4,4949,2526,2423,0,0,0,1.0,1,1.0,1,1.0,1,0.19343400217636464,60
3165,0,4949,2526,2423,0,0,0,1.0,1,1.0,1,1.0,1,0.1885172479164136,58
3166,1,4950,2527,2423,0,0,0,1.0,1,1.0,1,1.0,1,0.19239994327275325,59
3167,6,4956,2531,2425,0,0,0,1.0,1,1.0,1,1.0,1,0.18569412545964928,57
3168,3,4959,2532,2427,0,0,0,1.0,1,1.0,1,1.0,1,0.14372607501851015,58
3169,4,4963,2533,2430,0,0,0,1.0,1,1.0,1,1.0,1,0.11348670963483214,57
3170,1,4964,2534,2430,0,0,0,1.0,1,1.0,1,1.0,1,0.10148764677504779,55
3171,5,4969,2539,2430,0,0,0,1.0,1,1.0,1,1.0,1,0.1695535126525618,56
3172,2,4971,2540,2431,0,0,0,1.0,1,1.0,1,1.0,1,0.16062547084309936,54
3173,2,4973,2542,2431,0,0,0,1.0,1,1.0,1,1.0,1,0.22209183755503661,53
3174,0,4973,2542,2431,0,0,0,1.0,1,1.0,1,1.0,1,0.21095369964457428,53
3175,1,4974,2542,2432,0,0,0,1.0,1,1.0,1,1.0,1,0.18874525556159122,52
3176,5,4979,2545,2434,0,0,0,1.0,1,1.0,1,1.0,1,0.20233969759305045,53
3177,5,4984,2548,2436,0,0,0,1.0,1,1.0,1,1.0,1,0.24134529890821851,52
3178,5,4989,2548,2441,0,0,0,1.0,1,1.0,1,1.0,1,0.18758294863506844,53
3179,0,4989,2548,2441,0,0,0,1.0,1,1.0,1,1.0,1,0.1718888168402763,54
3180,0,4989,2548,2441,0,0,0,1.0,1,1.0,1,1.0,1,0.19265265971720372,54
3181,1,4990,2548,2442,0,0,0,1.0,1,1.0,1,1.0,1,0.19341203235583843,55
3182,2,4992,2548,2444,0,0,0,1.0,1,1.0,1,1.0,1,0.1802483549475714,54
3183,2,4994,2548,2446,0,0,0,1.0,1,1.0,1,1.0,1,0.18029446580563702,56
3184,4,4998,2551,2447,0,0,0,1.0,1,1.0,1,1.0,1,0.20885712730513437,54
3185,1,4999,2551,2448,0,0,0,1.0,1,1.0,1,1.0,1,0.17771400993769573,53
3186,4,5003,2553,2450,0,0,0,1.0,1,1.0,1,1.0,1,0.18995404092766027,52
3187,1,5004,2553,2451,0,0,0,1.0,1,1.0,1,1.0,1,0.17997088869045244,50
3188,1,5005,2554,2451,0,0,0,1.0,1,1.0,1,1.0,1,0.1864140238527123,50
3189,3,5008,2556,2452,0,0,0,1.0,1,1.0,1,1.0,1,0.21914440063544843,49
3190,3,5011,2557,2454,0,0,0,1.0,1,1.0,1,1.0,1,0.22332427337622393,50
3191,1,5012,2558,2454,0,0,0,1.0,1,1.0,1,1.0,1,0.2400348172010859,49
3192,1,5013,2558,2455,0,0,0,1.0,1,1.0,1,1.0,1,0.23200309719948456,49
3193,2,5015,2558,2457,0,0,0,1.0,1,1.0,1,1.0,1,0.2096975267985603,49
3194,5,5020,2561,2459,0,0,0,1.0,1,1.0,1,1.0,1,0.23870522349257953,50
3195,2,5022,2561,2461,0,0,0,1.0,1,1.0,1,1.0,1,0.19039707806549785,49
3196,1,5023,2562,2461,0,0,0,1.0,1,1.0,1,1.0,1,0.22540034248029409,49
3197,2,5025,2562,2463,0,0,0,1.0,1,1.0,1,1.0,1,0.18429104430607873,50
3198,2,5027,2562,2465,0,0,0,1.0,1,1.0,1,1.0,1,0.15651805542527455,50
3199,0,5027,2562,2465,0,0,0,1.0,1,1.0,1,1.0,1,0.17312155612605126,52
3200,0,5027,2562,2465,0,0,0,1.0,1,1.0,1,1.0,1,0.17340960589478113,53
3201,1,5028,2562,2466,0,0,0,1.0,1,1.0,1,1.0,1,0.16189046610900082,55
3202,1,5029,2563,2466,0,0,0,1.0,1,1.0,1,1.0,1,0.1901557835607593,55
3203,0,5029,2563,2466,0,0,0,1.0,1,1.0,1,1.0,1,0.19618288058969247,53
3204,1,5030,2563,2467,0,0,0,1.0,1,1.0,1,1.0,1,0.1700067945466942,53
3205,0,5030,2563,2467,0,0,0,1.0,1,1.0,1,1.0,1,0.1700067945466942,53
3206,0,5030,2563,2467,0,0,0,1.0,1,1.0,1,1.0,1,0.1920190992617705,52
3207,4,5034,2566,2468,0,0,0,1.0,1,1.0,1,1.0,1,0.24268211942566303,53
3208,0,5034,2566,2468,0,0,0,1.0,1,1.0,1,1.0,1,0.24797124489130715,51
3209,4,5038,2567,2471,0,0,0,1.0,1,1.0,1,1.0,1,0.2598566479660369,52
3210,0,5038,2567,2471,0,0,0,1.0,1,1.0,1,1.0,1,0.28060761710740106,49
3211,4,5042,2570,2472,0,0,0,1.0,1,1.0,1,1.0,1,0.25417978617502024,48
3212,2,5044,2570,2474,0,0,0,1.0,1,1.0,1,1.0,1,0.2044418704171705,48
3213,1,5045,2570,2475,0,0,0,1.0,1,1.0,1,1.0,1,0.19907648781000084,49
3214,3,5048,2572,2476,0,0,0,1.0,1,1.0,1,1.0,1,0.16856057167407434,51
3215,0,5048,2572,2476,0,0,0,1.0,1,1.0,1,1.0,1,0.16856057167407434,51
3216,3,5051,2574,2477,0,0,0,1.0,1,1.0,1,1.0,1,0.15060612045693386,51
3217,1,5052,2575,2477,0,0,0,1.0,1,1.0,1,1.0,1,0.17641346471396488,51
3218,0,5052,2575,2477,0,0,0,1.0,1,1.0,1,1.0,1,0.17641346471396488,51
3219,1,5053,2575,2478,0,0,0,1.0,1,1.0,1,1.0,1,0.189716607614225,52
3220,0,5053,2575,2478,0,0,0,1.0,1,1.0,1,1.0,1,0.189716607614225,52
3221,0,5053,2575,2478,0,0,0,1.0,1,1.0,1,1.0,1,0.17981962988824868,54
3222,0,5053,2575,2478,0,0,0,1.0,1,1.0,1,1.0,1,0.17852640463077302,54
3223,0,5053,2575,2478,0,0,0,1.0,1,1.0,1,1.0,1,0.19390397872912213,56
3224,1,5054,2576,2478,0,0,0,1.0,1,1.0,1,1.0,1,0.20249488222948359,57
3225,1,5055,2576,2479,0,0,0,1.0,1,1.0,1,1.0,1,0.21401325703060803,58
3226,0,5055,2576,2479,0,0,0,1.0,1,1.0,1,1.0,1,0.21401325703060803,58
3227,0,5055,2576,2479,0,0,0,1.0,1,1.0,1,1.0,1,0.21401325703060803,58
3228,0,5055,2576,2479,0,0,0,1.0,1,1.0,1,1.0,1,0.21401325703060803,58
3229,0,5055,2576,2479,0,0,0,1.0,1,1.0,1,1.0,1,0.2192534287928767,60
3230,0,5055,2576,2479,0,0,0,1.0,1,1.0,1,1.0,1,0.2140424326723765,61
3231,2,5057,2577,2480,0,0,0,1.0,1,1.0,1,1.0,1,0.22939438054484865,61
3232,0,5057,2577,2480,0,0,0,1.0,1,1.0,1,1.0,1,0.22939438054484865,61
3233,2,5059,2577,2482,0,0,0,1.0,1,1.0,1,1.0,1,0.22186955003626596,63
3234,1,5060,2578,2482,0,0,0,1.0,1,1.0,1,1.0,1,0.2593092578068188,64
3235,3,5063,2578,2485,0,0,0,1.0,1,1.0,1,1.0,1,0.2261685425846698,65
3236,3,5066,2578,2488,0,0,0,1.0,1,1.0,1,1.0,1,0.2136275124788086,66
3237,2,5068,2578,2490,0,0,0,1.0,1,1.0,1,1.0,1,0.18571707869434328,67
3238,0,5068,2578,2490,0,0,0,1.0,1,1.0,1,1.0,1,0.18571707869434328,67
3239,2,5070,2579,2491,0,0,0,1.0,1,1.0,1,1.0,1,0.19246678571265033,69
3240,1,5071,2580,2491,0,0,0,1.0,1,1.0,1,1.0,1,0.19927387468116123,69
3241,4,5075,2583,2492,0,0,0,1.0,1,1.0,1,1.0,1,0.20517815656430366,68
3242,2,5077,2583,2494,0,0,0,1.0,1,1.0,1,1.0,1,0.16750185676123583,67
3243,3,5080,2585,2495,0,0,0,1.0,1,1.0,1,1.0,1,0.18679887438125517,68
3244,1,5081,2585,2496,0,0,0,1.0,1,1.0,1,1.0,1,0.16962586793014256,68
3245,0,5081,2585,2496,0,0,0,1.0,1,1.0,1,1.0,1,0.18067120289038394,69
3246,1,5082,2586,2496,0,0,0,1.0,1,1.0,1,1.0,1,0.17620913877667552,68
3247,1,5083,2586,2497,0,0,0,1.0,1,1.0,1,1.0,1,0.16928063857457612,68
3248,3,5086,2588,2498,0,0,0,1.0,1,1.0,1,1.0,1,0.18067851366003637,68
3249,0,5086,2588,2498,0,0,0,1.0,1,1.0,1,1.0,1,0.18794900358764557,69
3250,0,5086,2588,2498,0,0,0,1.0,1,1.0,1,1.0,1,0.18794900358764557,69
3251,4,5090,2589,2501,0,0,0,1.0,1,1.0,1,1.0,1,0.18836870355110763,68
3252,1,5091,2589,2502,0,0,0,1.0,1,1.0,1,1.0,1,0.16750758740369637,68
3253,2,5093,2589,2504,0,0,0,1.0,1,1.0,1,1.0,1,0.14857146956001155,69
3254,0,5093,2589,2504,0,0,0,1.0,1,1.0,1,1.0,1,0.14857146956001155,69
3255,1,5094,2589,2505,0,0,0,1.0,1,1.0,1,1.0,1,0.14843144844594236,70
3256,0,5094,2589,2505,0,0,0,1.0,1,1.0,1,1.0,1,0.14843144844594236,70
3257,0,5094,2589,2505,0,0,0,1.0,1,1.0,1,1.0,1,0.15380950176694627,71
3258,3,5097,2592,2505,0,0,0,1.0,1,1.0,1,1.0,1,0.14880375518673183,72
3259,3,5100,2594,2506,0,0,0,1.0,1,1.0,1,1.0,1,0.16132880557190046,71
3260,0,5100,2594,2506,0,0,0,1.0,1,1.0,1,1.0,1,0.18262627659343314,72
3261,0,5100,2594,2506,0,0,0,1.0,1,1.0,1,1.0,1,0.19604587957532296,74
3262,0,5100,2594,2506,0,0,0,1.0,1,1.0,1,1.0,1,0.20381862774792045,73
3263,2,5102,2596,2506,0,0,0,1.0,1,1.0,1,1.0,1,0.22362316361014523,73
3264,6,5108,2597,2511,0,0,0,1.0,1,1.0,1,1.0,1,0.19656536397476612,71
3265,3,5111,2599,2512,0,0,0,1.0,1,1.0,1,1.0,1,0.18931965674977286,70
3266,3,5114,2602,2512,0,0,0,1.0,1,1.0,1,1.0,1,0.20592315844365575,69
3267,2,5116,2602,2514,0,0,0,1.0,1,1.0,1,1.0,1,0.2056234230191879,69
3268,3,5119,2605,2514,0,0,0,1.0,1,1.0,1,1.0,1,0.21573282244583142,68
3269,5,5124,2607,2517,0,0,0,1.0,1,1.0,1,1.0,1,0.21069607649534092,68
3270,0,5124,2607,2517,0,0,0,1.0,1,1.0,1,1.0,1,0.2224787074263869,67
3271,0,5124,2607,2517,0,0,0,1.0,1,1.0,1,1.0,1,0.23265726852614182,66
3272,0,5124,2607,2517,0,0,0,1.0,1,1.0,1,1.0,1,0.21759085300834727,67
3273,1,5125,2607,2518,0,0,0,1.0,1,1.0,1,1.0,1,0.2236932378795263,66
3274,2,5127,2608,2519,0,0,0,1.0,1,1.0,1,1.0,1,0.23172326286335362,68
3275,0,5127,2608,2519,0,0,0,1.0,1,1.0,1,1.0,1,0.23172326286335362,68
3276,3,5130,2609,2521,0,0,0,1.0,1,1.0,1,1.0,1,0.20907225379411323,69
3277,3,5133,2609,2524,0,0,0,1.0,1,1.0,1,1.0,1,0.16789374010816704,68
3278,0,5133,2609,2524,0,0,0,1.0,1,1.0,1,1.0,1,0.17337416005880615,69
3279,1,5134,2610,2524,0,0,0,1.0,1,1.0,1,1.0,1,0.16623364488997294,67
3280,1,5135,2611,2524,0,0,0,1.0,1,1.0,1,1.0,1,0.19501796558479323,66
3281,5,5140,2613,2527,0,0,0,1.0,1,1.0,1,1.0,1,0.20505739178540497,67
3282,5,5145,2614,2531,0,0,0,1.0,1,1.0,1,1.0,1,0.20155958436567764,66
3283,1,5146,2615,2531,0,0,0,1.0,1,1.0,1,1.0,1,0.22612722646599911,67
3284,0,5146,2615,2531,0,0,0,1.0,1,1.0,1,1.0,1,0.20407478819507824,66
3285,0,5146,2615,2531,0,0,0,1.0,1,1.0,1,1.0,1,0.20407478819507824,66
3286,1,5147,2615,2532,0,0,0,1.0,1,1.0,1,1.0,1,0.18657246606601333,63
3287,1,5148,2615,2533,0,0,0,1.0,1,1.0,1,1.0,1,0.19748135727948357,61
3288,1,5149,2615,2534,0,0,0,1.0,1,1.0,1,1.0,1,0.20291723948051443,63
3289,1,5150,2616,2534,0,0,0,1.0,1,1.0,1,1.0,1,0.23150929446553714,62
3290,2,5152,2617,2535,0,0,0,1.0,1,1.0,1,1.0,1,0.2273641869356215,63
3291,3,5155,2618,2537,0,0,0,1.0,1,1.0,1,1.0,1,0.2593428832176555,62
3292,1,5156,2618,2538,0,0,0,1.0,1,1.0,1,1.0,1,0.2576610964681884,63
3293,1,5157,2619,2538,0,0,0,1.0,1,1.0,1,1.0,1,0.27345757194582415,65
3294,1,5158,2619,2539,0,0,0,1.0,1,1.0,1,1.0,1,0.2621981616019586,65
3295,4,5162,2621,2541,0,0,0,1.0,1,1.0,1,1.0,1,0.25091678223785646,65
3296,1,5163,2621,2542,0,0,0,1.0,1,1.0,1,1.0,1,0.22430168464408154,65
3297,2,5165,2622,2543,0,0,0,1.0,1,1.0,1,1.0,1,0.21431586181508722,66
3298,1,5166,2622,2544,0,0,0,1.0,1,1.0,1,1.0,1,0.20316933413211224,66
3299,0,5166,2622,2544,0,0,0,1.0,1,1.0,1,1.0,1,0.20775639734016707,67
3300,2,5168,2624,2544,0,0,0,1.0,1,1.0,1,1.0,1,0.23076883858424924,67
3301,1,5169,2624,2545,0,0,0,1.0,1,1.0,1,1.0,1,0.23021834230293606,68
3302,2,5171,2625,2546,0,0,0,1.0,1,1.0,1,1.0,1,0.23069759529826006,67
3303,2,5173,2626,2547,0,0,0,1.0,1,1.0,1,1.0,1,0.23778806299877187,67
3304,1,5174,2626,2548,0,0,0,1.0,1,1.0,1,1.0,1,0.23600686331991658,67
3305,5,5179,2626,2553,0,0,0,1.0,1,1.0,1,1.0,1,0.21349023609707382,69
3306,0,5179,2626,2553,0,0,0,1.0,1,1.0,1,1.0,1,0.20276347221968127,70
3307,0,5179,2626,2553,0,0,0,1.0,1,1.0,1,1.0,1,0.20276347221968127,70
3308,0,5179,2626,2553,0,0,0,1.0,1,1.0,1,1.0,1,0.20276347221968127,70
3309,0,5179,2626,2553,0,0,0,1.0,1,1.0,1,1.0,1,0.21790723407744894,72
3310,2,5181,2626,2555,0,0,0,1.0,1,1.0,1,1.0,1,0.21730279312511366,74
3311,1,5182,2626,2556,0,0,0,1.0,1,1.0,1,1.0,1,0.21065695904016343,74
3312,1,5183,2626,2557,0,0,0,1.0,1,1.0,1,1.0,1,0.20570300110104764,74
3313,1,5184,2626,2558,0,0,0,1.0,1,1.0,1,1.0,1,0.21042920566394807,75
3314,1,5185,2626,2559,0,0,0,1.0,1,1.0,1,1.0,1,0.2097963369755476,76
3315,5,5190,2627,2563,0,0,0,1.0,1,1.0,1,1.0,1,0.20750570543376531,75
3316,4,5194,2629,2565,0,0,0,1.0,1,1.0,1,1.0,1,0.19211489289913394,76
3317,2,5196,2631,2565,0,0,0,1.0,1,1.0,1,1.0,1,0.21371435402881778,73
3318,5,5201,2635,2566,0,0,0,1.0,1,1.0,1,1.0,1,0.25550756804837094,72
3319,5,5206,2636,2570,0,0,0,1.0,1,1.0,1,1.0,1,0.22597849378159118,71
3320,1,5207,2636,2571,0,0,0,1.0,1,1.0,1,1.0,1,0.21421690931311058,70
3321,1,5208,2637,2571,0,0,0,1.0,1,1.0,1,1.0,1,0.229521178089922,69
3322,2,5210,2639,2571,0,0,0,1.0,1,1.0,1,1.0,1,0.21479398756517168,68
3323,2,5212,2640,2572,0,0,0,1.0,1,1.0,1,1.0,1,0.223311601559582,69
3324,1,5213,2641,2572,0,0,0,1.0,1,1.0,1,1.0,1,0.20682057444949464,69
3325,1,5214,2642,2572,0,0,0,1.0,1,1.0,1,1.0,1,0.21053395899298435,70
3326,2,5216,2643,2573,0,0,0,1.0,1,1.0,1,1.0,1,0.20967119296505343,69
3327,0,5216,2643,2573,0,0,0,1.0,1,1.0,1,1.0,1,0.19965888131570358,70
3328,4,5220,2644,2576,0,0,0,1.0,1,1.0,1,1.0,1,0.19669790901721082,73
3329,1,5221,2645,2576,0,0,0,1.0,1,1.0,1,1.0,1,0.23200733500133275,72
3330,2,5223,2646,2577,0,0,0,1.0,1,1.0,1,1.0,1,0.23555049700143932,72
3331,2,5225,2648,2577,0,0,0,1.0,1,1.0,1,1.0,1,0.2568857792655085,72
3332,2,5227,2648,2579,0,0,0,1.0,1,1.0,1,1.0,1,0.24199427897924633,73
3333,1,5228,2648,2580,0,0,0,1.0,1,1.0,1,1.0,1,0.2364328468761702,72
3334,1,5229,2648,2581,0,0,0,1.0,1,1.0,1,1.0,1,0.22269353257843622,73
3335,0,5229,2648,2581,0,0,0,1.0,1,1.0,1,1.0,1,0.2271870258147209,74
3336,0,5229,2648,2581,0,0,0,1.0,1,1.0,1,1.0,1,0.2271870258147209,74
3337,1,5230,2648,2582,0,0,0,1.0,1,1.0,1,1.0,1,0.21802467856231914,74
3338,2,5232,2648,2584,0,0,0,1.0,1,1.0,1,1.0,1,0.20619400079105957,74
3339,1,5233,2649,2584,0,0,0,1.0,1,1.0,1,1.0,1,0.21612888207048211,75
3340,0,5233,2649,2584,0,0,0,1.0,1,1.0,1,1.0,1,0.21892663370678325,75
3341,0,5233,2649,2584,0,0,0,1.0,1,1.0,1,1.0,1,0.22920013219521687,76
3342,1,5234,2650,2584,0,0,0,1.0,1,1.0,1,1.0,1,0.24173384304006015,76
3343,3,5237,2652,2585,0,0,0,1.0,1,1.0,1,1.0,1,0.23458447311741132,75
3344,3,5240,2653,2587,0,0,0,1.0,1,1.0,1,1.0,1,0.2325175345810473,75
3345,5,5245,2654,2591,0,0,0,1.0,1,1.0,1,1.0,1,0.23394543467623552,72
3346,7,5252,2655,2597,0,0,0,1.0,1,1.0,1,1.0,1,0.2185688929778578,73
3347,4,5256,2657,2599,0,0,0,1.0,1,1.0,1,1.0,1,0.20024457758305647,73
3348,3,5259,2658,2601,0,0,0,1.0,1,1.0,1,1.0,1,0.19224753038174291,73
3349,3,5262,2659,2603,0,0,0,1.0,1,1.0,1,1.0,1,0.19684507872352947,74
3350,6,5268,2661,2607,0,0,0,1.0,1,1.0,1,1.0,1,0.18569739194179088,73
3351,1,5269,2661,2608,0,0,0,1.0,1,1.0,1,1.0,1,0.17600728957836195,72
3352,1,5270,2662,2608,0,0,0,1.0,1,1.0,1,1.0,1,0.18642681797331212,72
3353,1,5271,2663,2608,0,0,0,1.0,1,1.0,1,1.0,1,0.21395758189031883,72
3354,2,5273,2665,2608,0,0,0,1.0,1,1.0,1,1.0,1,0.22829548956068,70
3355,1,5274,2666,2608,0,0,0,1.0,1,1.0,1,1.0,1,0.24257281540454023,69
3356,2,5276,2668,2608,0,0,0,1.0,1,1.0,1,1.0,1,0.24894243506303043,69
3357,3,5279,2670,2609,0,0,0,1.0,1,1.0,1,1.0,1,0.2266110121200529,68
3358,1,5280,2671,2609,0,0,0,1.0,1,1.0,1,1.0,1,0.24105343980543256,68
3359,2,5282,2672,2610,0,0,0,1.0,1,1.0,1,1.0,1,0.24012017761044277,66
3360,3,5285,2674,2611,0,0,0,1.0,1,1.0,1,1.0,1,0.25420325900587104,65
3361,1,5286,2674,2612,0,0,0,1.0,1,1.0,1,1.0,1,0.24393355249230508,64
3362,0,5286,2674,2612,0,0,0,1.0,1,1.0,1,1.0,1,0.24393355249230508,64
3363,0,5286,2674,2612,0,0,0,1.0,1,1.0,1,1.0,1,0.24041574955941947,65
3364,1,5287,2674,2613,0,0,0,1.0,1,1.0,1,1.0,1,0.23418965095456956,66
3365,0,5287,2674,2613,0,0,0,1.0,1,1.0,1,1.0,1,0.24008083881410144,68
3366,1,5288,2675,2613,0,0,0,1.0,1,1.0,1,1.0,1,0.26159408556449654,66
3367,0,5288,2675,2613,0,0,0,1.0,1,1.0,1,1.0,1,0.2672947954029972,68
3368,2,5290,2676,2614,0,0,0,1.0,1,1.0,1,1.0,1,0.26505765467716985,68
3369,4,5294,2676,2618,0,0,0,1.0,1,1.0,1,1.0,1,0.22812761408957785,69
3370,1,5295,2676,2619,0,0,0,1.0,1,1.0,1,1.0,1,0.20582411554814206,71
3371,1,5296,2676,2620,0,0,0,1.0,1,1.0,1,1.0,1,0.19572819093881516,71
3372,2,5298,2677,2621,0,0,0,1.0,1,1.0,1,1.0,1,0.19357391095462104,71
3373,0,5298,2677,2621,0,0,0,1.0,1,1.0,1,1.0,1,0.1996846335787423,72
3374,0,5298,2677,2621,0,0,0,1.0,1,1.0,1,1.0,1,0.19790418922554473,72
3375,0,5298,2677,2621,0,0,0,1.0,1,1.0,1,1.0,1,0.20323301329763088,73
3376,3,5301,2677,2624,0,0,0,1.0,1,1.0,1,1.0,1,0.18421297405669101,75
3377,2,5303,2678,2625,0,0,0,1.0,1,1.0,1,1.0,1,0.18604140780645642,77
3378,0,5303,2678,2625,0,0,0,1.0,1,1.0,1,1.0,1,0.18604140780645642,77
3379,3,5306,2681,2625,0,0,0,1.0,1,1.0,1,1.0,1,0.21584050951381012,77
3380,1,5307,2681,2626,0,0,0,1.0,1,1.0,1,1.0,1,0.21636364850621656,76
3381,2,5309,2683,2626,0,0,0,1.0,1,1.0,1,1.0,1,0.2129774075847516,76
3382,1,5310,2684,2626,0,0,0,1.0,1,1.0,1,1.0,1,0.230273625630246,78
3383,1,5311,2684,2627,0,0,0,1.0,1,1.0,1,1.0,1,0.2151533241747252,77
3384,6,5317,2690,2627,0,0,0,1.0,1,1.0,1,1.0,1,0.2748316052396006,77
3385,1,5318,2690,2628,0,0,0,1.0,1,1.0,1,1.0,1,0.23898280281171402,75
3386,1,5319,2690,2629,0,0,0,1.0,1,1.0,1,1.0,1,0.23879723848589213,76
3387,0,5319,2690,2629,0,0,0,1.0,1,1.0,1,1.0,1,0.24318089752986638,75
3388,2,5321,2691,2630,0,0,0,1.0,1,1.0,1,1.0,1,0.24418597333246353,76
3389,0,5321,2691,2630,0,0,0,1.0,1,1.0,1,1.0,1,0.24942288954254596,77
3390,0,5321,2691,2630,0,0,0,1.0,1,1.0,1,1.0,1,0.24743892397926268,76
3391,2,5323,2692,2631,0,0,0,1.0,1,1.0,1,1.0,1,0.22348107063826822,77
3392,2,5325,2692,2633,0,0,0,1.0,1,1.0,1,1.0,1,0.2115821352837543,78
3393,1,5326,2693,2633,0,0,0,1.0,1,1.0,1,1.0,1,0.20967715501981013,76
3394,4,5330,2694,2636,0,0,0,1.0,1,1.0,1,1.0,1,0.21264966646698488,75
3395,5,5335,2695,2640,0,0,0,1.0,1,1.0,1,1.0,1,0.19116588488050815,73
3396,1,5336,2695,2641,0,0,0,1.0,1,1.0,1,1.0,1,0.1846978088406277,73
3397,1,5337,2695,2642,0,0,0,1.0,1,1.0,1,1.0,1,0.17832345076515832,74
3398,1,5338,2696,2642,0,0,0,1.0,1,1.0,1,1.0,1,0.1774790747384895,74
3399,3,5341,2698,2643,0,0,0,1.0,1,1.0,1,1.0,1,0.1860563852426437,75
3400,5,5346,2699,2647,0,0,0,1.0,1,1.0,1,1.0,1,0.14497621371864636,75
3401,2,5348,2700,2648,0,0,0,1.0,1,1.0,1,1.0,1,0.14435628278291898,77
3402,0,5348,2700,2648,0,0,0,1.0,1,1.0,1,1.0,1,0.14435628278291898,77
3403,1,5349,2701,2648,0,0,0,1.0,1,1.0,1,1.0,1,0.1575520642380285,78
3404,1,5350,2701,2649,0,0,0,1.0,1,1.0,1,1.0,1,0.1475736470676342,78
3405,1,5351,2701,2650,0,0,0,1.0,1,1.0,1,1.0,1,0.13920325395543762,78
3406,1,5352,2702,2650,0,0,0,1.0,1,1.0,1,1.0,1,0.14912467575380078,78
3407,0,5352,2702,2650,0,0,0,1.0,1,1.0,1,1.0,1,0.1476074009569506,78
3408,0,5352,2702,2650,0,0,0,1.0,1,1.0,1,1.0,1,0.15239800085432897,79
3409,1,5353,2702,2651,0,0,0,1.0,1,1.0,1,1.0,1,0.14806524859319897,81
3410,0,5353,2702,2651,0,0,0,1.0,1,1.0,1,1.0,1,0.15409857941974264,82
3411,3,5356,2702,2654,0,0,0,1.0,1,1.0,1,1.0,1,0.13808708632809616,84
3412,0,5356,2702,2654,0,0,0,1.0,1,1.0,1,1.0,1,0.13808708632809616,84
3413,1,5357,2703,2654,0,0,0,1.0,1,1.0,1,1.0,1,0.14070029186700425,84
3414,0,5357,2703,2654,0,0,0,1.0,1,1.0,1,1.0,1,0.14070029186700425,84
3415,2,5359,2704,2655,0,0,0,1.0,1,1.0,1,1.0,1,0.14306930688938696,85
3416,1,5360,2704,2656,0,0,0,1.0,1,1.0,1,1.0,1,0.13611306626334224,85
3417,2,5362,2706,2656,0,0,0,1.0,1,1.0,1,1.0,1,0.1577231034787942,86
3418,3,5365,2708,2657,0,0,0,1.0,1,1.0,1,1.0,1,0.18194936170600176,86
3419,2,5367,2709,2658,0,0,0,1.0,1,1.0,1,1.0,1,0.18849259971894047,87
3420,0,5367,2709,2658,0,0,0,1.0,1,1.0,1,1.0,1,0.19358517947886908,88
3421,5,5372,2711,2661,0,0,0,1.0,1,1.0,1,1.0,1,0.17986854198153218,89
3422,4,5376,2711,2665,0,0,0,1.0,1,1.0,1,1.0,1,0.17067997244506183,90
3423,1,5377,2711,2666,0,0,0,1.0,1,1.0,1,1.0,1,0.16502446140288632,90
3424,0,5377,2711,2666,0,0,0,1.0,1,1.0,1,1.0,1,0.15567095529467134,91
3425,1,5378,2712,2666,0,0,0,1.0,1,1.0,1,1.0,1,0.15783978997929632,90
3426,2,5380,2714,2666,0,0,0,1.0,1,1.0,1,1.0,1,0.16548577673871698,92
3427,3,5383,2714,2669,0,0,0,1.0,1,1.0,1,1.0,1,0.15314151896974515,92
3428,1,5384,2714,2670,0,0,0,1.0,1,1.0,1,1.0,1,0.15671269578859012,91
3429,2,5386,2714,2672,0,0,0,1.0,1,1.0,1,1.0,1,0.14757144266610434,91
3430,2,5388,2716,2672,0,0,0,1.0,1,1.0,1,1.0,1,0.17510406767799516,91
3431,2,5390,2716,2674,0,0,0,1.0,1,1.0,1,1.0,1,0.1583863150413042,90
3432,3,5393,2718,2675,0,0,0,1.0,1,1.0,1,1.0,1,0.1700916005278302,91
3433,4,5397,2718,2679,0,0,0,1.0,1,1.0,1,1.0,1,0.14513025715843553,90
3434,1,5398,2718,2680,0,0,0,1.0,1,1.0,1,1.0,1,0.13901798871814727,89
3435,1,5399,2719,2680,0,0,0,1.0,1,1.0,1,1.0,1,0.1504298023500351,88
3436,0,5399,2719,2680,0,0,0,1.0,1,1.0,1,1.0,1,0.15400633268304825,86
3437,2,5401,2720,2681,0,0,0,1.0,1,1.0,1,1.0,1,0.16084631807775332,86
3438,3,5404,2720,2684,0,0,0,1.0,1,1.0,1,1.0,1,0.14294932155205317,87
3439,1,5405,2721,2684,0,0,0,1.0,1,1.0,1,1.0,1,0.1662442255545744,86
3440,1,5406,2721,2685,0,0,0,1.0,1,1.0,1,1.0,1,0.15578027145036027,86
3441,1,5407,2722,2685,0,0,0,1.0,1,1.0,1,1.0,1,0.1575331035851709,85
3442,2,5409,2722,2687,0,0,0,1.0,1,1.0,1,1.0,1,0.14967337401808672,85
3443,1,5410,2722,2688,0,0,0,1.0,1,1.0,1,1.0,1,0.15048246129108195,85
3444,2,5412,2723,2689,0,0,0,1.0,1,1.0,1,1.0,1,0.13796208849969657,85
3445,2,5414,2725,2689,0,0,0,1.0,1,1.0,1,1.0,1,0.16625607321459043,84
3446,5,5419,2728,2691,0,0,0,1.0,1,1.0,1,1.0,1,0.19569412511793532,85
3447,6,5425,2730,2695,0,0,0,1.0,1,1.0,1,1.0,1,0.17619269722432146,85
3448,4,5429,2732,2697,0,0,0,1.0,1,1.0,1,1.0,1,0.17908221778973143,85
3449,1,5430,2732,2698,0,0,0,1.0,1,1.0,1,1.0,1,0.18152169111081626,84
3450,0,5430,2732,2698,0,0,0,1.0,1,1.0,1,1.0,1,0.18152169111081626,84
3451,0,5430,2732,2698,0,0,0,1.0,1,1.0,1,1.0,1,0.18444168627595367,85
3452,1,5431,2733,2698,0,0,0,1.0,1,1.0,1,1.0,1,0.176539757824195,86
3453,0,5431,2733,2698,0,0,0,1.0,1,1.0,1,1.0,1,0.17786748752698828,85
3454,1,5432,2733,2699,0,0,0,1.0,1,1.0,1,1.0,1,0.16025219889306544,88
3455,0,5432,2733,2699,0,0,0,1.0,1,1.0,1,1.0,1,0.16025219889306544,88
3456,0,5432,2733,2699,0,0,0,1.0,1,1.0,1,1.0,1,0.16025219889306544,88
3457,0,5432,2733,2699,0,0,0,1.0,1,1.0,1,1.0,1,0.16605777177579858,89
3458,0,5432,2733,2699,0,0,0,1.0,1,1.0,1,1.0,1,0.17364054898938228,88
3459,0,5432,2733,2699,0,0,0,1.0,1,1.0,1,1.0,1,0.17364054898938228,88
3460,0,5432,2733,2699,0,0,0,1.0,1,1.0,1,1.0,1,0.1675984100282941,89
3461,0,5432,2733,2699,0,0,0,1.0,1,1.0,1,1.0,1,0.1675984100282941,89
3462,0,5432,2733,2699,0,0,0,1.0,1,1.0,1,1.0,1,0.17405100178368035,90
3463,2,5434,2733,2701,0,0,0,1.0,1,1.0,1,1.0,1,0.16273778543840275,89
3464,1,5435,2734,2701,0,0,0,1.0,1,1.0,1,1.0,1,0.16118665392125242,88
3465,1,5436,2734,2702,0,0,0,1.0,1,1.0,1,1.0,1,0.18035912364204987,87
3466,1,5437,2734,2703,0,0,0,1.0,1,1.0,1,1.0,1,0.17557282509458155,87
3467,2,5439,2735,2704,0,0,0,1.0,1,1.0,1,1.0,1,0.18099403901282102,87
3468,7,5446,2738,2708,0,0,0,1.0,1,1.0,1,1.0,1,0.1793014077098448,88
3469,5,5451,2739,2712,0,0,0,1.0,1,1.0,1,1.0,1,0.1528369676596353,85
3470,3,5454,2741,2713,0,0,0,1.0,1,1.0,1,1.0,1,0.16990276984088526,86
3471,4,5458,2743,2715,0,0,0,1.0,1,1.0,1,1.0,1,0.19286089301737988,84
3472,1,5459,2744,2715,0,0,0,1.0,1,1.0,1,1.0,1,0.19804851313605118,83
3473,0,5459,2744,2715,0,0,0,1.0,1,1.0,1,1.0,1,0.20053966557397285,81
3474,2,5461,2745,2716,0,0,0,1.0,1,1.0,1,1.0,1,0.16156442722344214,80
3475,3,5464,2747,2717,0,0,0,1.0,1,1.0,1,1.0,1,0.21238441504104968,82
3476,6,5470,2748,2722,0,0,0,1.0,1,1.0,1,1.0,1,0.16309664395811457,81
3477,1,5471,2749,2722,0,0,0,1.0,1,1.0,1,1.0,1,0.19913614817414776,83
3478,2,5473,2749,2724,0,0,0,1.0,1,1.0,1,1.0,1,0.17715317989287588,83
3479,2,5475,2749,2726,0,0,0,1.0,1,1.0,1,1.0,1,0.15670264743918813,83
3480,2,5477,2749,2728,0,0,0,1.0,1,1.0,1,1.0,1,0.13993850513652145,83
3481,3,5480,2752,2728,0,0,0,1.0,1,1.0,1,1.0,1,0.16405640721400785,83
3482,4,5484,2754,2730,0,0,0,1.0,1,1.0,1,1.0,1,0.17788196146222288,83
3483,4,5488,2756,2732,0,0,0,1.0,1,1.0,1,1.0,1,0.17737978051574949,82
3484,0,5488,2756,2732,0,0,0,1.0,1,1.0,1,1.0,1,0.17737978051574949,82
3485,2,5490,2757,2733,0,0,0,1.0,1,1.0,1,1.0,1,0.197531364122834,83
3486,1,5491,2757,2734,0,0,0,1.0,1,1.0,1,1.0,1,0.19346727685931275,83
3487,0,5491,2757,2734,0,0,0,1.0,1,1.0,1,1.0,1,0.198844131116823,84
3488,0,5491,2757,2734,0,0,0,1.0,1,1.0,1,1.0,1,0.19960758694344705,84
3489,1,5492,2757,2735,0,0,0,1.0,1,1.0,1,1.0,1,0.18479764629597967,84
3490,3,5495,2757,2738,0,0,0,1.0,1,1.0,1,1.0,1,0.15706092013211168,84
3491,0,5495,2757,2738,0,0,0,1.0,1,1.0,1,1.0,1,0.1605435560477538,86
3492,2,5497,2758,2739,0,0,0,1.0,1,1.0,1,1.0,1,0.15392595572460627,86
3493,0,5497,2758,2739,0,0,0,1.0,1,1.0,1,1.0,1,0.15392595572460627,86
3494,1,5498,2759,2739,0,0,0,1.0,1,1.0,1,1.0,1,0.1557715892349962,86
3495,1,5499,2759,2740,0,0,0,1.0,1,1.0,1,1.0,1,0.15025024787034075,87
3496,0,5499,2759,2740,0,0,0,1.0,1,1.0,1,1.0,1,0.15371864068443306,88
3497,1,5500,2760,2740,0,0,0,1.0,1,1.0,1,1.0,1,0.17589393894134553,89
3498,5,5505,2760,2745,0,0,0,1.0,1,1.0,1,1.0,1,0.13305334526451987,89
3499,1,5506,2761,2745,0,0,0,1.0,1,1.0,1,1.0,1,0.13865091187571574,91
3500,3,5509,2761,2748,0,0,0,1.0,1,1.0,1,1.0,1,0.12396444579212368,90
3501,0,5509,2761,2748,0,0,0,1.0,1,1.0,1,1.0,1,0.12396444579212368,90
3502,0,5509,2761,2748,0,0,0,1.0,1,1.0,1,1.0,1,0.129031483162102,91
3503,2,5511,2762,2749,0,0,0,1.0,1,1.0,1,1.0,1,0.12918980302686292,91
3504,3,5514,2765,2749,0,0,0,1.0,1,1.0,1,1.0,1,0.1630341239177691,89
3505,4,5518,2766,2752,0,0,0,1.0,1,1.0,1,1.0,1,0.14622536242887582,87
3506,5,5523,2767,2756,0,0,0,1.0,1,1.0,1,1.0,1,0.13238323371250452,87
3507,3,5526,2769,2757,0,0,0,1.0,1,1.0,1,1.0,1,0.1343902323684418,84
3508,2,5528,2771,2757,0,0,0,1.0,1,1.0,1,1.0,1,0.14486870640399105,83
3509,3,5531,2774,2757,0,0,0,1.0,1,1.0,1,1.0,1,0.15757515572030584,80
3510,0,5531,2774,2757,0,0,0,1.0,1,1.0,1,1.0,1,0.1621299666018363,78
3511,1,5532,2775,2757,0,0,0,1.0,1,1.0,1,1.0,1,0.15796074961335924,77
3512,0,5532,2775,2757,0,0,0,1.0,1,1.0,1,1.0,1,0.17002000641601772,74
3513,1,5533,2776,2757,0,0,0,1.0,1,1.0,1,1.0,1,0.18663104736336247,76
3514,1,5534,2777,2757,0,0,0,1.0,1,1.0,1,1.0,1,0.18802823318829426,76
3515,1,5535,2778,2757,0,0,0,1.0,1,1.0,1,1.0,1,0.19227663671032483,75
3516,1,5536,2779,2757,0,0,0,1.0,1,1.0,1,1.0,1,0.19887544145353697,73
3517,2,5538,2781,2757,0,0,0,1.0,1,1.0,1,1.0,1,0.23337394374204753,74
3518,3,5541,2781,2760,0,0,0,1.0,1,1.0,1,1.0,1,0.2098670396983331,74
3519,0,5541,2781,2760,0,0,0,1.0,1,1.0,1,1.0,1,0.22301003426688207,73
3520,2,5543,2781,2762,0,0,0,1.0,1,1.0,1,1.0,1,0.19533021350215451,74
3521,1,5544,2781,2763,0,0,0,1.0,1,1.0,1,1.0,1,0.18217231624113334,75
3522,2,5546,2781,2765,0,0,0,1.0,1,1.0,1,1.0,1,0.16356543891090933,75
3523,1,5547,2781,2766,0,0,0,1.0,1,1.0,1,1.0,1,0.1477742269461744,75
3524,1,5548,2782,2766,0,0,0,1.0,1,1.0,1,1.0,1,0.13943586163251045,75
3525,0,5548,2782,2766,0,0,0,1.0,1,1.0,1,1.0,1,0.14813947556277182,75
3526,2,5550,2784,2766,0,0,0,1.0,1,1.0,1,1.0,1,0.159997044974041,76
3527,3,5553,2786,2767,0,0,0,1.0,1,1.0,1,1.0,1,0.1934274784589951,77
3528,4,5557,2787,2770,0,0,0,1.0,1,1.0,1,1.0,1,0.1944038150943123,77
3529,4,5561,2789,2772,0,0,0,1.0,1,1.0,1,1.0,1,0.19524779973924422,78
3530,2,5563,2789,2774,0,0,0,1.0,1,1.0,1,1.0,1,0.19575182726897333,78
3531,2,5565,2790,2775,0,0,0,1.0,1,1.0,1,1.0,1,0.22216285336715985,79
3532,3,5568,2791,2777,0,0,0,1.0,1,1.0,1,1.0,1,0.2320181456979428,79
3533,2,5570,2792,2778,0,0,0,1.0,1,1.0,1,1.0,1,0.24056717745854786,79
3534,2,5572,2794,2778,0,0,0,1.0,1,1.0,1,1.0,1,0.2608061818658777,80
3535,2,5574,2794,2780,0,0,0,1.0,1,1.0,1,1.0,1,0.24738445255499283,81
3536,0,5574,2794,2780,0,0,0,1.0,1,1.0,1,1.0,1,0.2435584014249876,82
3537,0,5574,2794,2780,0,0,0,1.0,1,1.0,1,1.0,1,0.2435584014249876,82
3538,2,5576,2796,2780,0,0,0,1.0,1,1.0,1,1.0,1,0.25865053851602027,83
3539,2,5578,2796,2782,0,0,0,1.0,1,1.0,1,1.0,1,0.24437095018291335,83
3540,6,5584,2798,2786,0,0,0,1.0,1,1.0,1,1.0,1,0.21914531260756337,85
3541,0,5584,2798,2786,0,0,0,1.0,1,1.0,1,1.0,1,0.21914531260756337,85
3542,4,5588,2799,2789,0,0,0,1.0,1,1.0,1,1.0,1,0.19648922730375618,88
3543,0,5588,2799,2789,0,0,0,1.0,1,1.0,1,1.0,1,0.19114963566377868,87
3544,0,5588,2799,2789,0,0,0,1.0,1,1.0,1,1.0,1,0.19056921230099158,87
3545,2,5590,2801,2789,0,0,0,1.0,1,1.0,1,1.0,1,0.19520498576733208,85
3546,0,5590,2801,2789,0,0,0,1.0,1,1.0,1,1.0,1,0.18991063154139803,83
3547,1,5591,2801,2790,0,0,0,1.0,1,1.0,1,1.0,1,0.16947579291294362,82
3548,1,5592,2802,2790,0,0,0,1.0,1,1.0,1,1.0,1,0.17550503467764522,82
3549,0,5592,2802,2790,0,0,0,1.0,1,1.0,1,1.0,1,0.16789250436782607,81
3550,2,5594,2804,2790,0,0,0,1.0,1,1.0,1,1.0,1,0.1867285215864722,79
3551,3,5597,2806,2791,0,0,0,1.0,1,1.0,1,1.0,1,0.17454301628855795,80
3552,3,5600,2807,2793,0,0,0,1.0,1,1.0,1,1.0,1,0.17138071786771425,78
3553,0,5600,2807,2793,0,0,0,1.0,1,1.0,1,1.0,1,0.17350594401002692,79
3554,1,5601,2807,2794,0,0,0,1.0,1,1.0,1,1.0,1,0.169949551086577,77
3555,2,5603,2808,2795,0,0,0,1.0,1,1.0,1,1.0,1,0.16877408056857687,77
3556,0,5603,2808,2795,0,0,0,1.0,1,1.0,1,1.0,1,0.18011837184145466,76
3557,1,5604,2808,2796,0,0,0,1.0,1,1.0,1,1.0,1,0.1688468232159069,76
3558,2,5606,2809,2797,0,0,0,1.0,1,1.0,1,1.0,1,0.18131934333363905,76
3559,2,5608,2809,2799,0,0,0,1.0,1,1.0,1,1.0,1,0.15883541609251353,76
3560,2,5610,2810,2800,0,0,0,1.0,1,1.0,1,1.0,1,0.17767013495296857,78
3561,3,5613,2811,2802,0,0,0,1.0,1,1.0,1,1.0,1,0.16572182531362023,79
3562,1,5614,2812,2802,0,0,0,1.0,1,1.0,1,1.0,1,0.15520143868099714,79
3563,2,5616,2814,2802,0,0,0,1.0,1,1.0,1,1.0,1,0.15839952504074284,79
3564,3,5619,2817,2802,0,0,0,1.0,1,1.0,1,1.0,1,0.1868243439842781,80
3565,3,5622,2818,2804,0,0,0,1.0,1,1.0,1,1.0,1,0.17680242016806946,83
3566,3,5625,2820,2805,0,0,0,1.0,1,1.0,1,1.0,1,0.19693126499329344,84
3567,5,5630,2820,2810,0,0,0,1.0,1,1.0,1,1.0,1,0.16208205176114626,84
3568,1,5631,2821,2810,0,0,0,1.0,1,1.0,1,1.0,1,0.1683436586717895,84
3569,2,5633,2822,2811,0,0,0,1.0,1,1.0,1,1.0,1,0.16827074822370328,84
3570,3,5636,2824,2812,0,0,0,1.0,1,1.0,1,1.0,1,0.17555049125194072,87
3571,2,5638,2824,2814,0,0,0,1.0,1,1.0,1,1.0,1,0.1634721084462492,86
3572,2,5640,2825,2815,0,0,0,1.0,1,1.0,1,1.0,1,0.15708980798711253,87
3573,2,5642,2827,2815,0,0,0,1.0,1,1.0,1,1.0,1,0.16838851470700456,87
3574,2,5644,2829,2815,0,0,0,1.0,1,1.0,1,1.0,1,0.18162064447899548,88
3575,1,5645,2829,2816,0,0,0,1.0,1,1.0,1,1.0,1,0.1774382091403441,88
3576,2,5647,2830,2817,0,0,0,1.0,1,1.0,1,1.0,1,0.1632716776202294,90
3577,1,5648,2830,2818,0,0,0,1.0,1,1.0,1,1.0,1,0.14831009862089004,90
3578,2,5650,2831,2819,0,0,0,1.0,1,1.0,1,1.0,1,0.1541817267504829,91
3579,6,5656,2833,2823,0,0,0,1.0,1,1.0,1,1.0,1,0.13972920992910054,91
3580,0,5656,2833,2823,0,0,0,1.0,1,1.0,1,1.0,1,0.16509925363666958,91
3581,1,5657,2834,2823,0,0,0,1.0,1,1.0,1,1.0,1,0.1668432755555529,91
3582,3,5660,2835,2825,0,0,0,1.0,1,1.0,1,1.0,1,0.1724399669204776,92
3583,2,5662,2835,2827,0,0,0,1.0,1,1.0,1,1.0,1,0.15196492033616305,88
3584,3,5665,2837,2828,0,0,0,1.0,1,1.0,1,1.0,1,0.16304243796226894,87
3585,6,5671,2841,2830,0,0,0,1.0,1,1.0,1,1.0,1,0.17305352521371986,84
3586,5,5676,2843,2833,0,0,0,1.0,1,1.0,1,1.0,1,0.14874088638684851,83
3587,2,5678,2843,2835,0,0,0,1.0,1,1.0,1,1.0,1,0.13099304860100663,82
3588,1,5679,2844,2835,0,0,0,1.0,1,1.0,1,1.0,1,0.144292098716089,81
3589,5,5684,2848,2836,0,0,0,1.0,1,1.0,1,1.0,1,0.18672796986646517,80
3590,5,5689,2850,2839,0,0,0,1.0,1,1.0,1,1.0,1,0.1673979080227719,78
3591,4,5693,2851,2842,0,0,0,1.0,1,1.0,1,1.0,1,0.14311797976893073,77
3592,1,5694,2852,2842,0,0,0,1.0,1,1.0,1,1.0,1,0.1670084470192408,75
3593,4,5698,2854,2844,0,0,0,1.0,1,1.0,1,1.0,1,0.16996912342791717,76
3594,2,5700,2855,2845,0,0,0,1.0,1,1.0,1,1.0,1,0.17014781263967454,74
3595,2,5702,2856,2846,0,0,0,1.0,1,1.0,1,1.0,1,0.16626229638643586,74
3596,1,5703,2856,2847,0,0,0,1.0,1,1.0,1,1.0,1,0.16020460308768342,73
3597,3,5706,2858,2848,0,0,0,1.0,1,1.0,1,1.0,1,0.1599116653143,73
3598,2,5708,2860,2848,0,0,0,1.0,1,1.0,1,1.0,1,0.16911984553637505,73
3599,3,5711,2862,2849,0,0,0,1.0,1,1.0,1,1.0,1,0.18035913891939884,73
3600,1,5712,2862,2850,0,0,0,1.0,1,1.0,1,1.0,1,0.172327396233323,74
3601,1,5713,2862,2851,0,0,0,1.0,1,1.0,1,1.0,1,0.16395216857764655,75
3602,2,5715,2862,2853,0,0,0,1.0,1,1.0,1,1.0,1,0.13520775380102967,76
3603,1,5716,2863,2853,0,0,0,1.0,1,1.0,1,1.0,1,0.1404696903031118,77
3604,3,5719,2864,2855,0,0,0,1.0,1,1.0,1,1.0,1,0.12745699981649686,78
3605,0,5719,2864,2855,0,0,0,1.0,1,1.0,1,1.0,1,0.11968186614340062,77
3606,2,5721,2865,2856,0,0,0,1.0,1,1.0,1,1.0,1,0.11567512004845555,79
3607,0,5721,2865,2856,0,0,0,1.0,1,1.0,1,1.0,1,0.11567512004845555,79
3608,0,5721,2865,2856,0,0,0,1.0,1,1.0,1,1.0,1,0.11567512004845555,79
3609,0,5721,2865,2856,0,0,0,1.0,1,1.0,1,1.0,1,0.11567512004845555,79
3610,2,5723,2866,2857,0,0,0,1.0,1,1.0,1,1.0,1,0.12071995635494526,80
3611,2,5725,2866,2859,0,0,0,1.0,1,1.0,1,1.0,1,0.10948912643161933,80
3612,2,5727,2866,2861,0,0,0,1.0,1,1.0,1,1.0,1,0.0965401611685888,79
3613,3,5730,2868,2862,0,0,0,1.0,1,1.0,1,1.0,1,0.11663653040262449,79
3614,3,5733,2871,2862,0,0,0,1.0,1,1.0,1,1.0,1,0.12436614159376193,78
3615,1,5734,2871,2863,0,0,0,1.0,1,1.0,1,1.0,1,0.10570988189394032,79
3616,2,5736,2872,2864,0,0,0,1.0,1,1.0,1,1.0,1,0.13041954932261382,79
3617,3,5739,2874,2865,0,0,0,1.0,1,1.0,1,1.0,1,0.1301799723090266,80
3618,3,5742,2874,2868,0,0,0,1.0,1,1.0,1,1.0,1,0.12550862991127196,82
3619,1,5743,2874,2869,0,0,0,1.0,1,1.0,1,1.0,1,0.13492316803361404,82
3620,3,5746,2877,2869,0,0,0,1.0,1,1.0,1,1.0,1,0.15762461124228877,81
3621,1,5747,2878,2869,0,0,0,1.0,1,1.0,1,1.0,1,0.1580746720104859,83
3622,3,5750,2879,2871,0,0,0,1.0,1,1.0,1,1.0,1,0.1558937123579194,81
3623,5,5755,2882,2873,0,0,0,1.0,1,1.0,1,1.0,1,0.18100802560948556,81
3624,2,5757,2883,2874,0,0,0,1.0,1,1.0,1,1.0,1,0.1748564555473408,79
3625,6,5763,2884,2879,0,0,0,1.0,1,1.0,1,1.0,1,0.15132348829620806,80
3626,1,5764,2884,2880,0,0,0,1.0,1,1.0,1,1.0,1,0.14617928678088885,78
3627,0,5764,2884,2880,0,0,0,1.0,1,1.0,1,1.0,1,0.16437284990701204,78
3628,3,5767,2885,2882,0,0,0,1.0,1,1.0,1,1.0,1,0.13839586701439377,77
3629,0,5767,2885,2882,0,0,0,1.0,1,1.0,1,1.0,1,0.13489442551901207,76
3630,1,5768,2886,2882,0,0,0,1.0,1,1.0,1,1.0,1,0.1412933834601739,77
3631,1,5769,2886,2883,0,0,0,1.0,1,1.0,1,1.0,1,0.13469453795829225,75
3632,2,5771,2888,2883,0,0,0,1.0,1,1.0,1,1.0,1,0.17690972195041782,74
3633,3,5774,2889,2885,0,0,0,1.0,1,1.0,1,1.0,1,0.15535395790023904,75
3634,3,5777,2890,2887,0,0,0,1.0,1,1.0,1,1.0,1,0.158929498695276,74
3635,2,5779,2891,2888,0,0,0,1.0,1,1.0,1,1.0,1,0.15640021386413855,74
3636,0,5779,2891,2888,0,0,0,1.0,1,1.0,1,1.0,1,0.16834248079689695,74
3637,1,5780,2891,2889,0,0,0,1.0,1,1.0,1,1.0,1,0.18154659170083282,74
3638,1,5781,2891,2890,0,0,0,1.0,1,1.0,1,1.0,1,0.17760069481442062,75
3639,7,5788,2893,2895,0,0,0,1.0,1,1.0,1,1.0,1,0.14821818828872935,76
3640,2,5790,2893,2897,0,0,0,1.0,1,1.0,1,1.0,1,0.13689506778976115,76
3641,3,5793,2895,2898,0,0,0,1.0,1,1.0,1,1.0,1,0.1657694035877434,75
3642,3,5796,2897,2899,0,0,0,1.0,1,1.0,1,1.0,1,0.18977536011758006,75
3643,1,5797,2897,2900,0,0,0,1.0,1,1.0,1,1.0,1,0.18466365683822697,74
3644,2,5799,2898,2901,0,0,0,1.0,1,1.0,1,1.0,1,0.16488130231962314,74
3645,1,5800,2899,2901,0,0,0,1.0,1,1.0,1,1.0,1,0.15816255604544227,74
3646,1,5801,2899,2902,0,0,0,1.0,1,1.0,1,1.0,1,0.13757038240495767,75
3647,0,5801,2899,2902,0,0,0,1.0,1,1.0,1,1.0,1,0.14445789470265122,77
3648,0,5801,2899,2902,0,0,0,1.0,1,1.0,1,1.0,1,0.15458048116100812,78
3649,0,5801,2899,2902,0,0,0,1.0,1,1.0,1,1.0,1,0.16501351166623696,80
3650,3,5804,2900,2904,0,0,0,1.0,1,1.0,1,1.0,1,0.16390633772089921,81
3651,1,5805,2900,2905,0,0,0,1.0,1,1.0,1,1.0,1,0.14477426031903778,81
3652,2,5807,2901,2906,0,0,0,1.0,1,1.0,1,1.0,1,0.16898464343192293,83
3653,1,5808,2901,2907,0,0,0,1.0,1,1.0,1,1.0,1,0.15709566585079027,83
3654,0,5808,2901,2907,0,0,0,1.0,1,1.0,1,1.0,1,0.15709566585079027,83
3655,0,5808,2901,2907,0,0,0,1.0,1,1.0,1,1.0,1,0.15119658739518557,84
3656,0,5808,2901,2907,0,0,0,1.0,1,1.0,1,1.0,1,0.1575290616122573,85
3657,1,5809,2902,2907,0,0,0,1.0,1,1.0,1,1.0,1,0.1722090767556211,86
3658,4,5813,2903,2910,0,0,0,1.0,1,1.0,1,1.0,1,0.18099275774641652,87
3659,3,5816,2903,2913,0,0,0,1.0,1,1.0,1,1.0,1,0.14105958916795455,87
3660,1,5817,2903,2914,0,0,0,1.0,1,1.0,1,1.0,1,0.13512225146805293,86
3661,1,5818,2904,2914,0,0,0,1.0,1,1.0,1,1.0,1,0.15714039140516134,86
3662,1,5819,2904,2915,0,0,0,1.0,1,1.0,1,1.0,1,0.1588711412579081,83
3663,5,5824,2908,2916,0,0,0,1.0,1,1.0,1,1.0,1,0.2046993080224154,85
3664,4,5828,2909,2919,0,0,0,1.0,1,1.0,1,1.0,1,0.17021189310787907,82
3665,2,5830,2909,2921,0,0,0,1.0,1,1.0,1,1.0,1,0.15541248475454547,81
3666,2,5832,2911,2921,0,0,0,1.0,1,1.0,1,1.0,1,0.19096359658787992,79
3667,1,5833,2911,2922,0,0,0,1.0,1,1.0,1,1.0,1,0.1856744078403897,79
3668,2,5835,2911,2924,0,0,0,1.0,1,1.0,1,1.0,1,0.16502487630058604,77
3669,1,5836,2911,2925,0,0,0,1.0,1,1.0,1,1.0,1,0.17919282405138523,75
3670,2,5838,2913,2925,0,0,0,1.0,1,1.0,1,1.0,1,0.178820927989515,76
3671,1,5839,2914,2925,0,0,0,1.0,1,1.0,1,1.0,1,0.1612191685290863,74
3672,2,5841,2915,2926,0,0,0,1.0,1,1.0,1,1.0,1,0.15723629733172825,75
3673,0,5841,2915,2926,0,0,0,1.0,1,1.0,1,1.0,1,0.15723629733172825,75
3674,3,5844,2917,2927,0,0,0,1.0,1,1.0,1,1.0,1,0.1617799127271473,75
3675,0,5844,2917,2927,0,0,0,1.0,1,1.0,1,1.0,1,0.1632719127468438,75
3676,3,5847,2918,2929,0,0,0,1.0,1,1.0,1,1.0,1,0.16217671030843664,75
3677,1,5848,2918,2930,0,0,0,1.0,1,1.0,1,1.0,1,0.16505744429871327,75
3678,0,5848,2918,2930,0,0,0,1.0,1,1.0,1,1.0,1,0.18036495069596303,77
3679,1,5849,2919,2930,0,0,0,1.0,1,1.0,1,1.0,1,0.1990973317219351,78
3680,0,5849,2919,2930,0,0,0,1.0,1,1.0,1,1.0,1,0.2007860015419296,80
3681,1,5850,2919,2931,0,0,0,1.0,1,1.0,1,1.0,1,0.20597819425833058,81
3682,0,5850,2919,2931,0,0,0,1.0,1,1.0,1,1.0,1,0.20597819425833058,81
3683,1,5851,2920,2931,0,0,0,1.0,1,1.0,1,1.0,1,0.21935347717610001,81
3684,0,5851,2920,2931,0,0,0,1.0,1,1.0,1,1.0,1,0.21935347717610001,81
3685,0,5851,2920,2931,0,0,0,1.0,1,1.0,1,1.0,1,0.21935347717610001,81
3686,0,5851,2920,2931,0,0,0,1.0,1,1.0,1,1.0,1,0.21935347717610001,81
3687,1,5852,2920,2932,0,0,0,1.0,1,1.0,1,1.0,1,0.20730491253546396,82
3688,7,5859,2920,2939,0,0,0,1.0,1,1.0,1,1.0,1,0.17280817320493802,84
3689,0,5859,2920,2939,0,0,0,1.0,1,1.0,1,1.0,1,0.17280817320493802,84
3690,0,5859,2920,2939,0,0,0,1.0,1,1.0,1,1.0,1,0.17661439920878705,85
3691,0,5859,2920,2939,0,0,0,1.0,1,1.0,1,1.0,1,0.17329497337195554,86
3692,0,5859,2920,2939,0,0,0,1.0,1,1.0,1,1.0,1,0.16862326000803843,86
3693,1,5860,2920,2940,0,0,0,1.0,1,1.0,1,1.0,1,0.16452850949785194,86
3694,0,5860,2920,2940,0,0,0,1.0,1,1.0,1,1.0,1,0.16452850949785194,86
3695,2,5862,2922,2940,0,0,0,1.0,1,1.0,1,1.0,1,0.200022432019056,86
3696,1,5863,2922,2941,0,0,0,1.0,1,1.0,1,1.0,1,0.18301715732973312,87
3697,1,5864,2923,2941,0,0,0,1.0,1,1.0,1,1.0,1,0.18682202686173816,85
3698,1,5865,2924,2941,0,0,0,1.0,1,1.0,1,1.0,1,0.18887125401448313,85
3699,2,5867,2925,2942,0,0,0,1.0,1,1.0,1,1.0,1,0.17115800265404835,85
3700,2,5869,2927,2942,0,0,0,1.0,1,1.0,1,1.0,1,0.1810702452755312,84
3701,1,5870,2927,2943,0,0,0,1.0,1,1.0,1,1.0,1,0.1775907042809622,85
3702,2,5872,2929,2943,0,0,0,1.0,1,1.0,1,1.0,1,0.18323644840563919,85
3703,1,5873,2929,2944,0,0,0,1.0,1,1.0,1,1.0,1,0.1789574593717764,85
3704,4,5877,2931,2946,0,0,0,1.0,1,1.0,1,1.0,1,0.20369861116196863,85
3705,1,5878,2931,2947,0,0,0,1.0,1,1.0,1,1.0,1,0.18788674748117343,86
3706,1,5879,2932,2947,0,0,0,1.0,1,1.0,1,1.0,1,0.19717905998761504,86
3707,3,5882,2933,2949,0,0,0,1.0,1,1.0,1,1.0,1,0.19389033863323016,85
3708,1,5883,2933,2950,0,0,0,1.0,1,1.0,1,1.0,1,0.1751219351153608,84
3709,0,5883,2933,2950,0,0,0,1.0,1,1.0,1,1.0,1,0.17776670364026037,85
3710,0,5883,2933,2950,0,0,0,1.0,1,1.0,1,1.0,1,0.17330390768558038,84
3711,2,5885,2933,2952,0,0,0,1.0,1,1.0,1,1.0,1,0.16266828636883296,85
3712,1,5886,2933,2953,0,0,0,1.0,1,1.0,1,1.0,1,0.1524091678612442,85
3713,1,5887,2933,2954,0,0,0,1.0,1,1.0,1,1.0,1,0.14882212582722673,85
3714,1,5888,2934,2954,0,0,0,1.0,1,1.0,1,1.0,1,0.17254698965578394,85
3715,1,5889,2935,2954,0,0,0,1.0,1,1.0,1,1.0,1,0.17061332525522477,85
3716,2,5891,2936,2955,0,0,0,1.0,1,1.0,1,1.0,1,0.17262221659525118,84
3717,3,5894,2936,2958,0,0,0,1.0,1,1.0,1,1.0,1,0.16532934630927057,86
3718,1,5895,2936,2959,0,0,0,1.0,1,1.0,1,1.0,1,0.1714351289439248,85
3719,2,5897,2938,2959,0,0,0,1.0,1,1.0,1,1.0,1,0.1853599351680549,84
3720,3,5900,2938,2962,0,0,0,1.0,1,1.0,1,1.0,1,0.17759840026938029,84
3721,4,5904,2940,2964,0,0,0,1.0,1,1.0,1,1.0,1,0.1777149174557675,85
3722,2,5906,2940,2966,0,0,0,1.0,1,1.0,1,1.0,1,0.16666657718797195,85
3723,2,5908,2940,2968,0,0,0,1.0,1,1.0,1,1.0,1,0.16958869426077544,85
3724,1,5909,2940,2969,0,0,0,1.0,1,1.0,1,1.0,1,0.16058020858356392,86
3725,0,5909,2940,2969,0,0,0,1.0,1,1.0,1,1.0,1,0.16058020858356392,86
3726,1,5910,2941,2969,0,0,0,1.0,1,1.0,1,1.0,1,0.18252529225601816,86
3727,1,5911,2941,2970,0,0,0,1.0,1,1.0,1,1.0,1,0.17641082199558097,86
3728,0,5911,2941,2970,0,0,0,1.0,1,1.0,1,1.0,1,0.17641082199558097,86
3729,1,5912,2941,2971,0,0,0,1.0,1,1.0,1,1.0,1,0.17009768619006407,86
3730,1,5913,2941,2972,0,0,0,1.0,1,1.0,1,1.0,1,0.174542267227841,85
3731,2,5915,2941,2974,0,0,0,1.0,1,1.0,1,1.0,1,0.1704599296132667,86
3732,1,5916,2942,2974,0,0,0,1.0,1,1.0,1,1.0,1,0.18022534515344393,87
3733,1,5917,2943,2974,0,0,0,1.0,1,1.0,1,1.0,1,0.1910456929289767,87
3734,0,5917,2943,2974,0,0,0,1.0,1,1.0,1,1.0,1,0.1910456929289767,87
3735,3,5920,2944,2976,0,0,0,1.0,1,1.0,1,1.0,1,0.1954055672250679,86
3736,2,5922,2944,2978,0,0,0,1.0,1,1.0,1,1.0,1,0.16957610759186978,87
3737,3,5925,2945,2980,0,0,0,1.0,1,1.0,1,1.0,1,0.17497327499403204,87
3738,2,5927,2946,2981,0,0,0,1.0,1,1.0,1,1.0,1,0.1794989967152853,87
3739,3,5930,2947,2983,0,0,0,1.0,1,1.0,1,1.0,1,0.1701338381774843,88
3740,4,5934,2950,2984,0,0,0,1.0,1,1.0,1,1.0,1,0.20154621406043233,87
3741,3,5937,2950,2987,0,0,0,1.0,1,1.0,1,1.0,1,0.18017538120915563,87
3742,3,5940,2951,2989,0,0,0,1.0,1,1.0,1,1.0,1,0.16977081958006807,86
3743,2,5942,2951,2991,0,0,0,1.0,1,1.0,1,1.0,1,0.16580974108607568,84
3744,3,5945,2953,2992,0,0,0,1.0,1,1.0,1,1.0,1,0.18462780964714917,83
3745,2,5947,2953,2994,0,0,0,1.0,1,1.0,1,1.0,1,0.169448878283567,83
3746,1,5948,2954,2994,0,0,0,1.0,1,1.0,1,1.0,1,0.2030108647880273,83
3747,2,5950,2954,2996,0,0,0,1.0,1,1.0,1,1.0,1,0.1856978745552402,81
3748,2,5952,2954,2998,0,0,0,1.0,1,1.0,1,1.0,1,0.17966716985066633,81
3749,3,5955,2954,3001,0,0,0,1.0,1,1.0,1,1.0,1,0.16550411069385262,80
3750,0,5955,2954,3001,0,0,0,1.0,1,1.0,1,1.0,1,0.17098414389062438,79
3751,3,5958,2956,3002,0,0,0,1.0,1,1.0,1,1.0,1,0.18479134513299958,80
3752,1,5959,2957,3002,0,0,0,1.0,1,1.0,1,1.0,1,0.19570221572066748,80
3753,5,5964,2962,3002,0,0,0,1.0,1,1.0,1,1.0,1,0.2281906991877459,81
3754,3,5967,2962,3005,0,0,0,1.0,1,1.0,1,1.0,1,0.22701396855312633,81
3755,4,5971,2962,3009,0,0,0,1.0,1,1.0,1,1.0,1,0.20724725104147046,80
3756,3,5974,2963,3011,0,0,0,1.0,1,1.0,1,1.0,1,0.19826958024808558,79
3757,1,5975,2964,3011,0,0,0,1.0,1,1.0,1,1.0,1,0.20117293734534833,80
3758,1,5976,2965,3011,0,0,0,1.0,1,1.0,1,1.0,1,0.21958680540356249,79
3759,1,5977,2966,3011,0,0,0,1.0,1,1.0,1,1.0,1,0.23519507731123007,79
3760,0,5977,2966,3011,0,0,0,1.0,1,1.0,1,1.0,1,0.23519507731123007,79
3761,0,5977,2966,3011,0,0,0,1.0,1,1.0,1,1.0,1,0.24982071976788997,78
3762,2,5979,2966,3013,0,0,0,1.0,1,1.0,1,1.0,1,0.22945509461070288,80
3763,2,5981,2966,3015,0,0,0,1.0,1,1.0,1,1.0,1,0.22150929070702888,80
3764,3,5984,2968,3016,0,0,0,1.0,1,1.0,1,1.0,1,0.24374682546453247,80
3765,2,5986,2968,3018,0,0,0,1.0,1,1.0,1,1.0,1,0.22669744561787303,81
3766,3,5989,2969,3020,0,0,0,1.0,1,1.0,1,1.0,1,0.22283157221064182,83
3767,1,5990,2969,3021,0,0,0,1.0,1,1.0,1,1.0,1,0.2171042111506262,83
3768,3,5993,2970,3023,0,0,0,1.0,1,1.0,1,1.0,1,0.20096709836312185,84
3769,1,5994,2970,3024,0,0,0,1.0,1,1.0,1,1.0,1,0.17574113192988552,86
3770,1,5995,2970,3025,0,0,0,1.0,1,1.0,1,1.0,1,0.1739182021343497,87
3771,1,5996,2971,3025,0,0,0,1.0,1,1.0,1,1.0,1,0.17561634709909166,87
3772,1,5997,2971,3026,0,0,0,1.0,1,1.0,1,1.0,1,0.18643920519083845,88
3773,0,5997,2971,3026,0,0,0,1.0,1,1.0,1,1.0,1,0.2029609014554259,85
3774,1,5998,2971,3027,0,0,0,1.0,1,1.0,1,1.0,1,0.19895706767832866,85
3775,2,6000,2972,3028,0,0,0,1.0,1,1.0,1,1.0,1,0.21739333548647957,83
3776,2,6002,2973,3029,0,0,0,1.0,1,1.0,1,1.0,1,0.23673394815627824,82
3777,5,6007,2975,3032,0,0,0,1.0,1,1.0,1,1.0,1,0.2118481124292972,81
3778,2,6009,2975,3034,0,0,0,1.0,1,1.0,1,1.0,1,0.20223412189686105,81
3779,3,6012,2977,3035,0,0,0,1.0,1,1.0,1,1.0,1,0.22910537870266573,80
3780,3,6015,2977,3038,0,0,0,1.0,1,1.0,1,1.0,1,0.20219945614587764,80
3781,0,6015,2977,3038,0,0,0,1.0,1,1.0,1,1.0,1,0.20219945614587764,80
3782,2,6017,2978,3039,0,0,0,1.0,1,1.0,1,1.0,1,0.2094371232099313,80
3783,4,6021,2979,3042,0,0,0,1.0,1,1.0,1,1.0,1,0.19806851148008847,80
3784,0,6021,2979,3042,0,0,0,1.0,1,1.0,1,1.0,1,0.19778262407999958,79
3785,1,6022,2979,3043,0,0,0,1.0,1,1.0,1,1.0,1,0.2030040427652819,77
3786,3,6025,2981,3044,0,0,0,1.0,1,1.0,1,1.0,1,0.1928136992654034,78
3787,0,6025,2981,3044,0,0,0,1.0,1,1.0,1,1.0,1,0.18272685974858344,77
3788,0,6025,2981,3044,0,0,0,1.0,1,1.0,1,1.0,1,0.18953287477577316,78
3789,4,6029,2982,3047,0,0,0,1.0,1,1.0,1,1.0,1,0.18609545832062566,77
3790,2,6031,2983,3048,0,0,0,1.0,1,1.0,1,1.0,1,0.1899155145464014,77
3791,3,6034,2984,3050,0,0,0,1.0,1,1.0,1,1.0,1,0.18953380795043845,77
3792,1,6035,2984,3051,0,0,0,1.0,1,1.0,1,1.0,1,0.1664458258073829,78
3793,2,6037,2985,3052,0,0,0,1.0,1,1.0,1,1.0,1,0.1818960481298137,80
3794,2,6039,2986,3053,0,0,0,1.0,1,1.0,1,1.0,1,0.1640241894291757,82
3795,0,6039,2986,3053,0,0,0,1.0,1,1.0,1,1.0,1,0.1717829936375939,83
3796,1,6040,2987,3053,0,0,0,1.0,1,1.0,1,1.0,1,0.17289896121957812,83
3797,2,6042,2987,3055,0,0,0,1.0,1,1.0,1,1.0,1,0.15914530992062176,82
3798,1,6043,2987,3056,0,0,0,1.0,1,1.0,1,1.0,1,0.16085205308809641,82
3799,3,6046,2987,3059,0,0,0,1.0,1,1.0,1,1.0,1,0.1505252204179549,83
3800,1,6047,2988,3059,0,0,0,1.0,1,1.0,1,1.0,1,0.1799467916945206,83
3801,2,6049,2989,3060,0,0,0,1.0,1,1.0,1,1.0,1,0.17201887663954496,83
3802,0,6049,2989,3060,0,0,0,1.0,1,1.0,1,1.0,1,0.18498227922377025,82
3803,0,6049,2989,3060,0,0,0,1.0,1,1.0,1,1.0,1,0.1917327346927419,84
3804,0,6049,2989,3060,0,0,0,1.0,1,1.0,1,1.0,1,0.1917327346927419,84
3805,7,6056,2990,3066,0,0,0,1.0,1,1.0,1,1.0,1,0.1740525899763621,86
3806,2,6058,2990,3068,0,0,0,1.0,1,1.0,1,1.0,1,0.15930560907085375,86
3807,2,6060,2991,3069,0,0,0,1.0,1,1.0,1,1.0,1,0.17167085889638758,86
3808,1,6061,2991,3070,0,0,0,1.0,1,1.0,1,1.0,1,0.1678508484617276,85
3809,2,6063,2992,3071,0,0,0,1.0,1,1.0,1,1.0,1,0.1731431386672363,85
3810,4,6067,2993,3074,0,0,0,1.0,1,1.0,1,1.0,1,0.15521894906698522,85
3811,1,6068,2994,3074,0,0,0,1.0,1,1.0,1,1.0,1,0.16842925084540591,84
3812,0,6068,2994,3074,0,0,0,1.0,1,1.0,1,1.0,1,0.16458515586066708,83
3813,0,6068,2994,3074,0,0,0,1.0,1,1.0,1,1.0,1,0.15329567081934115,82
3814,2,6070,2996,3074,0,0,0,1.0,1,1.0,1,1.0,1,0.18024278940379804,81
3815,0,6070,2996,3074,0,0,0,1.0,1,1.0,1,1.0,1,0.1848039190144117,82
3816,3,6073,2997,3076,0,0,0,1.0,1,1.0,1,1.0,1,0.1636160790634543,81
3817,0,6073,2997,3076,0,0,0,1.0,1,1.0,1,1.0,1,0.1636160790634543,81
3818,4,6077,2999,3078,0,0,0,1.0,1,1.0,1,1.0,1,0.16861827511496977,81
3819,3,6080,3000,3080,0,0,0,1.0,1,1.0,1,1.0,1,0.1713255754882817,82
3820,2,6082,3000,3082,0,0,0,1.0,1,1.0,1,1.0,1,0.1659598904363997,84
3821,2,6084,3001,3083,0,0,0,1.0,1,1.0,1,1.0,1,0.186572445101236,84
3822,2,6086,3001,3085,0,0,0,1.0,1,1.0,1,1.0,1,0.17398810707777204,82
3823,3,6089,3004,3085,0,0,0,1.0,1,1.0,1,1.0,1,0.18043557271639835,81
3824,2,6091,3004,3087,0,0,0,1.0,1,1.0,1,1.0,1,0.1659113254572629,78
3825,2,6093,3004,3089,0,0,0,1.0,1,1.0,1,1.0,1,0.1620509447684219,76
3826,0,6093,3004,3089,0,0,0,1.0,1,1.0,1,1.0,1,0.1845631366368903,76
3827,1,6094,3004,3090,0,0,0,1.0,1,1.0,1,1.0,1,0.18586107442731784,75
3828,1,6095,3005,3090,0,0,0,1.0,1,1.0,1,1.0,1,0.19849306752431617,74
3829,4,6099,3005,3094,0,0,0,1.0,1,1.0,1,1.0,1,0.1922589702548116,74
3830,1,6100,3006,3094,0,0,0,1.0,1,1.0,1,1.0,1,0.18905959987513835,74
3831,4,6104,3008,3096,0,0,0,1.0,1,1.0,1,1.0,1,0.21172214871270081,74
3832,3,6107,3008,3099,0,0,0,1.0,1,1.0,1,1.0,1,0.1964514555779621,73
3833,2,6109,3010,3099,0,0,0,1.0,1,1.0,1,1.0,1,0.2083677659170075,73
3834,1,6110,3011,3099,0,0,0,1.0,1,1.0,1,1.0,1,0.2177514614290108,74
3835,1,6111,3012,3099,0,0,0,1.0,1,1.0,1,1.0,1,0.2418420727017102,75
3836,3,6114,3014,3100,0,0,0,1.0,1,1.0,1,1.0,1,0.23642695265170227,75
3837,6,6120,3015,3105,0,0,0,1.0,1,1.0,1,1.0,1,0.23579523117291287,78
3838,1,6121,3015,3106,0,0,0,1.0,1,1.0,1,1.0,1,0.23362520806874998,78
3839,3,6124,3015,3109,0,0,0,1.0,1,1.0,1,1.0,1,0.1966703926449207,79
3840,2,6126,3016,3110,0,0,0,1.0,1,1.0,1,1.0,1,0.2060558450720205,82
3841,0,6126,3016,3110,0,0,0,1.0,1,1.0,1,1.0,1,0.2060558450720205,82
3842,0,6126,3016,3110,0,0,0,1.0,1,1.0,1,1.0,1,0.20397547875444633,82
3843,1,6127,3016,3111,0,0,0,1.0,1,1.0,1,1.0,1,0.1960069070871496,82
3844,2,6129,3016,3113,0,0,0,1.0,1,1.0,1,1.0,1,0.18920673517571873,83
3845,1,6130,3016,3114,0,0,0,1.0,1,1.0,1,1.0,1,0.18740332270068163,84
3846,2,6132,3016,3116,0,0,0,1.0,1,1.0,1,1.0,1,0.17683723688060463,85
3847,1,6133,3016,3117,0,0,0,1.0,1,1.0,1,1.0,1,0.18371816158967935,84
3848,3,6136,3019,3117,0,0,0,1.0,1,1.0,1,1.0,1,0.21213478438484784,84
3849,1,6137,3019,3118,0,0,0,1.0,1,1.0,1,1.0,1,0.19027698119268732,83
3850,0,6137,3019,3118,0,0,0,1.0,1,1.0,1,1.0,1,0.21003978227052306,80
3851,1,6138,3019,3119,0,0,0,1.0,1,1.0,1,1.0,1,0.20088270793385962,80
3852,2,6140,3019,3121,0,0,0,1.0,1,1.0,1,1.0,1,0.20258430966760538,79
3853,1,6141,3020,3121,0,0,0,1.0,1,1.0,1,1.0,1,0.22028893583622428,79
3854,2,6143,3022,3121,0,0,0,1.0,1,1.0,1,1.0,1,0.24799613816488275,78
3855,1,6144,3022,3122,0,0,0,1.0,1,1.0,1,1.0,1,0.24211711099365124,78
3856,2,6146,3023,3123,0,0,0,1.0,1,1.0,1,1.0,1,0.25562562822595636,80
3857,4,6150,3023,3127,0,0,0,1.0,1,1.0,1,1.0,1,0.22082909426270175,81
3858,1,6151,3024,3127,0,0,0,1.0,1,1.0,1,1.0,1,0.2285228355959193,81
3859,0,6151,3024,3127,0,0,0,1.0,1,1.0,1,1.0,1,0.23864079860022258,83
3860,1,6152,3025,3127,0,0,0,1.0,1,1.0,1,1.0,1,0.2674325950035337,82
3861,3,6155,3026,3129,0,0,0,1.0,1,1.0,1,1.0,1,0.26451235136604523,84
3862,8,6163,3030,3133,0,0,0,1.0,1,1.0,1,1.0,1,0.24420194480393234,85
3863,2,6165,3030,3135,0,0,0,1.0,1,1.0,1,1.0,1,0.22261679264669554,84
3864,3,6168,3032,3136,0,0,0,1.0,1,1.0,1,1.0,1,0.219263068365738,83
3865,0,6168,3032,3136,0,0,0,1.0,1,1.0,1,1.0,1,0.21509377180376682,82
3866,0,6168,3032,3136,0,0,0,1.0,1,1.0,1,1.0,1,0.21052824754681565,81
3867,4,6172,3036,3136,0,0,0,1.0,1,1.0,1,1.0,1,0.2190622522846763,81
3868,1,6173,3037,3136,0,0,0,1.0,1,1.0,1,1.0,1,0.2203402603677668,81
3869,1,6174,3037,3137,0,0,0,1.0,1,1.0,1,1.0,1,0.21395101678015122,81
3870,1,6175,3038,3137,0,0,0,1.0,1,1.0,1,1.0,1,0.19023474404336355,80
3871,2,6177,3040,3137,0,0,0,1.0,1,1.0,1,1.0,1,0.20016509474986638,82
3872,1,6178,3041,3137,0,0,0,1.0,1,1.0,1,1.0,1,0.2007791660501453,81
3873,0,6178,3041,3137,0,0,0,1.0,1,1.0,1,1.0,1,0.2007791660501453,81
3874,2,6180,3042,3138,0,0,0,1.0,1,1.0,1,1.0,1,0.18887600276225053,78
3875,0,6180,3042,3138,0,0,0,1.0,1,1.0,1,1.0,1,0.18630836823304622,77
3876,2,6182,3043,3139,0,0,0,1.0,1,1.0,1,1.0,1,0.1735468353801233,78
3877,2,6184,3043,3141,0,0,0,1.0,1,1.0,1,1.0,1,0.17001392070630053,75
3878,2,6186,3045,3141,0,0,0,1.0,1,1.0,1,1.0,1,0.17032215369338471,75
3879,2,6188,3045,3143,0,0,0,1.0,1,1.0,1,1.0,1,0.1643807696768963,73
3880,1,6189,3045,3144,0,0,0,1.0,1,1.0,1,1.0,1,0.15959737904287702,74
3881,1,6190,3046,3144,0,0,0,1.0,1,1.0,1,1.0,1,0.18891968889102764,75
3882,2,6192,3046,3146,0,0,0,1.0,1,1.0,1,1.0,1,0.1774372830677828,76
3883,1,6193,3046,3147,0,0,0,1.0,1,1.0,1,1.0,1,0.1705208683924529,77
3884,6,6199,3047,3152,0,0,0,1.0,1,1.0,1,1.0,1,0.1533006731865414,78
3885,1,6200,3047,3153,0,0,0,1.0,1,1.0,1,1.0,1,0.1326902427297874,78
3886,2,6202,3048,3154,0,0,0,1.0,1,1.0,1,1.0,1,0.14346199278569857,79
3887,1,6203,3049,3154,0,0,0,1.0,1,1.0,1,1.0,1,0.15122923971354613,78
3888,3,6206,3051,3155,0,0,0,1.0,1,1.0,1,1.0,1,0.1641604481427412,80
3889,4,6210,3052,3158,0,0,0,1.0,1,1.0,1,1.0,1,0.1343417896257236,82
3890,3,6213,3054,3159,0,0,0,1.0,1,1.0,1,1.0,1,0.14100880725113685,82
3891,4,6217,3056,3161,0,0,0,1.0,1,1.0,1,1.0,1,0.1552665208713418,85
3892,2,6219,3058,3161,0,0,0,1.0,1,1.0,1,1.0,1,0.18876733324899472,87
3893,5,6224,3058,3166,0,0,0,1.0,1,1.0,1,1.0,1,0.12312390671114358,86
3894,0,6224,3058,3166,0,0,0,1.0,1,1.0,1,1.0,1,0.12903453049357155,87
3895,1,6225,3059,3166,0,0,0,1.0,1,1.0,1,1.0,1,0.13997688258264437,87
3896,0,6225,3059,3166,0,0,0,1.0,1,1.0,1,1.0,1,0.145112853111413,85
3897,1,6226,3060,3166,0,0,0,1.0,1,1.0,1,1.0,1,0.15553330607797736,85
3898,3,6229,3062,3167,0,0,0,1.0,1,1.0,1,1.0,1,0.16881744079735492,86
3899,2,6231,3063,3168,0,0,0,1.0,1,1.0,1,1.0,1,0.16205582318705056,86
3900,1,6232,3064,3168,0,0,0,1.0,1,1.0,1,1.0,1,0.16713619324807175,86
3901,2,6234,3065,3169,0,0,0,1.0,1,1.0,1,1.0,1,0.16461043347058135,86
3902,1,6235,3066,3169,0,0,0,1.0,1,1.0,1,1.0,1,0.16855278804991788,87
3903,3,6238,3068,3170,0,0,0,1.0,1,1.0,1,1.0,1,0.17483501432907608,87
3904,3,6241,3069,3172,0,0,0,1.0,1,1.0,1,1.0,1,0.1682285848836889,85
3905,2,6243,3070,3173,0,0,0,1.0,1,1.0,1,1.0,1,0.1579598590586942,84
3906,3,6246,3072,3174,0,0,0,1.0,1,1.0,1,1.0,1,0.17033777180424278,86
3907,4,6250,3073,3177,0,0,0,1.0,1,1.0,1,1.0,1,0.14620146184464608,84
3908,0,6250,3073,3177,0,0,0,1.0,1,1.0,1,1.0,1,0.13947810054522822,83
3909,1,6251,3073,3178,0,0,0,1.0,1,1.0,1,1.0,1,0.12673331127813334,81
3910,3,6254,3076,3178,0,0,0,1.0,1,1.0,1,1.0,1,0.15581559576634604,82
3911,4,6258,3077,3181,0,0,0,1.0,1,1.0,1,1.0,1,0.12995694577488712,81
3912,1,6259,3077,3182,0,0,0,1.0,1,1.0,1,1.0,1,0.11262389696109473,80
3913,4,6263,3079,3184,0,0,0,1.0,1,1.0,1,1.0,1,0.11163300900141554,80
3914,2,6265,3081,3184,0,0,0,1.0,1,1.0,1,1.0,1,0.12500218654122425,81
3915,2,6267,3083,3184,0,0,0,1.0,1,1.0,1,1.0,1,0.1455456837919993,81
3916,4,6271,3084,3187,0,0,0,1.0,1,1.0,1,1.0,1,0.14103288167880965,81
3917,3,6274,3086,3188,0,0,0,1.0,1,1.0,1,1.0,1,0.1545288478086893,82
3918,6,6280,3089,3191,0,0,0,1.0,1,1.0,1,1.0,1,0.17235770545144488,85
3919,4,6284,3090,3194,0,0,0,1.0,1,1.0,1,1.0,1,0.16469996196037784,85
3920,4,6288,3091,3197,0,0,0,1.0,1,1.0,1,1.0,1,0.14164397185859534,85
3921,0,6288,3091,3197,0,0,0,1.0,1,1.0,1,1.0,1,0.1509017624905859,88
3922,0,6288,3091,3197,0,0,0,1.0,1,1.0,1,1.0,1,0.1509017624905859,88
3923,1,6289,3091,3198,0,0,0,1.0,1,1.0,1,1.0,1,0.1399104811033341,89
3924,0,6289,3091,3198,0,0,0,1.0,1,1.0,1,1.0,1,0.14593767473505354,90
3925,3,6292,3093,3199,0,0,0,1.0,1,1.0,1,1.0,1,0.15747293377747312,88
3926,3,6295,3094,3201,0,0,0,1.0,1,1.0,1,1.0,1,0.15875606651485244,89
3927,4,6299,3095,3204,0,0,0,1.0,1,1.0,1,1.0,1,0.15015984121862774,89
3928,1,6300,3095,3205,0,0,0,1.0,1,1.0,1,1.0,1,0.1386235534732954,88
3929,0,6300,3095,3205,0,0,0,1.0,1,1.0,1,1.0,1,0.1386235534732954,88
3930,1,6301,3095,3206,0,0,0,1.0,1,1.0,1,1.0,1,0.13085183554341684,87
3931,0,6301,3095,3206,0,0,0,1.0,1,1.0,1,1.0,1,0.14057453317328455,86
3932,1,6302,3096,3206,0,0,0,1.0,1,1.0,1,1.0,1,0.14826852272556326,85
3933,1,6303,3097,3206,0,0,0,1.0,1,1.0,1,1.0,1,0.1744630296182769,84
3934,2,6305,3098,3207,0,0,0,1.0,1,1.0,1,1.0,1,0.17894117858158462,85
3935,2,6307,3100,3207,0,0,0,1.0,1,1.0,1,1.0,1,0.20668630717865696,84
3936,2,6309,3100,3209,0,0,0,1.0,1,1.0,1,1.0,1,0.18648832408857138,84
3937,1,6310,3100,3210,0,0,0,1.0,1,1.0,1,1.0,1,0.16307716089216132,82
3938,1,6311,3100,3211,0,0,0,1.0,1,1.0,1,1.0,1,0.15749399434532585,82
3939,1,6312,3101,3211,0,0,0,1.0,1,1.0,1,1.0,1,0.15339015182753485,84
3940,3,6315,3102,3213,0,0,0,1.0,1,1.0,1,1.0,1,0.1443775033632371,84
3941,2,6317,3102,3215,0,0,0,1.0,1,1.0,1,1.0,1,0.12791604363024114,85
3942,2,6319,3104,3215,0,0,0,1.0,1,1.0,1,1.0,1,0.15250636771274623,85
3943,3,6322,3105,3217,0,0,0,1.0,1,1.0,1,1.0,1,0.12852319750797842,84
3944,5,6327,3108,3219,0,0,0,1.0,1,1.0,1,1.0,1,0.15922457865108258,83
3945,1,6328,3109,3219,0,0,0,1.0,1,1.0,1,1.0,1,0.15476329945436287,83
3946,3,6331,3110,3221,0,0,0,1.0,1,1.0,1,1.0,1,0.16150912064839357,83
3947,0,6331,3110,3221,0,0,0,1.0,1,1.0,1,1.0,1,0.16150912064839357,83
3948,2,6333,3112,3221,0,0,0,1.0,1,1.0,1,1.0,1,0.1775056816816196,84
3949,3,6336,3112,3224,0,0,0,1.0,1,1.0,1,1.0,1,0.17901121959889893,84
3950,6,6342,3114,3228,0,0,0,1.0,1,1.0,1,1.0,1,0.16939587562888495,86
3951,2,6344,3114,3230,0,0,0,1.0,1,1.0,1,1.0,1,0.1620510119934401,87
3952,1,6345,3115,3230,0,0,0,1.0,1,1.0,1,1.0,1,0.14799442982171993,86
3953,1,6346,3116,3230,0,0,0,1.0,1,1.0,1,1.0,1,0.16413195372666173,86
3954,0,6346,3116,3230,0,0,0,1.0,1,1.0,1,1.0,1,0.15922079471982903,85
3955,5,6351,3118,3233,0,0,0,1.0,1,1.0,1,1.0,1,0.1580177806874895,85
3956,1,6352,3118,3234,0,0,0,1.0,1,1.0,1,1.0,1,0.15066615049912574,84
3957,3,6355,3119,3236,0,0,0,1.0,1,1.0,1,1.0,1,0.14282283876210541,85
3958,1,6356,3120,3236,0,0,0,1.0,1,1.0,1,1.0,1,0.14971911687117426,84
3959,2,6358,3120,3238,0,0,0,1.0,1,1.0,1,1.0,1,0.13496842884507773,83
3960,2,6360,3121,3239,0,0,0,1.0,1,1.0,1,1.0,1,0.13879865751363057,84
3961,0,6360,3121,3239,0,0,0,1.0,1,1.0,1,1.0,1,0.1467099487460402,83
3962,1,6361,3122,3239,0,0,0,1.0,1,1.0,1,1.0,1,0.14648746333776927,84
3963,1,6362,3122,3240,0,0,0,1.0,1,1.0,1,1.0,1,0.139300988876892,81
3964,1,6363,3123,3240,0,0,0,1.0,1,1.0,1,1.0,1,0.1405045839515559,81
3965,1,6364,3123,3241,0,0,0,1.0,1,1.0,1,1.0,1,0.12332045929947465,81
3966,3,6367,3126,3241,0,0,0,1.0,1,1.0,1,1.0,1,0.15692224831122992,79
3967,2,6369,3127,3242,0,0,0,1.0,1,1.0,1,1.0,1,0.16333022558481589,81
3968,5,6374,3129,3245,0,0,0,1.0,1,1.0,1,1.0,1,0.1711173567342873,79
3969,4,6378,3131,3247,0,0,0,1.0,1,1.0,1,1.0,1,0.1807138444097148,79
3970,1,6379,3132,3247,0,0,0,1.0,1,1.0,1,1.0,1,0.1697970968695939,78
3971,0,6379,3132,3247,0,0,0,1.0,1,1.0,1,1.0,1,0.16657580065296423,77
3972,1,6380,3133,3247,0,0,0,1.0,1,1.0,1,1.0,1,0.16968632618041363,78
3973,0,6380,3133,3247,0,0,0,1.0,1,1.0,1,1.0,1,0.16542268915954733,77
3974,0,6380,3133,3247,0,0,0,1.0,1,1.0,1,1.0,1,0.16542268915954733,77
3975,1,6381,3133,3248,0,0,0,1.0,1,1.0,1,1.0,1,0.17080175634987316,76
3976,0,6381,3133,3248,0,0,0,1.0,1,1.0,1,1.0,1,0.181320945810605,77
3977,0,6381,3133,3248,0,0,0,1.0,1,1.0,1,1.0,1,0.18705478044893142,78
3978,2,6383,3133,3250,0,0,0,1.0,1,1.0,1,1.0,1,0.1816453559822233,79
3979,1,6384,3133,3251,0,0,0,1.0,1,1.0,1,1.0,1,0.17566760813249266,79
3980,1,6385,3133,3252,0,0,0,1.0,1,1.0,1,1.0,1,0.16905175545633297,79
3981,3,6388,3135,3253,0,0,0,1.0,1,1.0,1,1.0,1,0.19319961037067765,83
3982,4,6392,3136,3256,0,0,0,1.0,1,1.0,1,1.0,1,0.17071556022885803,83
3983,4,6396,3137,3259,0,0,0,1.0,1,1.0,1,1.0,1,0.15034256609305577,82
3984,3,6399,3139,3260,0,0,0,1.0,1,1.0,1,1.0,1,0.16187658182635017,83
3985,1,6400,3140,3260,0,0,0,1.0,1,1.0,1,1.0,1,0.17494965436342902,84
3986,4,6404,3143,3261,0,0,0,1.0,1,1.0,1,1.0,1,0.2055482915045756,83
3987,3,6407,3144,3263,0,0,0,1.0,1,1.0,1,1.0,1,0.1843518779335693,82
3988,1,6408,3144,3264,0,0,0,1.0,1,1.0,1,1.0,1,0.1822906326513497,83
3989,0,6408,3144,3264,0,0,0,1.0,1,1.0,1,1.0,1,0.19091407200201635,81
3990,1,6409,3144,3265,0,0,0,1.0,1,1.0,1,1.0,1,0.18256381834442253,81
3991,4,6413,3146,3267,0,0,0,1.0,1,1.0,1,1.0,1,0.19933417856140218,79
3992,6,6419,3147,3272,0,0,0,1.0,1,1.0,1,1.0,1,0.16055970326601968,81
3993,0,6419,3147,3272,0,0,0,1.0,1,1.0,1,1.0,1,0.16354180527518172,80
3994,2,6421,3148,3273,0,0,0,1.0,1,1.0,1,1.0,1,0.1612958121189255,80
3995,2,6423,3150,3273,0,0,0,1.0,1,1.0,1,1.0,1,0.17439678747681017,81
3996,3,6426,3150,3276,0,0,0,1.0,1,1.0,1,1.0,1,0.17331874139055728,80
3997,2,6428,3150,3278,0,0,0,1.0,1,1.0,1,1.0,1,0.1575811871094601,81
3998,2,6430,3151,3279,0,0,0,1.0,1,1.0,1,1.0,1,0.1456968638212326,82
3999,2,6432,3151,3281,0,0,0,1.0,1,1.0,1,1.0,1,0.13066289334890316,82
4000,3,6435,3153,3282,0,0,0,1.0,1,1.0,1,1.0,1,0.14791421496207569,82
4001,1,6436,3154,3282,0,0,0,1.0,1,1.0,1,1.0,1,0.15616857700152895,81
4002,2,6438,3156,3282,0,0,0,1.0,1,1.0,1,1.0,1,0.18464829110951136,81
4003,7,6445,3157,3288,0,0,0,1.0,1,1.0,1,1.0,1,0.16034151844435826,81
4004,4,6449,3159,3290,0,0,0,1.0,1,1.0,1,1.0,1,0.16628444135258236,80
4005,3,6452,3161,3291,0,0,0,1.0,1,1.0,1,1.0,1,0.1731116633969122,78
4006,2,6454,3162,3292,0,0,0,1.0,1,1.0,1,1.0,1,0.1573840345699211,76
4007,1,6455,3163,3292,0,0,0,1.0,1,1.0,1,1.0,1,0.1716508045746054,75
4008,2,6457,3164,3293,0,0,0,1.0,1,1.0,1,1.0,1,0.1916430619198381,74
4009,3,6460,3166,3294,0,0,0,1.0,1,1.0,1,1.0,1,0.2286488022909576,75
4010,4,6464,3166,3298,0,0,0,1.0,1,1.0,1,1.0,1,0.21888761116278435,75
4011,6,6470,3167,3303,0,0,0,1.0,1,1.0,1,1.0,1,0.18531991739363649,74
4012,2,6472,3168,3304,0,0,0,1.0,1,1.0,1,1.0,1,0.1782453577976345,74
4013,1,6473,3169,3304,0,0,0,1.0,1,1.0,1,1.0,1,0.19354247014455042,74
4014,1,6474,3169,3305,0,0,0,1.0,1,1.0,1,1.0,1,0.19900746551966414,73
4015,1,6475,3169,3306,0,0,0,1.0,1,1.0,1,1.0,1,0.2054218841498265,74
4016,0,6475,3169,3306,0,0,0,1.0,1,1.0,1,1.0,1,0.22878404662495902,74
4017,4,6479,3170,3309,0,0,0,1.0,1,1.0,1,1.0,1,0.21703906013751598,78
4018,1,6480,3170,3310,0,0,0,1.0,1,1.0,1,1.0,1,0.21901732858616696,78
4019,0,6480,3170,3310,0,0,0,1.0,1,1.0,1,1.0,1,0.21901732858616696,78
4020,1,6481,3170,3311,0,0,0,1.0,1,1.0,1,1.0,1,0.20658383307923336,78
4021,0,6481,3170,3311,0,0,0,1.0,1,1.0,1,1.0,1,0.20658383307923336,78
4022,1,6482,3171,3311,0,0,0,1.0,1,1.0,1,1.0,1,0.21370985013169239,79
4023,1,6483,3171,3312,0,0,0,1.0,1,1.0,1,1.0,1,0.204864807729926,78
4024,1,6484,3172,3312,0,0,0,1.0,1,1.0,1,1.0,1,0.2044633756266606,77
4025,1,6485,3173,3312,0,0,0,1.0,1,1.0,1,1.0,1,0.21873088141759894,76
4026,2,6487,3175,3312,0,0,0,1.0,1,1.0,1,1.0,1,0.21632208081157095,76
4027,4,6491,3177,3314,0,0,0,1.0,1,1.0,1,1.0,1,0.1992422652231394,75
4028,3,6494,3178,3316,0,0,0,1.0,1,1.0,1,1.0,1,0.1985463758506463,76
4029,3,6497,3179,3318,0,0,0,1.0,1,1.0,1,1.0,1,0.18718529159045277,75
4030,2,6499,3180,3319,0,0,0,1.0,1,1.0,1,1.0,1,0.18378695803114595,74
4031,3,6502,3182,3320,0,0,0,1.0,1,1.0,1,1.0,1,0.20118200766355643,73
4032,0,6502,3182,3320,0,0,0,1.0,1,1.0,1,1.0,1,0.1885338339491312,71
4033,0,6502,3182,3320,0,0,0,1.0,1,1.0,1,1.0,1,0.18459963418721825,73
4034,3,6505,3184,3321,0,0,0,1.0,1,1.0,1,1.0,1,0.16797024143583295,72
4035,2,6507,3185,3322,0,0,0,1.0,1,1.0,1,1.0,1,0.18357442196238083,71
4036,3,6510,3187,3323,0,0,0,1.0,1,1.0,1,1.0,1,0.17628699994532415,71
4037,3,6513,3188,3325,0,0,0,1.0,1,1.0,1,1.0,1,0.16559222775771706,70
4038,0,6513,3188,3325,0,0,0,1.0,1,1.0,1,1.0,1,0.1839151255712696,69
4039,2,6515,3189,3326,0,0,0,1.0,1,1.0,1,1.0,1,0.22017077412999422,68
4040,2,6517,3190,3327,0,0,0,1.0,1,1.0,1,1.0,1,0.22449610132365547,69
4041,1,6518,3190,3328,0,0,0,1.0,1,1.0,1,1.0,1,0.2464374317183509,67
4042,0,6518,3190,3328,0,0,0,1.0,1,1.0,1,1.0,1,0.2868083481468503,67
4043,1,6519,3191,3328,0,0,0,1.0,1,1.0,1,1.0,1,0.3152741774114215,66
4044,2,6521,3192,3329,0,0,0,1.0,1,1.0,1,1.0,1,0.3251034202649515,65
4045,1,6522,3192,3330,0,0,0,1.0,1,1.0,1,1.0,1,0.3206097521275829,66
4046,3,6525,3193,3332,0,0,0,1.0,1,1.0,1,1.0,1,0.32476407425573783,68
4047,0,6525,3193,3332,0,0,0,1.0,1,1.0,1,1.0,1,0.32476407425573783,68
4048,0,6525,3193,3332,0,0,0,1.0,1,1.0,1,1.0,1,0.3331534929406254,69
4049,0,6525,3193,3332,0,0,0,1.0,1,1.0,1,1.0,1,0.3331534929406254,69
4050,1,6526,3193,3333,0,0,0,1.0,1,1.0,1,1.0,1,0.3320988474459642,69
4051,0,6526,3193,3333,0,0,0,1.0,1,1.0,1,1.0,1,0.3320988474459642,69
4052,4,6530,3194,3336,0,0,0,1.0,1,1.0,1,1.0,1,0.3121323739454322,69
4053,1,6531,3194,3337,0,0,0,1.0,1,1.0,1,1.0,1,0.30387187566801543,69
4054,0,6531,3194,3337,0,0,0,1.0,1,1.0,1,1.0,1,0.30054613230878113,70
4055,2,6533,3194,3339,0,0,0,1.0,1,1.0,1,1.0,1,0.27234622926932367,70
4056,0,6533,3194,3339,0,0,0,1.0,1,1.0,1,1.0,1,0.27234622926932367,70
4057,1,6534,3194,3340,0,0,0,1.0,1,1.0,1,1.0,1,0.2672183091273224,71
4058,3,6537,3196,3341,0,0,0,1.0,1,1.0,1,1.0,1,0.2660484856372609,71
4059,5,6542,3197,3345,0,0,0,1.0,1,1.0,1,1.0,1,0.24687077578167477,72
4060,2,6544,3198,3346,0,0,0,1.0,1,1.0,1,1.0,1,0.2592299759910911,71
4061,1,6545,3199,3346,0,0,0,1.0,1,1.0,1,1.0,1,0.2768202249998028,72
4062,2,6547,3200,3347,0,0,0,1.0,1,1.0,1,1.0,1,0.25244256705693413,72
4063,4,6551,3202,3349,0,0,0,1.0,1,1.0,1,1.0,1,0.24506978189488235,72
4064,3,6554,3204,3350,0,0,0,1.0,1,1.0,1,1.0,1,0.2386235036683149,71
4065,3,6557,3206,3351,0,0,0,1.0,1,1.0,1,1.0,1,0.22070299219491873,70
4066,5,6562,3209,3353,0,0,0,1.0,1,1.0,1,1.0,1,0.23146524007584493,70
4067,3,6565,3210,3355,0,0,0,1.0,1,1.0,1,1.0,1,0.21158071030977543,68
4068,3,6568,3212,3356,0,0,0,1.0,1,1.0,1,1.0,1,0.21017202678695748,70
4069,2,6570,3213,3357,0,0,0,1.0,1,1.0,1,1.0,1,0.19681344983545343,68
4070,4,6574,3215,3359,0,0,0,1.0,1,1.0,1,1.0,1,0.19802991520493035,67
4071,3,6577,3216,3361,0,0,0,1.0,1,1.0,1,1.0,1,0.209912255890425,68
4072,5,6582,3219,3363,0,0,0,1.0,1,1.0,1,1.0,1,0.19165495729218204,70
4073,3,6585,3220,3365,0,0,0,1.0,1,1.0,1,1.0,1,0.15999010515476886,70
4074,5,6590,3223,3367,0,0,0,1.0,1,1.0,1,1.0,1,0.17928742103560408,71
4075,4,6594,3225,3369,0,0,0,1.0,1,1.0,1,1.0,1,0.16796387548365957,72
4076,5,6599,3228,3371,0,0,0,1.0,1,1.0,1,1.0,1,0.18708183894626174,73
4077,3,6602,3230,3372,0,0,0,1.0,1,1.0,1,1.0,1,0.21721972417864302,72
4078,4,6606,3234,3372,0,0,0,1.0,1,1.0,1,1.0,1,0.24145844071831127,71
4079,3,6609,3236,3373,0,0,0,1.0,1,1.0,1,1.0,1,0.23223328463547063,69
4080,2,6611,3237,3374,0,0,0,1.0,1,1.0,1,1.0,1,0.2400871585402883,67
4081,1,6612,3237,3375,0,0,0,1.0,1,1.0,1,1.0,1,0.23313919112190784,66
4082,1,6613,3237,3376,0,0,0,1.0,1,1.0,1,1.0,1,0.23009345002541262,65
4083,2,6615,3238,3377,0,0,0,1.0,1,1.0,1,1.0,1,0.2304934804621684,64
4084,4,6619,3240,3379,0,0,0,1.0,1,1.0,1,1.0,1,0.24204937197640547,64
4085,2,6621,3240,3381,0,0,0,1.0,1,1.0,1,1.0,1,0.2226698271100712,65
4086,4,6625,3241,3384,0,0,0,1.0,1,1.0,1,1.0,1,0.1871538849282427,66
4087,1,6626,3242,3384,0,0,0,1.0,1,1.0,1,1.0,1,0.18727591046473413,66
4088,0,6626,3242,3384,0,0,0,1.0,1,1.0,1,1.0,1,0.20176480541078368,65
4089,0,6626,3242,3384,0,0,0,1.0,1,1.0,1,1.0,1,0.20176480541078368,65
4090,0,6626,3242,3384,0,0,0,1.0,1,1.0,1,1.0,1,0.21156300312082799,65
4091,1,6627,3242,3385,0,0,0,1.0,1,1.0,1,1.0,1,0.2006986669439369,65
4092,1,6628,3242,3386,0,0,0,1.0,1,1.0,1,1.0,1,0.19703682135063735,64
4093,1,6629,3242,3387,0,0,0,1.0,1,1.0,1,1.0,1,0.19133907450796728,66
4094,2,6631,3243,3388,0,0,0,1.0,1,1.0,1,1.0,1,0.20379106676354625,65
4095,2,6633,3244,3389,0,0,0,1.0,1,1.0,1,1.0,1,0.20538819737255412,65
4096,2,6635,3245,3390,0,0,0,1.0,1,1.0,1,1.0,1,0.19056534512403112,67
4097,4,6639,3246,3393,0,0,0,1.0,1,1.0,1,1.0,1,0.1542654413362301,67
4098,3,6642,3247,3395,0,0,0,1.0,1,1.0,1,1.0,1,0.15815536027543678,68
4099,3,6645,3248,3397,0,0,0,1.0,1,1.0,1,1.0,1,0.15108303103839746,69
4100,2,6647,3249,3398,0,0,0,1.0,1,1.0,1,1.0,1,0.15348788602376026,70
4101,2,6649,3251,3398,0,0,0,1.0,1,1.0,1,1.0,1,0.1711906941643298,71
4102,1,6650,3252,3398,0,0,0,1.0,1,1.0,1,1.0,1,0.17908363009316214,71
4103,1,6651,3253,3398,0,0,0,1.0,1,1.0,1,1.0,1,0.18432464258795,71
4104,5,6656,3256,3400,0,0,0,1.0,1,1.0,1,1.0,1,0.19313324004918775,69
4105,2,6658,3256,3402,0,0,0,1.0,1,1.0,1,1.0,1,0.18913715927010752,67
4106,1,6659,3257,3402,0,0,0,1.0,1,1.0,1,1.0,1,0.1922762025325876,68
4107,3,6662,3257,3405,0,0,0,1.0,1,1.0,1,1.0,1,0.1670120095932667,70
4108,0,6662,3257,3405,0,0,0,1.0,1,1.0,1,1.0,1,0.1656570236959971,70
4109,0,6662,3257,3405,0,0,0,1.0,1,1.0,1,1.0,1,0.17072785131044624,69
4110,0,6662,3257,3405,0,0,0,1.0,1,1.0,1,1.0,1,0.15668592104704754,71
4111,1,6663,3257,3406,0,0,0,1.0,1,1.0,1,1.0,1,0.1399601544612471,70
4112,0,6663,3257,3406,0,0,0,1.0,1,1.0,1,1.0,1,0.1430808024515837,72
4113,0,6663,3257,3406,0,0,0,1.0,1,1.0,1,1.0,1,0.1430808024515837,72
4114,4,6667,3260,3407,0,0,0,1.0,1,1.0,1,1.0,1,0.18943781632626858,72
4115,1,6668,3260,3408,0,0,0,1.0,1,1.0,1,1.0,1,0.17108489584897077,70
4116,2,6670,3261,3409,0,0,0,1.0,1,1.0,1,1.0,1,0.18030785780265748,67
4117,3,6673,3262,3411,0,0,0,1.0,1,1.0,1,1.0,1,0.180254618402946,67
4118,0,6673,3262,3411,0,0,0,1.0,1,1.0,1,1.0,1,0.20053296193865597,66
4119,1,6674,3263,3411,0,0,0,1.0,1,1.0,1,1.0,1,0.22687512304729304,67
4120,1,6675,3263,3412,0,0,0,1.0,1,1.0,1,1.0,1,0.22636438264039443,64
4121,1,6676,3264,3412,0,0,0,1.0,1,1.0,1,1.0,1,0.25423049573668105,63
4122,5,6681,3268,3413,0,0,0,1.0,1,1.0,1,1.0,1,0.24432918299608677,63
4123,3,6684,3270,3414,0,0,0,1.0,1,1.0,1,1.0,1,0.23857757145019926,61
4124,5,6689,3272,3417,0,0,0,1.0,1,1.0,1,1.0,1,0.23734052054311958,62
4125,1,6690,3273,3417,0,0,0,1.0,1,1.0,1,1.0,1,0.2502069920840962,60
4126,1,6691,3274,3417,0,0,0,1.0,1,1.0,1,1.0,1,0.231104823334387,59
4127,1,6692,3275,3417,0,0,0,1.0,1,1.0,1,1.0,1,0.25203469057991035,60
4128,2,6694,3275,3419,0,0,0,1.0,1,1.0,1,1.0,1,0.2217289688506812,60
4129,2,6696,3275,3421,0,0,0,1.0,1,1.0,1,1.0,1,0.2137369260399279,60
4130,2,6698,3276,3422,0,0,0,1.0,1,1.0,1,1.0,1,0.20722109421278295,61
4131,2,6700,3277,3423,0,0,0,1.0,1,1.0,1,1.0,1,0.20884000922593746,60
4132,3,6703,3280,3423,0,0,0,1.0,1,1.0,1,1.0,1,0.2117334012766023,60
4133,2,6705,3281,3424,0,0,0,1.0,1,1.0,1,1.0,1,0.22455869662925257,62
4134,1,6706,3282,3424,0,0,0,1.0,1,1.0,1,1.0,1,0.21939576265249677,63
4135,3,6709,3283,3426,0,0,0,1.0,1,1.0,1,1.0,1,0.2001985481952416,65
4136,0,6709,3283,3426,0,0,0,1.0,1,1.0,1,1.0,1,0.2001985481952416,65
4137,1,6710,3284,3426,0,0,0,1.0,1,1.0,1,1.0,1,0.19730027505034867,66
4138,0,6710,3284,3426,0,0,0,1.0,1,1.0,1,1.0,1,0.20247249711138476,67
4139,2,6712,3286,3426,0,0,0,1.0,1,1.0,1,1.0,1,0.23378924536085283,67
4140,1,6713,3286,3427,0,0,0,1.0,1,1.0,1,1.0,1,0.2068759318634028,66
4141,1,6714,3286,3428,0,0,0,1.0,1,1.0,1,1.0,1,0.19817370711696908,67
4142,0,6714,3286,3428,0,0,0,1.0,1,1.0,1,1.0,1,0.19817370711696908,67
4143,2,6716,3287,3429,0,0,0,1.0,1,1.0,1,1.0,1,0.18498836459226864,66
4144,1,6717,3287,3430,0,0,0,1.0,1,1.0,1,1.0,1,0.18737549387978802,64
4145,2,6719,3288,3431,0,0,0,1.0,1,1.0,1,1.0,1,0.18558412595738236,63
4146,3,6722,3291,3431,0,0,0,1.0,1,1.0,1,1.0,1,0.19695878861281302,62
4147,0,6722,3291,3431,0,0,0,1.0,1,1.0,1,1.0,1,0.19731236107275887,60
4148,4,6726,3293,3433,0,0,0,1.0,1,1.0,1,1.0,1,0.18502634940960522,62
4149,2,6728,3294,3434,0,0,0,1.0,1,1.0,1,1.0,1,0.18074634210202095,61
4150,4,6732,3296,3436,0,0,0,1.0,1,1.0,1,1.0,1,0.15623960748941018,60
4151,3,6735,3296,3439,0,0,0,1.0,1,1.0,1,1.0,1,0.13769958959391787,60
4152,2,6737,3297,3440,0,0,0,1.0,1,1.0,1,1.0,1,0.14859903894228385,60
4153,0,6737,3297,3440,0,0,0,1.0,1,1.0,1,1.0,1,0.17858203340077403,58
4154,1,6738,3298,3440,0,0,0,1.0,1,1.0,1,1.0,1,0.17788256958069326,57
4155,3,6741,3300,3441,0,0,0,1.0,1,1.0,1,1.0,1,0.20020097252968663,57
4156,3,6744,3301,3443,0,0,0,1.0,1,1.0,1,1.0,1,0.20808924883210153,58
4157,0,6744,3301,3443,0,0,0,1.0,1,1.0,1,1.0,1,0.19949625218143188,57
4158,0,6744,3301,3443,0,0,0,1.0,1,1.0,1,1.0,1,0.22456993567331385,55
4159,2,6746,3301,3445,0,0,0,1.0,1,1.0,1,1.0,1,0.2112265705959631,57
4160,1,6747,3302,3445,0,0,0,1.0,1,1.0,1,1.0,1,0.2303780016760871,58
4161,1,6748,3302,3446,0,0,0,1.0,1,1.0,1,1.0,1,0.20863115609521377,58
4162,0,6748,3302,3446,0,0,0,1.0,1,1.0,1,1.0,1,0.2181762230150524,57
4163,1,6749,3303,3446,0,0,0,1.0,1,1.0,1,1.0,1,0.24591785894267953,58
4164,3,6752,3305,3447,0,0,0,1.0,1,1.0,1,1.0,1,0.2710420690564124,56
4165,4,6756,3306,3450,0,0,0,1.0,1,1.0,1,1.0,1,0.27957976037342847,58
4166,1,6757,3306,3451,0,0,0,1.0,1,1.0,1,1.0,1,0.2572670829339705,57
4167,3,6760,3307,3453,0,0,0,1.0,1,1.0,1,1.0,1,0.2573308727767579,57
4168,1,6761,3307,3454,0,0,0,1.0,1,1.0,1,1.0,1,0.24345927416571286,58
4169,2,6763,3308,3455,0,0,0,1.0,1,1.0,1,1.0,1,0.22729647102937706,58
4170,1,6764,3309,3455,0,0,0,1.0,1,1.0,1,1.0,1,0.24488557301428773,58
4171,0,6764,3309,3455,0,0,0,1.0,1,1.0,1,1.0,1,0.26688249477639653,57
4172,0,6764,3309,3455,0,0,0,1.0,1,1.0,1,1.0,1,0.26688249477639653,57
4173,2,6766,3309,3457,0,0,0,1.0,1,1.0,1,1.0,1,0.27482263753889397,56
4174,1,6767,3309,3458,0,0,0,1.0,1,1.0,1,1.0,1,0.26797572993787566,56
4175,3,6770,3309,3461,0,0,0,1.0,1,1.0,1,1.0,1,0.22402851279504124,55
4176,2,6772,3309,3463,0,0,0,1.0,1,1.0,1,1.0,1,0.2143200778545391,57
4177,1,6773,3309,3464,0,0,0,1.0,1,1.0,1,1.0,1,0.21661030317476956,58
4178,3,6776,3312,3464,0,0,0,1.0,1,1.0,1,1.0,1,0.24532610175583316,60
4179,5,6781,3313,3468,0,0,0,1.0,1,1.0,1,1.0,1,0.19472381944551315,61
4180,2,6783,3313,3470,0,0,0,1.0,1,1.0,1,1.0,1,0.17345896942431477,62
4181,0,6783,3313,3470,0,0,0,1.0,1,1.0,1,1.0,1,0.1827948749401405,63
4182,1,6784,3314,3470,0,0,0,1.0,1,1.0,1,1.0,1,0.20023498057178263,63
4183,0,6784,3314,3470,0,0,0,1.0,1,1.0,1,1.0,1,0.19769356168533633,63
4184,4,6788,3317,3471,0,0,0,1.0,1,1.0,1,1.0,1,0.19024494062633493,63
4185,0,6788,3317,3471,0,0,0,1.0,1,1.0,1,1.0,1,0.19434772195843814,61
4186,7,6795,3321,3474,0,0,0,1.0,1,1.0,1,1.0,1,0.15969712847786557,62
4187,2,6797,3321,3476,0,0,0,1.0,1,1.0,1,1.0,1,0.16103975647264993,60
4188,2,6799,3322,3477,0,0,0,1.0,1,1.0,1,1.0,1,0.16399297853731074,60
4189,1,6800,3322,3478,0,0,0,1.0,1,1.0,1,1.0,1,0.1435487608357974,60
4190,2,6802,3324,3478,0,0,0,1.0,1,1.0,1,1.0,1,0.16573393489981997,61
4191,1,6803,3325,3478,0,0,0,1.0,1,1.0,1,1.0,1,0.170578844433734,59
4192,2,6805,3327,3478,0,0,0,1.0,1,1.0,1,1.0,1,0.1667124455438368,58
4193,1,6806,3328,3478,0,0,0,1.0,1,1.0,1,1.0,1,0.18090561523343945,57
4194,1,6807,3329,3478,0,0,0,1.0,1,1.0,1,1.0,1,0.2321410150769027,54
4195,1,6808,3329,3479,0,0,0,1.0,1,1.0,1,1.0,1,0.22321306457057208,55
4196,1,6809,3330,3479,0,0,0,1.0,1,1.0,1,1.0,1,0.2573991422746432,56
4197,2,6811,3331,3480,0,0,0,1.0,1,1.0,1,1.0,1,0.25996716626090216,55
4198,2,6813,3332,3481,0,0,0,1.0,1,1.0,1,1.0,1,0.2829484881715237,56
4199,2,6815,3332,3483,0,0,0,1.0,1,1.0,1,1.0,1,0.25244856109325914,55
4200,1,6816,3332,3484,0,0,0,1.0,1,1.0,1,1.0,1,0.24638680852032216,55
4201,0,6816,3332,3484,0,0,0,1.0,1,1.0,1,1.0,1,0.2348102960565903,56
4202,0,6816,3332,3484,0,0,0,1.0,1,1.0,1,1.0,1,0.2348102960565903,56
4203,0,6816,3332,3484,0,0,0,1.0,1,1.0,1,1.0,1,0.24541794582318338,57
4204,2,6818,3333,3485,0,0,0,1.0,1,1.0,1,1.0,1,0.2300692441137926,57
4205,0,6818,3333,3485,0,0,0,1.0,1,1.0,1,1.0,1,0.22461305913386137,58
4206,2,6820,3335,3485,0,0,0,1.0,1,1.0,1,1.0,1,0.21676153615808424,58
4207,5,6825,3337,3488,0,0,0,1.0,1,1.0,1,1.0,1,0.1784949718437125,58
4208,2,6827,3338,3489,0,0,0,1.0,1,1.0,1,1.0,1,0.18278759762417623,60
4209,3,6830,3341,3489,0,0,0,1.0,1,1.0,1,1.0,1,0.19887470859187376,61
4210,3,6833,3341,3492,0,0,0,1.0,1,1.0,1,1.0,1,0.1355000197092918,62
4211,1,6834,3342,3492,0,0,0,1.0,1,1.0,1,1.0,1,0.15475930683647932,63
4212,0,6834,3342,3492,0,0,0,1.0,1,1.0,1,1.0,1,0.15143271566535407,64
4213,0,6834,3342,3492,0,0,0,1.0,1,1.0,1,1.0,1,0.15684515984876363,65
4214,0,6834,3342,3492,0,0,0,1.0,1,1.0,1,1.0,1,0.17273841378689453,65
4215,0,6834,3342,3492,0,0,0,1.0,1,1.0,1,1.0,1,0.17273841378689453,65
4216,0,6834,3342,3492,0,0,0,1.0,1,1.0,1,1.0,1,0.18422104537866613,64
4217,1,6835,3343,3492,0,0,0,1.0,1,1.0,1,1.0,1,0.20226644391399687,65
4218,0,6835,3343,3492,0,0,0,1.0,1,1.0,1,1.0,1,0.20226644391399687,65
4219,1,6836,3343,3493,0,0,0,1.0,1,1.0,1,1.0,1,0.19505328731545413,65
4220,0,6836,3343,3493,0,0,0,1.0,1,1.0,1,1.0,1,0.19505328731545413,65
4221,3,6839,3345,3494,0,0,0,1.0,1,1.0,1,1.0,1,0.2280466364461699,67
4222,2,6841,3346,3495,0,0,0,1.0,1,1.0,1,1.0,1,0.22864627245270155,68
4223,4,6845,3348,3497,0,0,0,1.0,1,1.0,1,1.0,1,0.2455032824118189,68
4224,2,6847,3348,3499,0,0,0,1.0,1,1.0,1,1.0,1,0.23213357107493365,68
4225,0,6847,3348,3499,0,0,0,1.0,1,1.0,1,1.0,1,0.2306031239940936,66
4226,0,6847,3348,3499,0,0,0,1.0,1,1.0,1,1.0,1,0.2304398887025949,66
4227,0,6847,3348,3499,0,0,0,1.0,1,1.0,1,1.0,1,0.2304398887025949,66
4228,0,6847,3348,3499,0,0,0,1.0,1,1.0,1,1.0,1,0.22539082415240624,65
4229,1,6848,3349,3499,0,0,0,1.0,1,1.0,1,1.0,1,0.23108315565593374,65
4230,2,6850,3350,3500,0,0,0,1.0,1,1.0,1,1.0,1,0.23392941185572635,64
4231,1,6851,3351,3500,0,0,0,1.0,1,1.0,1,1.0,1,0.24691684059722088,64
4232,3,6854,3352,3502,0,0,0,1.0,1,1.0,1,1.0,1,0.23890196043339232,65
4233,0,6854,3352,3502,0,0,0,1.0,1,1.0,1,1.0,1,0.23728958901552732,64
4234,2,6856,3353,3503,0,0,0,1.0,1,1.0,1,1.0,1,0.23255331442060959,63
4235,2,6858,3355,3503,0,0,0,1.0,1,1.0,1,1.0,1,0.23773856654964473,63
4236,3,6861,3355,3506,0,0,0,1.0,1,1.0,1,1.0,1,0.20192902741219185,63
4237,2,6863,3357,3506,0,0,0,1.0,1,1.0,1,1.0,1,0.22558985408540239,65
4238,2,6865,3357,3508,0,0,0,1.0,1,1.0,1,1.0,1,0.19836192458081522,65
4239,0,6865,3357,3508,0,0,0,1.0,1,1.0,1,1.0,1,0.19836192458081522,65
4240,1,6866,3358,3508,0,0,0,1.0,1,1.0,1,1.0,1,0.19171287486551886,66
4241,0,6866,3358,3508,0,0,0,1.0,1,1.0,1,1.0,1,0.19171287486551886,66
4242,1,6867,3358,3509,0,0,0,1.0,1,1.0,1,1.0,1,0.1834465696929348,69
4243,0,6867,3358,3509,0,0,0,1.0,1,1.0,1,1.0,1,0.1966166878880162,71
4244,0,6867,3358,3509,0,0,0,1.0,1,1.0,1,1.0,1,0.1966166878880162,71
4245,1,6868,3358,3510,0,0,0,1.0,1,1.0,1,1.0,1,0.18930666497793702,73
4246,1,6869,3358,3511,0,0,0,1.0,1,1.0,1,1.0,1,0.1710992035782237,74
4247,3,6872,3358,3514,0,0,0,1.0,1,1.0,1,1.0,1,0.15887638842061447,74
4248,0,6872,3358,3514,0,0,0,1.0,1,1.0,1,1.0,1,0.15887638842061447,74
4249,0,6872,3358,3514,0,0,0,1.0,1,1.0,1,1.0,1,0.15887638842061447,74
4250,0,6872,3358,3514,0,0,0,1.0,1,1.0,1,1.0,1,0.15887638842061447,74
4251,2,6874,3359,3515,0,0,0,1.0,1,1.0,1,1.0,1,0.16399544189622653,75
4252,3,6877,3361,3516,0,0,0,1.0,1,1.0,1,1.0,1,0.19906249586785446,75
4253,3,6880,3361,3519,0,0,0,1.0,1,1.0,1,1.0,1,0.1617601415588413,76
4254,2,6882,3363,3519,0,0,0,1.0,1,1.0,1,1.0,1,0.17347707501779427,75
4255,2,6884,3365,3519,0,0,0,1.0,1,1.0,1,1.0,1,0.18311988756079828,76
4256,2,6886,3366,3520,0,0,0,1.0,1,1.0,1,1.0,1,0.1826261266642152,78
4257,1,6887,3367,3520,0,0,0,1.0,1,1.0,1,1.0,1,0.18242462258630504,78
4258,1,6888,3368,3520,0,0,0,1.0,1,1.0,1,1.0,1,0.2119185982139165,77
4259,3,6891,3369,3522,0,0,0,1.0,1,1.0,1,1.0,1,0.2012499151256042,78
4260,3,6894,3369,3525,0,0,0,1.0,1,1.0,1,1.0,1,0.16432758009993956,77
4261,2,6896,3370,3526,0,0,0,1.0,1,1.0,1,1.0,1,0.16378222855460697,76
4262,0,6896,3370,3526,0,0,0,1.0,1,1.0,1,1.0,1,0.17404324558443557,75
4263,2,6898,3372,3526,0,0,0,1.0,1,1.0,1,1.0,1,0.16960733156208244,74
4264,1,6899,3372,3527,0,0,0,1.0,1,1.0,1,1.0,1,0.19985544361824092,74
4265,4,6903,3374,3529,0,0,0,1.0,1,1.0,1,1.0,1,0.18708906783286636,73
4266,5,6908,3374,3534,0,0,0,1.0,1,1.0,1,1.0,1,0.15619285585737547,71
4267,4,6912,3377,3535,0,0,0,1.0,1,1.0,1,1.0,1,0.16867334416477564,69
4268,3,6915,3379,3536,0,0,0,1.0,1,1.0,1,1.0,1,0.19546157083135465,67
4269,1,6916,3380,3536,0,0,0,1.0,1,1.0,1,1.0,1,0.19382643849387374,64
4270,2,6918,3381,3537,0,0,0,1.0,1,1.0,1,1.0,1,0.2169774709815491,63
4271,1,6919,3382,3537,0,0,0,1.0,1,1.0,1,1.0,1,0.2431884142835074,63
4272,1,6920,3383,3537,0,0,0,1.0,1,1.0,1,1.0,1,0.2500007055821543,62
4273,0,6920,3383,3537,0,0,0,1.0,1,1.0,1,1.0,1,0.2500007055821543,62
4274,4,6924,3383,3541,0,0,0,1.0,1,1.0,1,1.0,1,0.23909359754415496,62
4275,0,6924,3383,3541,0,0,0,1.0,1,1.0,1,1.0,1,0.22642887611394555,61
4276,1,6925,3383,3542,0,0,0,1.0,1,1.0,1,1.0,1,0.22383104111699337,62
4277,0,6925,3383,3542,0,0,0,1.0,1,1.0,1,1.0,1,0.23539968183865131,63
4278,0,6925,3383,3542,0,0,0,1.0,1,1.0,1,1.0,1,0.2273207621271909,64
4279,4,6929,3385,3544,0,0,0,1.0,1,1.0,1,1.0,1,0.22533560174086606,65
4280,6,6935,3387,3548,0,0,0,1.0,1,1.0,1,1.0,1,0.1921980525327613,65
4281,2,6937,3387,3550,0,0,0,1.0,1,1.0,1,1.0,1,0.17690271676104613,65
4282,3,6940,3390,3550,0,0,0,1.0,1,1.0,1,1.0,1,0.22320208430833607,66
4283,3,6943,3391,3552,0,0,0,1.0,1,1.0,1,1.0,1,0.2321936812767328,66
4284,2,6945,3392,3553,0,0,0,1.0,1,1.0,1,1.0,1,0.24969739107622335,66
4285,2,6947,3393,3554,0,0,0,1.0,1,1.0,1,1.0,1,0.24291241030430558,67
4286,2,6949,3393,3556,0,0,0,1.0,1,1.0,1,1.0,1,0.23540996518733645,67
4287,0,6949,3393,3556,0,0,0,1.0,1,1.0,1,1.0,1,0.23540996518733645,67
4288,2,6951,3393,3558,0,0,0,1.0,1,1.0,1,1.0,1,0.2041884446818903,68
4289,0,6951,3393,3558,0,0,0,1.0,1,1.0,1,1.0,1,0.2207066002376121,68
4290,0,6951,3393,3558,0,0,0,1.0,1,1.0,1,1.0,1,0.22388896772709344,70
4291,0,6951,3393,3558,0,0,0,1.0,1,1.0,1,1.0,1,0.2215111294715122,71
4292,1,6952,3393,3559,0,0,0,1.0,1,1.0,1,1.0,1,0.21520595324414715,71
4293,1,6953,3393,3560,0,0,0,1.0,1,1.0,1,1.0,1,0.21021368848968433,71
4294,0,6953,3393,3560,0,0,0,1.0,1,1.0,1,1.0,1,0.21021368848968433,71
4295,0,6953,3393,3560,0,0,0,1.0,1,1.0,1,1.0,1,0.2209795987369141,72
4296,1,6954,3394,3560,0,0,0,1.0,1,1.0,1,1.0,1,0.22474002635320223,73
4297,1,6955,3394,3561,0,0,0,1.0,1,1.0,1,1.0,1,0.21810596468807628,73
4298,0,6955,3394,3561,0,0,0,1.0,1,1.0,1,1.0,1,0.22339914319726414,74
4299,0,6955,3394,3561,0,0,0,1.0,1,1.0,1,1.0,1,0.21443400765179776,75
4300,1,6956,3394,3562,0,0,0,1.0,1,1.0,1,1.0,1,0.19706837072681935,75
4301,0,6956,3394,3562,0,0,0,1.0,1,1.0,1,1.0,1,0.19518454417464232,76
4302,1,6957,3395,3562,0,0,0,1.0,1,1.0,1,1.0,1,0.19232037623259707,76
4303,3,6960,3395,3565,0,0,0,1.0,1,1.0,1,1.0,1,0.16264329219612317,75
4304,2,6962,3396,3566,0,0,0,1.0,1,1.0,1,1.0,1,0.18321875275119304,75
4305,4,6966,3397,3569,0,0,0,1.0,1,1.0,1,1.0,1,0.18981487340586584,73
4306,6,6972,3399,3573,0,0,0,1.0,1,1.0,1,1.0,1,0.19710712685912266,74
4307,3,6975,3401,3574,0,0,0,1.0,1,1.0,1,1.0,1,0.21434048684583887,73
4308,1,6976,3402,3574,0,0,0,1.0,1,1.0,1,1.0,1,0.2399657837846003,71
4309,1,6977,3403,3574,0,0,0,1.0,1,1.0,1,1.0,1,0.24055789854799073,70
4310,2,6979,3404,3575,0,0,0,1.0,1,1.0,1,1.0,1,0.24333154418719702,69
4311,5,6984,3407,3577,0,0,0,1.0,1,1.0,1,1.0,1,0.23312640920587252,69
4312,1,6985,3407,3578,0,0,0,1.0,1,1.0,1,1.0,1,0.24653170432146113,66
4313,0,6985,3407,3578,0,0,0,1.0,1,1.0,1,1.0,1,0.24772814385102182,64
4314,4,6989,3408,3581,0,0,0,1.0,1,1.0,1,1.0,1,0.26100332042846036,61
4315,3,6992,3410,3582,0,0,0,1.0,1,1.0,1,1.0,1,0.2634754160061841,61
4316,2,6994,3411,3583,0,0,0,1.0,1,1.0,1,1.0,1,0.24758019443924772,60
4317,3,6997,3412,3585,0,0,0,1.0,1,1.0,1,1.0,1,0.22040004827843213,62
4318,2,6999,3412,3587,0,0,0,1.0,1,1.0,1,1.0,1,0.23674793495894333,59
4319,0,6999,3412,3587,0,0,0,1.0,1,1.0,1,1.0,1,0.22898085122456424,60
4320,0,6999,3412,3587,0,0,0,1.0,1,1.0,1,1.0,1,0.22898085122456424,60
4321,3,7002,3415,3587,0,0,0,1.0,1,1.0,1,1.0,1,0.2523610522559961,61
4322,1,7003,3416,3587,0,0,0,1.0,1,1.0,1,1.0,1,0.2595324538363364,61
4323,1,7004,3416,3588,0,0,0,1.0,1,1.0,1,1.0,1,0.25193184444310374,61
4324,0,7004,3416,3588,0,0,0,1.0,1,1.0,1,1.0,1,0.2628521659650942,60
4325,1,7005,3416,3589,0,0,0,1.0,1,1.0,1,1.0,1,0.2441084992960646,60
4326,0,7005,3416,3589,0,0,0,1.0,1,1.0,1,1.0,1,0.24096037623353636,61
4327,0,7005,3416,3589,0,0,0,1.0,1,1.0,1,1.0,1,0.24686892492344867,62
4328,1,7006,3416,3590,0,0,0,1.0,1,1.0,1,1.0,1,0.23475155058961233,62
4329,0,7006,3416,3590,0,0,0,1.0,1,1.0,1,1.0,1,0.22818304095686112,65
4330,1,7007,3416,3591,0,0,0,1.0,1,1.0,1,1.0,1,0.21695543674623713,65
4331,1,7008,3416,3592,0,0,0,1.0,1,1.0,1,1.0,1,0.20592996675718267,65
4332,3,7011,3417,3594,0,0,0,1.0,1,1.0,1,1.0,1,0.20209207434288795,66
4333,2,7013,3418,3595,0,0,0,1.0,1,1.0,1,1.0,1,0.18797745843108685,66
4334,1,7014,3419,3595,0,0,0,1.0,1,1.0,1,1.0,1,0.20672922406207425,66
4335,1,7015,3419,3596,0,0,0,1.0,1,1.0,1,1.0,1,0.20952338652323219,65
4336,2,7017,3421,3596,0,0,0,1.0,1,1.0,1,1.0,1,0.20622817303890476,67
4337,0,7017,3421,3596,0,0,0,1.0,1,1.0,1,1.0,1,0.23540615183836266,69
4338,1,7018,3421,3597,0,0,0,1.0,1,1.0,1,1.0,1,0.2237199784987012,70
4339,1,7019,3421,3598,0,0,0,1.0,1,1.0,1,1.0,1,0.2285894932492308,70
4340,1,7020,3421,3599,0,0,0,1.0,1,1.0,1,1.0,1,0.22722715320253245,71
4341,4,7024,3423,3601,0,0,0,1.0,1,1.0,1,1.0,1,0.21957359613378993,70
4342,2,7026,3425,3601,0,0,0,1.0,1,1.0,1,1.0,1,0.24543680365643492,71
4343,4,7030,3428,3602,0,0,0,1.0,1,1.0,1,1.0,1,0.28149834608197444,67
4344,7,7037,3431,3606,0,0,0,1.0,1,1.0,1,1.0,1,0.27424707586603003,67
4345,6,7043,3433,3610,0,0,0,1.0,1,1.0,1,1.0,1,0.25786005805782825,64
4346,3,7046,3435,3611,0,0,0,1.0,1,1.0,1,1.0,1,0.25629713793484415,64
4347,5,7051,3438,3613,0,0,0,1.0,1,1.0,1,1.0,1,0.28310539971015913,62
4348,4,7055,3440,3615,0,0,0,1.0,1,1.0,1,1.0,1,0.2790012129721847,62
4349,1,7056,3441,3615,0,0,0,1.0,1,1.0,1,1.0,1,0.3127332529465062,61
4350,2,7058,3442,3616,0,0,0,1.0,1,1.0,1,1.0,1,0.3017787958914307,60
4351,2,7060,3443,3617,0,0,0,1.0,1,1.0,1,1.0,1,0.2985452297705079,60
4352,1,7061,3443,3618,0,0,0,1.0,1,1.0,1,1.0,1,0.29875700857888676,57
4353,2,7063,3444,3619,0,0,0,1.0,1,1.0,1,1.0,1,0.28052796524334106,55
4354,3,7066,3445,3621,0,0,0,1.0,1,1.0,1,1.0,1,0.2848643524901659,55
4355,2,7068,3445,3623,0,0,0,1.0,1,1.0,1,1.0,1,0.28012408078503287,53
4356,0,7068,3445,3623,0,0,0,1.0,1,1.0,1,1.0,1,0.2624749529033012,55
4357,1,7069,3445,3624,0,0,0,1.0,1,1.0,1,1.0,1,0.27211270037071017,55
4358,4,7073,3446,3627,0,0,0,1.0,1,1.0,1,1.0,1,0.25515133794717915,55
4359,0,7073,3446,3627,0,0,0,1.0,1,1.0,1,1.0,1,0.2608396290500843,54
4360,1,7074,3447,3627,0,0,0,1.0,1,1.0,1,1.0,1,0.24683603917678984,55
4361,4,7078,3448,3630,0,0,0,1.0,1,1.0,1,1.0,1,0.23959249647263864,54
4362,1,7079,3448,3631,0,0,0,1.0,1,1.0,1,1.0,1,0.2185697833897685,55
4363,2,7081,3449,3632,0,0,0,1.0,1,1.0,1,1.0,1,0.18457860577411378,55
4364,2,7083,3451,3632,0,0,0,1.0,1,1.0,1,1.0,1,0.2074150114716414,55
4365,1,7084,3451,3633,0,0,0,1.0,1,1.0,1,1.0,1,0.21112043052244292,54
4366,2,7086,3453,3633,0,0,0,1.0,1,1.0,1,1.0,1,0.21928369874664716,54
4367,1,7087,3453,3634,0,0,0,1.0,1,1.0,1,1.0,1,0.213189093244238,57
4368,2,7089,3454,3635,0,0,0,1.0,1,1.0,1,1.0,1,0.2580050302124924,57
4369,2,7091,3454,3637,0,0,0,1.0,1,1.0,1,1.0,1,0.23474154921872317,58
4370,2,7093,3455,3638,0,0,0,1.0,1,1.0,1,1.0,1,0.24894270833696458,59
4371,0,7093,3455,3638,0,0,0,1.0,1,1.0,1,1.0,1,0.2456693642172528,60
4372,2,7095,3456,3639,0,0,0,1.0,1,1.0,1,1.0,1,0.237867139115086,60
4373,1,7096,3456,3640,0,0,0,1.0,1,1.0,1,1.0,1,0.2293717857906551,60
4374,1,7097,3457,3640,0,0,0,1.0,1,1.0,1,1.0,1,0.25646514389647995,59
4375,0,7097,3457,3640,0,0,0,1.0,1,1.0,1,1.0,1,0.26391107945074077,60
4376,1,7098,3457,3641,0,0,0,1.0,1,1.0,1,1.0,1,0.2693149689920329,60
4377,0,7098,3457,3641,0,0,0,1.0,1,1.0,1,1.0,1,0.2719061899197916,61
4378,1,7099,3457,3642,0,0,0,1.0,1,1.0,1,1.0,1,0.2267227165309046,64
4379,0,7099,3457,3642,0,0,0,1.0,1,1.0,1,1.0,1,0.2267227165309046,64
4380,3,7102,3460,3642,0,0,0,1.0,1,1.0,1,1.0,1,0.21506492862274962,65
4381,0,7102,3460,3642,0,0,0,1.0,1,1.0,1,1.0,1,0.21890345502748995,64
4382,3,7105,3462,3643,0,0,0,1.0,1,1.0,1,1.0,1,0.23358096334519102,64
4383,5,7110,3465,3645,0,0,0,1.0,1,1.0,1,1.0,1,0.24817070924891618,64
4384,1,7111,3466,3645,0,0,0,1.0,1,1.0,1,1.0,1,0.28836330571257474,60
4385,1,7112,3466,3646,0,0,0,1.0,1,1.0,1,1.0,1,0.26612507190194856,58
4386,3,7115,3468,3647,0,0,0,1.0,1,1.0,1,1.0,1,0.2828702030215961,58
4387,4,7119,3469,3650,0,0,0,1.0,1,1.0,1,1.0,1,0.2608721325973807,55
4388,2,7121,3470,3651,0,0,0,1.0,1,1.0,1,1.0,1,0.2649662623664123,56
4389,4,7125,3470,3655,0,0,0,1.0,1,1.0,1,1.0,1,0.2191090548312744,55
4390,2,7127,3471,3656,0,0,0,1.0,1,1.0,1,1.0,1,0.20330914671424588,55
4391,2,7129,3473,3656,0,0,0,1.0,1,1.0,1,1.0,1,0.20166914053718066,56
4392,0,7129,3473,3656,0,0,0,1.0,1,1.0,1,1.0,1,0.21865449176572535,56
4393,1,7130,3474,3656,0,0,0,1.0,1,1.0,1,1.0,1,0.25413310000268197,55
4394,2,7132,3476,3656,0,0,0,1.0,1,1.0,1,1.0,1,0.26435198025431,53
4395,2,7134,3478,3656,0,0,0,1.0,1,1.0,1,1.0,1,0.28989047664377177,53
4396,4,7138,3481,3657,0,0,0,1.0,1,1.0,1,1.0,1,0.31490833065718354,53
4397,1,7139,3482,3657,0,0,0,1.0,1,1.0,1,1.0,1,0.33553947966033654,50
4398,0,7139,3482,3657,0,0,0,1.0,1,1.0,1,1.0,1,0.36464510683274654,50
4399,1,7140,3482,3658,0,0,0,1.0,1,1.0,1,1.0,1,0.3505833396733577,52
4400,3,7143,3483,3660,0,0,0,1.0,1,1.0,1,1.0,1,0.3414065998106795,55
4401,1,7144,3483,3661,0,0,0,1.0,1,1.0,1,1.0,1,0.3224106358768461,56
4402,0,7144,3483,3661,0,0,0,1.0,1,1.0,1,1.0,1,0.3224106358768461,56
4403,3,7147,3485,3662,0,0,0,1.0,1,1.0,1,1.0,1,0.30423569543263335,57
4404,0,7147,3485,3662,0,0,0,1.0,1,1.0,1,1.0,1,0.30423569543263335,57
4405,0,7147,3485,3662,0,0,0,1.0,1,1.0,1,1.0,1,0.3004900842905615,58
4406,0,7147,3485,3662,0,0,0,1.0,1,1.0,1,1.0,1,0.3004900842905615,58
4407,0,7147,3485,3662,0,0,0,1.0,1,1.0,1,1.0,1,0.3004900842905615,58
4408,1,7148,3486,3662,0,0,0,1.0,1,1.0,1,1.0,1,0.3160206074203964,59
4409,0,7148,3486,3662,0,0,0,1.0,1,1.0,1,1.0,1,0.3160206074203964,59
4410,0,7148,3486,3662,0,0,0,1.0,1,1.0,1,1.0,1,0.3160206074203964,59
4411,0,7148,3486,3662,0,0,0,1.0,1,1.0,1,1.0,1,0.3053308190313669,62
4412,0,7148,3486,3662,0,0,0,1.0,1,1.0,1,1.0,1,0.29923864945934586,63
4413,0,7148,3486,3662,0,0,0,1.0,1,1.0,1,1.0,1,0.29923864945934586,63
4414,3,7151,3486,3665,0,0,0,1.0,1,1.0,1,1.0,1,0.27855478150288127,64
4415,1,7152,3486,3666,0,0,0,1.0,1,1.0,1,1.0,1,0.2699613213255649,64
4416,0,7152,3486,3666,0,0,0,1.0,1,1.0,1,1.0,1,0.2699613213255649,64
4417,1,7153,3486,3667,0,0,0,1.0,1,1.0,1,1.0,1,0.2645907920811727,65
4418,1,7154,3487,3667,0,0,0,1.0,1,1.0,1,1.0,1,0.283518216928641,65
4419,1,7155,3487,3668,0,0,0,1.0,1,1.0,1,1.0,1,0.3185845726440817,62
4420,2,7157,3487,3670,0,0,0,1.0,1,1.0,1,1.0,1,0.30096468670258414,62
4421,3,7160,3488,3672,0,0,0,1.0,1,1.0,1,1.0,1,0.2952732522055643,65
4422,2,7162,3489,3673,0,0,0,1.0,1,1.0,1,1.0,1,0.2995067679958082,64
4423,1,7163,3490,3673,0,0,0,1.0,1,1.0,1,1.0,1,0.29733168422002837,63
4424,3,7166,3491,3675,0,0,0,1.0,1,1.0,1,1.0,1,0.283683996986739,63
4425,4,7170,3493,3677,0,0,0,1.0,1,1.0,1,1.0,1,0.2793998082080167,63
4426,5,7175,3495,3680,0,0,0,1.0,1,1.0,1,1.0,1,0.2496604322109642,63
4427,1,7176,3495,3681,0,0,0,1.0,1,1.0,1,1.0,1,0.22884238475299679,62
4428,1,7177,3495,3682,0,0,0,1.0,1,1.0,1,1.0,1,0.2136878652462872,61
4429,3,7180,3496,3684,0,0,0,1.0,1,1.0,1,1.0,1,0.22953474593171444,62
4430,2,7182,3497,3685,0,0,0,1.0,1,1.0,1,1.0,1,0.22449387852485858,60
4431,2,7184,3499,3685,0,0,0,1.0,1,1.0,1,1.0,1,0.20147930180391171,59
4432,2,7186,3500,3686,0,0,0,1.0,1,1.0,1,1.0,1,0.20101839922820447,60
4433,3,7189,3502,3687,0,0,0,1.0,1,1.0,1,1.0,1,0.19629002473392335,61
4434,4,7193,3504,3689,0,0,0,1.0,1,1.0,1,1.0,1,0.17310911141511623,61
4435,2,7195,3505,3690,0,0,0,1.0,1,1.0,1,1.0,1,0.18486297755077638,61
4436,1,7196,3506,3690,0,0,0,1.0,1,1.0,1,1.0,1,0.21198308201519067,61
4437,5,7201,3510,3691,0,0,0,1.0,1,1.0,1,1.0,1,0.22350252630340653,61
4438,2,7203,3510,3693,0,0,0,1.0,1,1.0,1,1.0,1,0.21242591533776306,62
4439,2,7205,3511,3694,0,0,0,1.0,1,1.0,1,1.0,1,0.20780722627702747,63
4440,1,7206,3511,3695,0,0,0,1.0,1,1.0,1,1.0,1,0.19555917308161505,64
4441,0,7206,3511,3695,0,0,0,1.0,1,1.0,1,1.0,1,0.19555917308161505,64
4442,3,7209,3512,3697,0,0,0,1.0,1,1.0,1,1.0,1,0.17242840649520721,67
4443,1,7210,3512,3698,0,0,0,1.0,1,1.0,1,1.0,1,0.1555601073252736,68
4444,2,7212,3513,3699,0,0,0,1.0,1,1.0,1,1.0,1,0.17094390920882976,69
4445,5,7217,3514,3703,0,0,0,1.0,1,1.0,1,1.0,1,0.16837097656521746,71
4446,1,7218,3514,3704,0,0,0,1.0,1,1.0,1,1.0,1,0.15757291045490074,71
4447,1,7219,3514,3705,0,0,0,1.0,1,1.0,1,1.0,1,0.15235380744567975,72
4448,0,7219,3514,3705,0,0,0,1.0,1,1.0,1,1.0,1,0.16091213527615764,71
4449,2,7221,3515,3706,0,0,0,1.0,1,1.0,1,1.0,1,0.16377101133037777,70
4450,0,7221,3515,3706,0,0,0,1.0,1,1.0,1,1.0,1,0.17182616218074864,69
4451,1,7222,3515,3707,0,0,0,1.0,1,1.0,1,1.0,1,0.1653379508867983,69
4452,1,7223,3515,3708,0,0,0,1.0,1,1.0,1,1.0,1,0.15225967345912975,70
4453,1,7224,3515,3709,0,0,0,1.0,1,1.0,1,1.0,1,0.159337097062296,70
4454,4,7228,3517,3711,0,0,0,1.0,1,1.0,1,1.0,1,0.16947616644585414,71
4455,0,7228,3517,3711,0,0,0,1.0,1,1.0,1,1.0,1,0.18358891690941018,71
4456,3,7231,3519,3712,0,0,0,1.0,1,1.0,1,1.0,1,0.16375217522985802,71
4457,4,7235,3521,3714,0,0,0,1.0,1,1.0,1,1.0,1,0.13786558706361762,69
4458,2,7237,3523,3714,0,0,0,1.0,1,1.0,1,1.0,1,0.15242187553748723,70
4459,1,7238,3524,3714,0,0,0,1.0,1,1.0,1,1.0,1,0.17028935975509985,68
4460,4,7242,3528,3714,0,0,0,1.0,1,1.0,1,1.0,1,0.21045066261871834,68
4461,5,7247,3529,3718,0,0,0,1.0,1,1.0,1,1.0,1,0.14903649997919025,67
4462,4,7251,3532,3719,0,0,0,1.0,1,1.0,1,1.0,1,0.16494948598778342,66
4463,4,7255,3536,3719,0,0,0,1.0,1,1.0,1,1.0,1,0.18336429648629415,65
4464,4,7259,3539,3720,0,0,0,1.0,1,1.0,1,1.0,1,0.23323361633115502,62
4465,6,7265,3542,3723,0,0,0,1.0,1,1.0,1,1.0,1,0.22288711156171506,61
4466,1,7266,3542,3724,0,0,0,1.0,1,1.0,1,1.0,1,0.2155220688236879,60
4467,4,7270,3543,3727,0,0,0,1.0,1,1.0,1,1.0,1,0.17511979631518623,58
4468,1,7271,3544,3727,0,0,0,1.0,1,1.0,1,1.0,1,0.1963671388150831,57
4469,3,7274,3546,3728,0,0,0,1.0,1,1.0,1,1.0,1,0.2147067119127294,56
4470,2,7276,3547,3729,0,0,0,1.0,1,1.0,1,1.0,1,0.21889584513908172,55
4471,1,7277,3548,3729,0,0,0,1.0,1,1.0,1,1.0,1,0.22073722114817482,55
4472,3,7280,3551,3729,0,0,0,1.0,1,1.0,1,1.0,1,0.23534185186241705,55
4473,2,7282,3552,3730,0,0,0,1.0,1,1.0,1,1.0,1,0.2262809124929427,55
4474,6,7288,3554,3734,0,0,0,1.0,1,1.0,1,1.0,1,0.20695871165427726,55
4475,1,7289,3554,3735,0,0,0,1.0,1,1.0,1,1.0,1,0.15783291395181187,56
4476,0,7289,3554,3735,0,0,0,1.0,1,1.0,1,1.0,1,0.15627767608056795,56
4477,0,7289,3554,3735,0,0,0,1.0,1,1.0,1,1.0,1,0.1679011380396315,57
4478,1,7290,3554,3736,0,0,0,1.0,1,1.0,1,1.0,1,0.16072101098621808,55
4479,2,7292,3555,3737,0,0,0,1.0,1,1.0,1,1.0,1,0.15573835589261847,55
4480,0,7292,3555,3737,0,0,0,1.0,1,1.0,1,1.0,1,0.16792121947877728,54
4481,0,7292,3555,3737,0,0,0,1.0,1,1.0,1,1.0,1,0.21270932784081473,53
4482,2,7294,3557,3737,0,0,0,1.0,1,1.0,1,1.0,1,0.20658069853187144,54
4483,0,7294,3557,3737,0,0,0,1.0,1,1.0,1,1.0,1,0.20679009243239618,55
4484,3,7297,3559,3738,0,0,0,1.0,1,1.0,1,1.0,1,0.21297414032677214,57
4485,3,7300,3561,3739,0,0,0,1.0,1,1.0,1,1.0,1,0.22669163013557284,60
4486,4,7304,3564,3740,0,0,0,1.0,1,1.0,1,1.0,1,0.19957685101789607,60
4487,0,7304,3564,3740,0,0,0,1.0,1,1.0,1,1.0,1,0.19957685101789607,60
4488,0,7304,3564,3740,0,0,0,1.0,1,1.0,1,1.0,1,0.19957685101789607,60
4489,1,7305,3565,3740,0,0,0,1.0,1,1.0,1,1.0,1,0.20158843321553455,60
4490,0,7305,3565,3740,0,0,0,1.0,1,1.0,1,1.0,1,0.20158843321553455,60
4491,1,7306,3566,3740,0,0,0,1.0,1,1.0,1,1.0,1,0.20152135470902655,61
4492,2,7308,3567,3741,0,0,0,1.0,1,1.0,1,1.0,1,0.16680174632505823,61
4493,1,7309,3568,3741,0,0,0,1.0,1,1.0,1,1.0,1,0.1755548651154975,60
4494,3,7312,3570,3742,0,0,0,1.0,1,1.0,1,1.0,1,0.170624618045779,61
4495,1,7313,3570,3743,0,0,0,1.0,1,1.0,1,1.0,1,0.16099005365255475,59
4496,0,7313,3570,3743,0,0,0,1.0,1,1.0,1,1.0,1,0.18637780914737329,60
4497,1,7314,3571,3743,0,0,0,1.0,1,1.0,1,1.0,1,0.21200241855423332,59
4498,1,7315,3572,3743,0,0,0,1.0,1,1.0,1,1.0,1,0.21140770797025196,57
4499,5,7320,3574,3746,0,0,0,1.0,1,1.0,1,1.0,1,0.20796082592688037,58
4500,2,7322,3575,3747,0,0,0,1.0,1,1.0,1,1.0,1,0.18691462983361495,56
4501,1,7323,3576,3747,0,0,0,1.0,1,1.0,1,1.0,1,0.2380730121501924,57
4502,7,7330,3579,3751,0,0,0,1.0,1,1.0,1,1.0,1,0.2137356473382452,56
4503,4,7334,3580,3754,0,0,0,1.0,1,1.0,1,1.0,1,0.18067401141486775,54
4504,2,7336,3581,3755,0,0,0,1.0,1,1.0,1,1.0,1,0.16355960469419176,54
4505,2,7338,3583,3755,0,0,0,1.0,1,1.0,1,1.0,1,0.17175173243278286,51
4506,0,7338,3583,3755,0,0,0,1.0,1,1.0,1,1.0,1,0.17560355003321343,49
4507,1,7339,3584,3755,0,0,0,1.0,1,1.0,1,1.0,1,0.1939213415807853,48
4508,2,7341,3584,3757,0,0,0,1.0,1,1.0,1,1.0,1,0.19731372447323053,48
4509,2,7343,3586,3757,0,0,0,1.0,1,1.0,1,1.0,1,0.222346814024428,46
4510,1,7344,3586,3758,0,0,0,1.0,1,1.0,1,1.0,1,0.22436803914271647,44
4511,3,7347,3587,3760,0,0,0,1.0,1,1.0,1,1.0,1,0.23482306470231837,45
4512,2,7349,3588,3761,0,0,0,1.0,1,1.0,1,1.0,1,0.21733391460598647,46
4513,1,7350,3588,3762,0,0,0,1.0,1,1.0,1,1.0,1,0.2274949017588863,45
4514,0,7350,3588,3762,0,0,0,1.0,1,1.0,1,1.0,1,0.21108589635810418,46
4515,1,7351,3588,3763,0,0,0,1.0,1,1.0,1,1.0,1,0.21095014278675564,48
4516,1,7352,3589,3763,0,0,0,1.0,1,1.0,1,1.0,1,0.20564073165576843,49
4517,2,7354,3590,3764,0,0,0,1.0,1,1.0,1,1.0,1,0.18755506450565446,50
4518,2,7356,3592,3764,0,0,0,1.0,1,1.0,1,1.0,1,0.18568357923263698,50
4519,3,7359,3594,3765,0,0,0,1.0,1,1.0,1,1.0,1,0.18406872202942506,49
4520,1,7360,3594,3766,0,0,0,1.0,1,1.0,1,1.0,1,0.18443511553278763,50
4521,2,7362,3595,3767,0,0,0,1.0,1,1.0,1,1.0,1,0.1517621549561518,50
4522,0,7362,3595,3767,0,0,0,1.0,1,1.0,1,1.0,1,0.1517621549561518,50
4523,0,7362,3595,3767,0,0,0,1.0,1,1.0,1,1.0,1,0.15261410218631152,51
4524,2,7364,3596,3768,0,0,0,1.0,1,1.0,1,1.0,1,0.15911544147765716,52
4525,2,7366,3597,3769,0,0,0,1.0,1,1.0,1,1.0,1,0.1552623976881192,53
4526,0,7366,3597,3769,0,0,0,1.0,1,1.0,1,1.0,1,0.14773708955912726,54
4527,1,7367,3598,3769,0,0,0,1.0,1,1.0,1,1.0,1,0.1524174482137312,55
4528,0,7367,3598,3769,0,0,0,1.0,1,1.0,1,1.0,1,0.1524174482137312,55
4529,2,7369,3598,3771,0,0,0,1.0,1,1.0,1,1.0,1,0.15792132825435698,55
4530,0,7369,3598,3771,0,0,0,1.0,1,1.0,1,1.0,1,0.1605061783293245,56
4531,7,7376,3602,3774,0,0,0,1.0,1,1.0,1,1.0,1,0.1757884237399324,56
4532,1,7377,3603,3774,0,0,0,1.0,1,1.0,1,1.0,1,0.2127707642144452,55
4533,1,7378,3604,3774,0,0,0,1.0,1,1.0,1,1.0,1,0.23972745224504338,54
4534,2,7380,3604,3776,0,0,0,1.0,1,1.0,1,1.0,1,0.22443947632372643,55
4535,1,7381,3604,3777,0,0,0,1.0,1,1.0,1,1.0,1,0.19545855277941293,52
4536,1,7382,3605,3777,0,0,0,1.0,1,1.0,1,1.0,1,0.20643349122130875,53
4537,1,7383,3606,3777,0,0,0,1.0,1,1.0,1,1.0,1,0.191518341581629,52
4538,2,7385,3607,3778,0,0,0,1.0,1,1.0,1,1.0,1,0.2111489616173828,52
4539,2,7387,3608,3779,0,0,0,1.0,1,1.0,1,1.0,1,0.23131753086571927,53
4540,4,7391,3609,3782,0,0,0,1.0,1,1.0,1,1.0,1,0.23080193760751702,54
4541,2,7393,3609,3784,0,0,0,1.0,1,1.0,1,1.0,1,0.21658053773760227,53
4542,3,7396,3612,3784,0,0,0,1.0,1,1.0,1,1.0,1,0.23642222768266818,53
4543,4,7400,3613,3787,0,0,0,1.0,1,1.0,1,1.0,1,0.2144387797018887,53
4544,4,7404,3614,3790,0,0,0,1.0,1,1.0,1,1.0,1,0.19300948356705866,52
4545,2,7406,3614,3792,0,0,0,1.0,1,1.0,1,1.0,1,0.17747014801193176,50
4546,1,7407,3614,3793,0,0,0,1.0,1,1.0,1,1.0,1,0.1541636593502826,49
4547,1,7408,3615,3793,0,0,0,1.0,1,1.0,1,1.0,1,0.15349963428737493,49
4548,0,7408,3615,3793,0,0,0,1.0,1,1.0,1,1.0,1,0.15349963428737493,49
4549,1,7409,3616,3793,0,0,0,1.0,1,1.0,1,1.0,1,0.16236884571970833,50
4550,1,7410,3617,3793,0,0,0,1.0,1,1.0,1,1.0,1,0.17738197454431523,49
4551,0,7410,3617,3793,0,0,0,1.0,1,1.0,1,1.0,1,0.17738197454431523,49
4552,0,7410,3617,3793,0,0,0,1.0,1,1.0,1,1.0,1,0.17738197454431523,49
4553,2,7412,3619,3793,0,0,0,1.0,1,1.0,1,1.0,1,0.23376683163648948,49
4554,1,7413,3620,3793,0,0,0,1.0,1,1.0,1,1.0,1,0.25550027535158454,49
4555,3,7416,3621,3795,0,0,0,1.0,1,1.0,1,1.0,1,0.21984438937390183,48
4556,1,7417,3621,3796,0,0,0,1.0,1,1.0,1,1.0,1,0.20707911725906628,48
4557,2,7419,3622,3797,0,0,0,1.0,1,1.0,1,1.0,1,0.2378833925727946,49
4558,1,7420,3623,3797,0,0,0,1.0,1,1.0,1,1.0,1,0.20930683588349747,49
4559,1,7421,3623,3798,0,0,0,1.0,1,1.0,1,1.0,1,0.21452920250941407,50
4560,2,7423,3623,3800,0,0,0,1.0,1,1.0,1,1.0,1,0.21862133931846603,51
4561,0,7423,3623,3800,0,0,0,1.0,1,1.0,1,1.0,1,0.21867296215658244,52
4562,1,7424,3624,3800,0,0,0,1.0,1,1.0,1,1.0,1,0.2582699520992835,53
4563,1,7425,3624,3801,0,0,0,1.0,1,1.0,1,1.0,1,0.23424227920600538,52
4564,1,7426,3624,3802,0,0,0,1.0,1,1.0,1,1.0,1,0.2163164987519046,54
4565,2,7428,3625,3803,0,0,0,1.0,1,1.0,1,1.0,1,0.2284883147338976,55
4566,2,7430,3625,3805,0,0,0,1.0,1,1.0,1,1.0,1,0.2016174785726507,55
4567,2,7432,3626,3806,0,0,0,1.0,1,1.0,1,1.0,1,0.1886971184071631,56
4568,3,7435,3627,3808,0,0,0,1.0,1,1.0,1,1.0,1,0.17590958648705243,58
4569,0,7435,3627,3808,0,0,0,1.0,1,1.0,1,1.0,1,0.18376946021676566,59
4570,1,7436,3628,3808,0,0,0,1.0,1,1.0,1,1.0,1,0.174390385250175,59
4571,0,7436,3628,3808,0,0,0,1.0,1,1.0,1,1.0,1,0.16931346124669405,57
4572,3,7439,3630,3809,0,0,0,1.0,1,1.0,1,1.0,1,0.18374953560275178,56
4573,1,7440,3631,3809,0,0,0,1.0,1,1.0,1,1.0,1,0.2049880345041002,56
4574,2,7442,3631,3811,0,0,0,1.0,1,1.0,1,1.0,1,0.21588727785495448,55
4575,1,7443,3632,3811,0,0,0,1.0,1,1.0,1,1.0,1,0.22821011554116255,55
4576,1,7444,3632,3812,0,0,0,1.0,1,1.0,1,1.0,1,0.24523527243130824,55
4577,0,7444,3632,3812,0,0,0,1.0,1,1.0,1,1.0,1,0.26015576848421357,54
4578,1,7445,3633,3812,0,0,0,1.0,1,1.0,1,1.0,1,0.2557341429991119,54
4579,1,7446,3633,3813,0,0,0,1.0,1,1.0,1,1.0,1,0.23797436521795176,54
4580,1,7447,3633,3814,0,0,0,1.0,1,1.0,1,1.0,1,0.219426962353844,55
4581,1,7448,3634,3814,0,0,0,1.0,1,1.0,1,1.0,1,0.24328628213206613,56
4582,0,7448,3634,3814,0,0,0,1.0,1,1.0,1,1.0,1,0.24328628213206613,56
4583,1,7449,3635,3814,0,0,0,1.0,1,1.0,1,1.0,1,0.2536213586763788,57
4584,1,7450,3636,3814,0,0,0,1.0,1,1.0,1,1.0,1,0.2787819629232891,57
4585,1,7451,3636,3815,0,0,0,1.0,1,1.0,1,1.0,1,0.2476189291507802,57
4586,0,7451,3636,3815,0,0,0,1.0,1,1.0,1,1.0,1,0.2476189291507802,57
4587,0,7451,3636,3815,0,0,0,1.0,1,1.0,1,1.0,1,0.2476189291507802,57
4588,0,7451,3636,3815,0,0,0,1.0,1,1.0,1,1.0,1,0.25533146367247467,58
4589,0,7451,3636,3815,0,0,0,1.0,1,1.0,1,1.0,1,0.2603614382681094,59
4590,1,7452,3636,3816,0,0,0,1.0,1,1.0,1,1.0,1,0.2582105306415917,60
4591,1,7453,3636,3817,0,0,0,1.0,1,1.0,1,1.0,1,0.2568466334981232,61
4592,1,7454,3636,3818,0,0,0,1.0,1,1.0,1,1.0,1,0.258829943616874,62
4593,1,7455,3636,3819,0,0,0,1.0,1,1.0,1,1.0,1,0.23062063364856147,64
4594,0,7455,3636,3819,0,0,0,1.0,1,1.0,1,1.0,1,0.23062063364856147,64
4595,1,7456,3636,3820,0,0,0,1.0,1,1.0,1,1.0,1,0.2291287696161785,63
4596,0,7456,3636,3820,0,0,0,1.0,1,1.0,1,1.0,1,0.2291287696161785,63
4597,2,7458,3637,3821,0,0,0,1.0,1,1.0,1,1.0,1,0.20887465399706814,63
4598,3,7461,3638,3823,0,0,0,1.0,1,1.0,1,1.0,1,0.18564095651875928,65
4599,1,7462,3638,3824,0,0,0,1.0,1,1.0,1,1.0,1,0.1682660451888225,66
4600,3,7465,3639,3826,0,0,0,1.0,1,1.0,1,1.0,1,0.16646163925400234,67
4601,1,7466,3639,3827,0,0,0,1.0,1,1.0,1,1.0,1,0.16069124444054053,67
4602,1,7467,3639,3828,0,0,0,1.0,1,1.0,1,1.0,1,0.1558791113564383,69
4603,1,7468,3640,3828,0,0,0,1.0,1,1.0,1,1.0,1,0.1750426660250676,69
4604,1,7469,3640,3829,0,0,0,1.0,1,1.0,1,1.0,1,0.16193027371452773,69
4605,0,7469,3640,3829,0,0,0,1.0,1,1.0,1,1.0,1,0.15971531107992348,70
4606,0,7469,3640,3829,0,0,0,1.0,1,1.0,1,1.0,1,0.15971531107992348,70
4607,0,7469,3640,3829,0,0,0,1.0,1,1.0,1,1.0,1,0.16567535968568955,72
4608,1,7470,3640,3830,0,0,0,1.0,1,1.0,1,1.0,1,0.16450424343622316,73
4609,2,7472,3642,3830,0,0,0,1.0,1,1.0,1,1.0,1,0.20507183785361624,72
4610,6,7478,3643,3835,0,0,0,1.0,1,1.0,1,1.0,1,0.1745781531554459,72
4611,0,7478,3643,3835,0,0,0,1.0,1,1.0,1,1.0,1,0.19610646927385628,71
4612,4,7482,3645,3837,0,0,0,1.0,1,1.0,1,1.0,1,0.2161545318835619,70
4613,0,7482,3645,3837,0,0,0,1.0,1,1.0,1,1.0,1,0.20666551736467442,69
4614,0,7482,3645,3837,0,0,0,1.0,1,1.0,1,1.0,1,0.1999843064978252,68
4615,1,7483,3646,3837,0,0,0,1.0,1,1.0,1,1.0,1,0.21045524779465774,68
4616,0,7483,3646,3837,0,0,0,1.0,1,1.0,1,1.0,1,0.24668166306772651,65
4617,3,7486,3648,3838,0,0,0,1.0,1,1.0,1,1.0,1,0.22838843411812204,66
4618,4,7490,3649,3841,0,0,0,1.0,1,1.0,1,1.0,1,0.21459245723996645,66
4619,1,7491,3649,3842,0,0,0,1.0,1,1.0,1,1.0,1,0.2047623942575356,65
4620,2,7493,3650,3843,0,0,0,1.0,1,1.0,1,1.0,1,0.2104524850854582,65
4621,4,7497,3652,3845,0,0,0,1.0,1,1.0,1,1.0,1,0.23063919040542422,67
4622,0,7497,3652,3845,0,0,0,1.0,1,1.0,1,1.0,1,0.24423332924238286,65
4623,1,7498,3653,3845,0,0,0,1.0,1,1.0,1,1.0,1,0.24272405036428032,66
4624,3,7501,3656,3845,0,0,0,1.0,1,1.0,1,1.0,1,0.26540347851093093,65
4625,4,7505,3656,3849,0,0,0,1.0,1,1.0,1,1.0,1,0.22463711500898417,64
4626,5,7510,3658,3852,0,0,0,1.0,1,1.0,1,1.0,1,0.20570277120775537,63
4627,5,7515,3659,3856,0,0,0,1.0,1,1.0,1,1.0,1,0.15315443395576567,65
4628,0,7515,3659,3856,0,0,0,1.0,1,1.0,1,1.0,1,0.1571069386160999,64
4629,1,7516,3660,3856,0,0,0,1.0,1,1.0,1,1.0,1,0.1651310878874488,64
4630,1,7517,3660,3857,0,0,0,1.0,1,1.0,1,1.0,1,0.14758914603151677,64
4631,3,7520,3661,3859,0,0,0,1.0,1,1.0,1,1.0,1,0.18424496820121708,66
4632,1,7521,3661,3860,0,0,0,1.0,1,1.0,1,1.0,1,0.18096696005925322,65
4633,0,7521,3661,3860,0,0,0,1.0,1,1.0,1,1.0,1,0.17275365362721792,66
4634,1,7522,3662,3860,0,0,0,1.0,1,1.0,1,1.0,1,0.17405951450381824,66
4635,0,7522,3662,3860,0,0,0,1.0,1,1.0,1,1.0,1,0.1742621702370615,66
4636,0,7522,3662,3860,0,0,0,1.0,1,1.0,1,1.0,1,0.1742621702370615,66
4637,1,7523,3662,3861,0,0,0,1.0,1,1.0,1,1.0,1,0.15415730696113936,68
4638,0,7523,3662,3861,0,0,0,1.0,1,1.0,1,1.0,1,0.15415730696113936,68
4639,2,7525,3663,3862,0,0,0,1.0,1,1.0,1,1.0,1,0.1473367940336236,69
4640,1,7526,3663,3863,0,0,0,1.0,1,1.0,1,1.0,1,0.14018467884679045,69
4641,1,7527,3664,3863,0,0,0,1.0,1,1.0,1,1.0,1,0.1615704497332482,70
4642,1,7528,3664,3864,0,0,0,1.0,1,1.0,1,1.0,1,0.15128620863500666,69
4643,2,7530,3665,3865,0,0,0,1.0,1,1.0,1,1.0,1,0.16024429797232245,70
4644,1,7531,3666,3865,0,0,0,1.0,1,1.0,1,1.0,1,0.1919435962129318,69
4645,2,7533,3667,3866,0,0,0,1.0,1,1.0,1,1.0,1,0.19031949521780703,70
4646,2,7535,3668,3867,0,0,0,1.0,1,1.0,1,1.0,1,0.19802411708784176,68
4647,2,7537,3670,3867,0,0,0,1.0,1,1.0,1,1.0,1,0.238455249701806,68
4648,3,7540,3670,3870,0,0,0,1.0,1,1.0,1,1.0,1,0.24020724032048132,67
4649,4,7544,3671,3873,0,0,0,1.0,1,1.0,1,1.0,1,0.23745393541250298,67
4650,0,7544,3671,3873,0,0,0,1.0,1,1.0,1,1.0,1,0.21485047734982413,67
4651,3,7547,3673,3874,0,0,0,1.0,1,1.0,1,1.0,1,0.2235012012819202,68
4652,2,7549,3675,3874,0,0,0,1.0,1,1.0,1,1.0,1,0.2365775169506299,66
4653,1,7550,3676,3874,0,0,0,1.0,1,1.0,1,1.0,1,0.22240605856942738,64
4654,5,7555,3677,3878,0,0,0,1.0,1,1.0,1,1.0,1,0.21417081254813575,65
4655,1,7556,3677,3879,0,0,0,1.0,1,1.0,1,1.0,1,0.20079866138627986,64
4656,2,7558,3677,3881,0,0,0,1.0,1,1.0,1,1.0,1,0.18936332717234133,65
4657,1,7559,3678,3881,0,0,0,1.0,1,1.0,1,1.0,1,0.19949797185972634,66
4658,2,7561,3680,3881,0,0,0,1.0,1,1.0,1,1.0,1,0.25367061854800105,65
4659,0,7561,3680,3881,0,0,0,1.0,1,1.0,1,1.0,1,0.25367061854800105,65
4660,1,7562,3681,3881,0,0,0,1.0,1,1.0,1,1.0,1,0.2625287140589527,66
4661,0,7562,3681,3881,0,0,0,1.0,1,1.0,1,1.0,1,0.276521486836262,66
4662,2,7564,3682,3882,0,0,0,1.0,1,1.0,1,1.0,1,0.257700671344164,68
4663,1,7565,3682,3883,0,0,0,1.0,1,1.0,1,1.0,1,0.2526187842207061,67
4664,4,7569,3684,3885,0,0,0,1.0,1,1.0,1,1.0,1,0.2513107313392611,67
4665,3,7572,3685,3887,0,0,0,1.0,1,1.0,1,1.0,1,0.23497163530715248,67
4666,1,7573,3685,3888,0,0,0,1.0,1,1.0,1,1.0,1,0.24045016774798975,67
4667,3,7576,3686,3890,0,0,0,1.0,1,1.0,1,1.0,1,0.23658531073318279,66
4668,3,7579,3688,3891,0,0,0,1.0,1,1.0,1,1.0,1,0.23198155577758844,66
4669,4,7583,3690,3893,0,0,0,1.0,1,1.0,1,1.0,1,0.2123912621771422,66
4670,1,7584,3690,3894,0,0,0,1.0,1,1.0,1,1.0,1,0.21879400836626745,64
4671,0,7584,3690,3894,0,0,0,1.0,1,1.0,1,1.0,1,0.21879400836626745,64
4672,1,7585,3691,3894,0,0,0,1.0,1,1.0,1,1.0,1,0.25607388920162305,64
4673,1,7586,3691,3895,0,0,0,1.0,1,1.0,1,1.0,1,0.24456962628510245,65
4674,3,7589,3693,3896,0,0,0,1.0,1,1.0,1,1.0,1,0.24830016243169714,66
4675,1,7590,3693,3897,0,0,0,1.0,1,1.0,1,1.0,1,0.26303913361693115,65
4676,1,7591,3693,3898,0,0,0,1.0,1,1.0,1,1.0,1,0.2744797921947061,65
4677,2,7593,3695,3898,0,0,0,1.0,1,1.0,1,1.0,1,0.27198602571898245,65
4678,1,7594,3695,3899,0,0,0,1.0,1,1.0,1,1.0,1,0.276466202058957,64
4679,1,7595,3696,3899,0,0,0,1.0,1,1.0,1,1.0,1,0.27096899428708465,66
4680,4,7599,3696,3903,0,0,0,1.0,1,1.0,1,1.0,1,0.2510692553534271,67
4681,4,7603,3697,3906,0,0,0,1.0,1,1.0,1,1.0,1,0.2312874737624181,67
4682,3,7606,3699,3907,0,0,0,1.0,1,1.0,1,1.0,1,0.23457521605825593,67
4683,3,7609,3700,3909,0,0,0,1.0,1,1.0,1,1.0,1,0.22329662684219997,67
4684,1,7610,3700,3910,0,0,0,1.0,1,1.0,1,1.0,1,0.20225519148587068,66
4685,0,7610,3700,3910,0,0,0,1.0,1,1.0,1,1.0,1,0.19812734333642915,65
4686,1,7611,3701,3910,0,0,0,1.0,1,1.0,1,1.0,1,0.22297210420875413,65
4687,0,7611,3701,3910,0,0,0,1.0,1,1.0,1,1.0,1,0.21011058218077677,65
4688,3,7614,3703,3911,0,0,0,1.0,1,1.0,1,1.0,1,0.24531984609757312,64
4689,4,7618,3705,3913,0,0,0,1.0,1,1.0,1,1.0,1,0.2832409101494121,65
4690,2,7620,3705,3915,0,0,0,1.0,1,1.0,1,1.0,1,0.2772298445884568,63
4691,5,7625,3708,3917,0,0,0,1.0,1,1.0,1,1.0,1,0.2857926214395092,64
4692,2,7627,3708,3919,0,0,0,1.0,1,1.0,1,1.0,1,0.23653385872352473,63
4693,1,7628,3708,3920,0,0,0,1.0,1,1.0,1,1.0,1,0.2409070606830338,64
4694,0,7628,3708,3920,0,0,0,1.0,1,1.0,1,1.0,1,0.22780871564461402,63
4695,0,7628,3708,3920,0,0,0,1.0,1,1.0,1,1.0,1,0.22579548444903616,62
4696,1,7629,3708,3921,0,0,0,1.0,1,1.0,1,1.0,1,0.21319906161723404,61
4697,2,7631,3709,3922,0,0,0,1.0,1,1.0,1,1.0,1,0.19354327521830994,63
4698,1,7632,3709,3923,0,0,0,1.0,1,1.0,1,1.0,1,0.1918932196785542,63
4699,0,7632,3709,3923,0,0,0,1.0,1,1.0,1,1.0,1,0.1851528699354363,65
4700,0,7632,3709,3923,0,0,0,1.0,1,1.0,1,1.0,1,0.19572306451445598,64
4701,1,7633,3710,3923,0,0,0,1.0,1,1.0,1,1.0,1,0.20808480714295544,64
4702,0,7633,3710,3923,0,0,0,1.0,1,1.0,1,1.0,1,0.21893014703110034,66
4703,1,7634,3711,3923,0,0,0,1.0,1,1.0,1,1.0,1,0.22305877470575777,65
4704,3,7637,3713,3924,0,0,0,1.0,1,1.0,1,1.0,1,0.20948002575355543,64
4705,9,7646,3715,3931,0,0,0,1.0,1,1.0,1,1.0,1,0.23603082435257056,65
4706,2,7648,3717,3931,0,0,0,1.0,1,1.0,1,1.0,1,0.2454577579857477,65
4707,4,7652,3719,3933,0,0,0,1.0,1,1.0,1,1.0,1,0.2577171187026467,63
4708,4,7656,3720,3936,0,0,0,1.0,1,1.0,1,1.0,1,0.2320396506929512,62
4709,5,7661,3724,3937,0,0,0,1.0,1,1.0,1,1.0,1,0.25044337202807465,61
4710,0,7661,3724,3937,0,0,0,1.0,1,1.0,1,1.0,1,0.25081462216101047,60
4711,2,7663,3726,3937,0,0,0,1.0,1,1.0,1,1.0,1,0.259348632471803,59
4712,2,7665,3727,3938,0,0,0,1.0,1,1.0,1,1.0,1,0.253630142119136,58
4713,1,7666,3728,3938,0,0,0,1.0,1,1.0,1,1.0,1,0.26401965324364923,58
4714,0,7666,3728,3938,0,0,0,1.0,1,1.0,1,1.0,1,0.2569872556937305,57
4715,0,7666,3728,3938,0,0,0,1.0,1,1.0,1,1.0,1,0.25803352172843985,57
4716,1,7667,3729,3938,0,0,0,1.0,1,1.0,1,1.0,1,0.2744101334928883,55
4717,0,7667,3729,3938,0,0,0,1.0,1,1.0,1,1.0,1,0.2853388839686687,57
4718,1,7668,3729,3939,0,0,0,1.0,1,1.0,1,1.0,1,0.2634269199673345,56
4719,5,7673,3730,3943,0,0,0,1.0,1,1.0,1,1.0,1,0.2556198808288396,56
4720,2,7675,3730,3945,0,0,0,1.0,1,1.0,1,1.0,1,0.23751871122712137,57
4721,0,7675,3730,3945,0,0,0,1.0,1,1.0,1,1.0,1,0.23751871122712137,57
4722,0,7675,3730,3945,0,0,0,1.0,1,1.0,1,1.0,1,0.23751871122712137,57
4723,4,7679,3731,3948,0,0,0,1.0,1,1.0,1,1.0,1,0.21660353221716,57
4724,0,7679,3731,3948,0,0,0,1.0,1,1.0,1,1.0,1,0.21820387940629166,57
4725,1,7680,3731,3949,0,0,0,1.0,1,1.0,1,1.0,1,0.2475740562109844,57
4726,4,7684,3734,3950,0,0,0,1.0,1,1.0,1,1.0,1,0.2899811517356123,57
4727,0,7684,3734,3950,0,0,0,1.0,1,1.0,1,1.0,1,0.30330396801798987,56
4728,1,7685,3734,3951,0,0,0,1.0,1,1.0,1,1.0,1,0.2995421181849828,57
4729,1,7686,3734,3952,0,0,0,1.0,1,1.0,1,1.0,1,0.3118916689375351,56
4730,2,7688,3736,3952,0,0,0,1.0,1,1.0,1,1.0,1,0.31585934071352223,54
4731,2,7690,3736,3954,0,0,0,1.0,1,1.0,1,1.0,1,0.29347373424827294,54
4732,2,7692,3738,3954,0,0,0,1.0,1,1.0,1,1.0,1,0.3053490320352704,54
4733,3,7695,3739,3956,0,0,0,1.0,1,1.0,1,1.0,1,0.3116693827986085,55
4734,1,7696,3740,3956,0,0,0,1.0,1,1.0,1,1.0,1,0.32494259008567633,56
4735,0,7696,3740,3956,0,0,0,1.0,1,1.0,1,1.0,1,0.32494259008567633,56
4736,0,7696,3740,3956,0,0,0,1.0,1,1.0,1,1.0,1,0.3259438819222161,58
4737,0,7696,3740,3956,0,0,0,1.0,1,1.0,1,1.0,1,0.3232506834639619,59
4738,3,7699,3742,3957,0,0,0,1.0,1,1.0,1,1.0,1,0.3479383950358449,60
4739,1,7700,3742,3958,0,0,0,1.0,1,1.0,1,1.0,1,0.33106638868541416,60
4740,0,7700,3742,3958,0,0,0,1.0,1,1.0,1,1.0,1,0.33106638868541416,60
4741,2,7702,3743,3959,0,0,0,1.0,1,1.0,1,1.0,1,0.3369980826549998,61
4742,4,7706,3745,3961,0,0,0,1.0,1,1.0,1,1.0,1,0.32455969359991776,61
4743,3,7709,3747,3962,0,0,0,1.0,1,1.0,1,1.0,1,0.3094510007034151,60
4744,3,7712,3749,3963,0,0,0,1.0,1,1.0,1,1.0,1,0.3097544511591987,60
4745,0,7712,3749,3963,0,0,0,1.0,1,1.0,1,1.0,1,0.3020216418328795,59
4746,3,7715,3751,3964,0,0,0,1.0,1,1.0,1,1.0,1,0.3168412600314157,59
4747,3,7718,3752,3966,0,0,0,1.0,1,1.0,1,1.0,1,0.2547532126154813,58
4748,4,7722,3754,3968,0,0,0,1.0,1,1.0,1,1.0,1,0.23379084662363117,58
4749,3,7725,3756,3969,0,0,0,1.0,1,1.0,1,1.0,1,0.24275180628295695,58
4750,3,7728,3757,3971,0,0,0,1.0,1,1.0,1,1.0,1,0.21563671729574618,56
4751,6,7734,3761,3973,0,0,0,1.0,1,1.0,1,1.0,1,0.2651221965071172,58
4752,6,7740,3762,3978,0,0,0,1.0,1,1.0,1,1.0,1,0.19302331242090487,55
4753,1,7741,3762,3979,0,0,0,1.0,1,1.0,1,1.0,1,0.18508153190375223,55
4754,0,7741,3762,3979,0,0,0,1.0,1,1.0,1,1.0,1,0.1961258826637695,54
4755,2,7743,3763,3980,0,0,0,1.0,1,1.0,1,1.0,1,0.19312217377948934,54
4756,3,7746,3764,3982,0,0,0,1.0,1,1.0,1,1.0,1,0.21439701918828397,54
4757,0,7746,3764,3982,0,0,0,1.0,1,1.0,1,1.0,1,0.20956024712706295,53
4758,1,7747,3765,3982,0,0,0,1.0,1,1.0,1,1.0,1,0.23818645666789925,53
4759,2,7749,3765,3984,0,0,0,1.0,1,1.0,1,1.0,1,0.21838442421874588,53
4760,1,7750,3765,3985,0,0,0,1.0,1,1.0,1,1.0,1,0.20667872266381154,53
4761,2,7752,3767,3985,0,0,0,1.0,1,1.0,1,1.0,1,0.22041788561280992,52
4762,5,7757,3769,3988,0,0,0,1.0,1,1.0,1,1.0,1,0.24306111012925546,54
4763,3,7760,3769,3991,0,0,0,1.0,1,1.0,1,1.0,1,0.21405313153676903,54
4764,1,7761,3770,3991,0,0,0,1.0,1,1.0,1,1.0,1,0.23148846381200502,55
4765,3,7764,3772,3992,0,0,0,1.0,1,1.0,1,1.0,1,0.26329710637501985,56
4766,3,7767,3773,3994,0,0,0,1.0,1,1.0,1,1.0,1,0.23437166075607183,58
4767,1,7768,3773,3995,0,0,0,1.0,1,1.0,1,1.0,1,0.22228548688167818,59
4768,1,7769,3774,3995,0,0,0,1.0,1,1.0,1,1.0,1,0.2147545234597473,60
4769,0,7769,3774,3995,0,0,0,1.0,1,1.0,1,1.0,1,0.21764545991762918,59
4770,1,7770,3774,3996,0,0,0,1.0,1,1.0,1,1.0,1,0.2200793338648758,60
4771,1,7771,3774,3997,0,0,0,1.0,1,1.0,1,1.0,1,0.22985298566815743,59
4772,1,7772,3774,3998,0,0,0,1.0,1,1.0,1,1.0,1,0.2261630989724699,59
4773,2,7774,3774,4000,0,0,0,1.0,1,1.0,1,1.0,1,0.1973586688285226,60
4774,1,7775,3774,4001,0,0,0,1.0,1,1.0,1,1.0,1,0.19356871006408677,60
4775,0,7775,3774,4001,0,0,0,1.0,1,1.0,1,1.0,1,0.19798055102708165,62
4776,2,7777,3774,4003,0,0,0,1.0,1,1.0,1,1.0,1,0.17367384760753507,63
4777,0,7777,3774,4003,0,0,0,1.0,1,1.0,1,1.0,1,0.17367384760753507,63
4778,0,7777,3774,4003,0,0,0,1.0,1,1.0,1,1.0,1,0.17367384760753507,63
4779,2,7779,3776,4003,0,0,0,1.0,1,1.0,1,1.0,1,0.18357841735163485,63
4780,3,7782,3777,4005,0,0,0,1.0,1,1.0,1,1.0,1,0.16828852925704937,65
4781,3,7785,3778,4007,0,0,0,1.0,1,1.0,1,1.0,1,0.17170523076770763,64
4782,1,7786,3778,4008,0,0,0,1.0,1,1.0,1,1.0,1,0.17210477649087821,65
4783,4,7790,3780,4010,0,0,0,1.0,1,1.0,1,1.0,1,0.1737069931459392,66
4784,2,7792,3781,4011,0,0,0,1.0,1,1.0,1,1.0,1,0.15183217705978558,64
4785,0,7792,3781,4011,0,0,0,1.0,1,1.0,1,1.0,1,0.163068085437793,65
4786,4,7796,3783,4013,0,0,0,1.0,1,1.0,1,1.0,1,0.17906726765390368,66
4787,2,7798,3784,4014,0,0,0,1.0,1,1.0,1,1.0,1,0.1646542598390052,63
4788,5,7803,3789,4014,0,0,0,1.0,1,1.0,1,1.0,1,0.1943352805048813,63
4789,4,7807,3792,4015,0,0,0,1.0,1,1.0,1,1.0,1,0.18271415357537468,60
4790,4,7811,3796,4015,0,0,0,1.0,1,1.0,1,1.0,1,0.20650324423161845,61
4791,6,7817,3800,4017,0,0,0,1.0,1,1.0,1,1.0,1,0.1857432011402653,59
4792,3,7820,3802,4018,0,0,0,1.0,1,1.0,1,1.0,1,0.17757355638121114,59
4793,2,7822,3803,4019,0,0,0,1.0,1,1.0,1,1.0,1,0.1724977381352953,61
4794,3,7825,3805,4020,0,0,0,1.0,1,1.0,1,1.0,1,0.1557612623712646,60
4795,0,7825,3805,4020,0,0,0,1.0,1,1.0,1,1.0,1,0.15993051740227326,61
4796,2,7827,3806,4021,0,0,0,1.0,1,1.0,1,1.0,1,0.16537913135550278,60
4797,4,7831,3808,4023,0,0,0,1.0,1,1.0,1,1.0,1,0.1620875219167491,61
4798,2,7833,3809,4024,0,0,0,1.0,1,1.0,1,1.0,1,0.17083467408077116,61
4799,0,7833,3809,4024,0,0,0,1.0,1,1.0,1,1.0,1,0.1883147698666189,59
4800,2,7835,3809,4026,0,0,0,1.0,1,1.0,1,1.0,1,0.1814796858811244,57
4801,4,7839,3811,4028,0,0,0,1.0,1,1.0,1,1.0,1,0.18154545552648713,58
4802,2,7841,3811,4030,0,0,0,1.0,1,1.0,1,1.0,1,0.15845654057313585,56
4803,3,7844,3812,4032,0,0,0,1.0,1,1.0,1,1.0,1,0.16003178569429213,57
4804,2,7846,3812,4034,0,0,0,1.0,1,1.0,1,1.0,1,0.10582249717805578,55
4805,1,7847,3813,4034,0,0,0,1.0,1,1.0,1,1.0,1,0.11328213829066629,56
4806,0,7847,3813,4034,0,0,0,1.0,1,1.0,1,1.0,1,0.10557819888702623,55
4807,0,7847,3813,4034,0,0,0,1.0,1,1.0,1,1.0,1,0.11744428648840693,53
4808,1,7848,3814,4034,0,0,0,1.0,1,1.0,1,1.0,1,0.12444136765980805,54
4809,0,7848,3814,4034,0,0,0,1.0,1,1.0,1,1.0,1,0.15697900299011783,53
4810,0,7848,3814,4034,0,0,0,1.0,1,1.0,1,1.0,1,0.15697900299011783,53
4811,0,7848,3814,4034,0,0,0,1.0,1,1.0,1,1.0,1,0.13493070714433505,54
4812,3,7851,3817,4034,0,0,0,1.0,1,1.0,1,1.0,1,0.1384723789970082,54
4813,1,7852,3817,4035,0,0,0,1.0,1,1.0,1,1.0,1,0.12093257371572758,55
4814,2,7854,3819,4035,0,0,0,1.0,1,1.0,1,1.0,1,0.14858330520415072,55
4815,2,7856,3819,4037,0,0,0,1.0,1,1.0,1,1.0,1,0.1264767381321533,56
4816,3,7859,3822,4037,0,0,0,1.0,1,1.0,1,1.0,1,0.16241774637329495,56
4817,3,7862,3824,4038,0,0,0,1.0,1,1.0,1,1.0,1,0.21364988636695165,58
4818,5,7867,3826,4041,0,0,0,1.0,1,1.0,1,1.0,1,0.18430034168454854,58
4819,3,7870,3826,4044,0,0,0,1.0,1,1.0,1,1.0,1,0.1408142292798208,58
4820,0,7870,3826,4044,0,0,0,1.0,1,1.0,1,1.0,1,0.1408142292798208,58
4821,1,7871,3827,4044,0,0,0,1.0,1,1.0,1,1.0,1,0.15645011797254185,58
4822,3,7874,3829,4045,0,0,0,1.0,1,1.0,1,1.0,1,0.17106046556429122,58
4823,3,7877,3830,4047,0,0,0,1.0,1,1.0,1,1.0,1,0.15160721991873105,57
4824,1,7878,3830,4048,0,0,0,1.0,1,1.0,1,1.0,1,0.13770296937807955,56
4825,1,7879,3830,4049,0,0,0,1.0,1,1.0,1,1.0,1,0.1633423145579335,57
4826,2,7881,3831,4050,0,0,0,1.0,1,1.0,1,1.0,1,0.1549222678083981,57
4827,1,7882,3831,4051,0,0,0,1.0,1,1.0,1,1.0,1,0.1693229632942165,56
4828,0,7882,3831,4051,0,0,0,1.0,1,1.0,1,1.0,1,0.15540569830932852,57
4829,1,7883,3832,4051,0,0,0,1.0,1,1.0,1,1.0,1,0.1821392052016939,56
4830,1,7884,3833,4051,0,0,0,1.0,1,1.0,1,1.0,1,0.1733272036887118,57
4831,3,7887,3835,4052,0,0,0,1.0,1,1.0,1,1.0,1,0.2172734914941772,57
4832,1,7888,3836,4052,0,0,0,1.0,1,1.0,1,1.0,1,0.2303231906077193,55
4833,2,7890,3838,4052,0,0,0,1.0,1,1.0,1,1.0,1,0.2687485279839949,55
4834,2,7892,3839,4053,0,0,0,1.0,1,1.0,1,1.0,1,0.2803980872685918,55
4835,5,7897,3839,4058,0,0,0,1.0,1,1.0,1,1.0,1,0.21923821778595362,55
4836,2,7899,3839,4060,0,0,0,1.0,1,1.0,1,1.0,1,0.19585306039147418,55
4837,3,7902,3840,4062,0,0,0,1.0,1,1.0,1,1.0,1,0.15783724618949377,53
4838,3,7905,3841,4064,0,0,0,1.0,1,1.0,1,1.0,1,0.13546714168311838,54
4839,3,7908,3844,4064,0,0,0,1.0,1,1.0,1,1.0,1,0.16252746422509703,53
4840,3,7911,3845,4066,0,0,0,1.0,1,1.0,1,1.0,1,0.15359965538338308,52
4841,4,7915,3848,4067,0,0,0,1.0,1,1.0,1,1.0,1,0.19359561584294174,51
4842,1,7916,3849,4067,0,0,0,1.0,1,1.0,1,1.0,1,0.21296310883613037,50
4843,5,7921,3853,4068,0,0,0,1.0,1,1.0,1,1.0,1,0.2652581478404157,51
4844,2,7923,3853,4070,0,0,0,1.0,1,1.0,1,1.0,1,0.2167565756375933,50
4845,1,7924,3854,4070,0,0,0,1.0,1,1.0,1,1.0,1,0.22152225440603512,49
4846,1,7925,3855,4070,0,0,0,1.0,1,1.0,1,1.0,1,0.21676254253206304,49
4847,2,7927,3855,4072,0,0,0,1.0,1,1.0,1,1.0,1,0.190118214353075,48
4848,0,7927,3855,4072,0,0,0,1.0,1,1.0,1,1.0,1,0.190118214353075,48
4849,1,7928,3856,4072,0,0,0,1.0,1,1.0,1,1.0,1,0.1759508147635217,48
4850,0,7928,3856,4072,0,0,0,1.0,1,1.0,1,1.0,1,0.18415161601976582,49
4851,2,7930,3857,4073,0,0,0,1.0,1,1.0,1,1.0,1,0.15001550534306268,49
4852,0,7930,3857,4073,0,0,0,1.0,1,1.0,1,1.0,1,0.14910185097243453,49
4853,0,7930,3857,4073,0,0,0,1.0,1,1.0,1,1.0,1,0.1444273583889268,50
4854,0,7930,3857,4073,0,0,0,1.0,1,1.0,1,1.0,1,0.15303832784620797,51
4855,0,7930,3857,4073,0,0,0,1.0,1,1.0,1,1.0,1,0.15303832784620797,51
4856,2,7932,3858,4074,0,0,0,1.0,1,1.0,1,1.0,1,0.14545483714977397,50
4857,0,7932,3858,4074,0,0,0,1.0,1,1.0,1,1.0,1,0.14866604499705152,51
4858,0,7932,3858,4074,0,0,0,1.0,1,1.0,1,1.0,1,0.15308987287059717,51
4859,0,7932,3858,4074,0,0,0,1.0,1,1.0,1,1.0,1,0.16835617642695033,52
4860,0,7932,3858,4074,0,0,0,1.0,1,1.0,1,1.0,1,0.16835617642695033,52
4861,1,7933,3858,4075,0,0,0,1.0,1,1.0,1,1.0,1,0.17213659261384137,53
4862,2,7935,3860,4075,0,0,0,1.0,1,1.0,1,1.0,1,0.21918576515332053,53
4863,1,7936,3860,4076,0,0,0,1.0,1,1.0,1,1.0,1,0.1768402775031221,51
4864,3,7939,3861,4078,0,0,0,1.0,1,1.0,1,1.0,1,0.19164399460196427,53
4865,0,7939,3861,4078,0,0,0,1.0,1,1.0,1,1.0,1,0.18289532695409258,52
4866,1,7940,3862,4078,0,0,0,1.0,1,1.0,1,1.0,1,0.22802551213679578,53
4867,3,7943,3863,4080,0,0,0,1.0,1,1.0,1,1.0,1,0.1897575495513775,51
4868,4,7947,3865,4082,0,0,0,1.0,1,1.0,1,1.0,1,0.15703228232762584,53
4869,0,7947,3865,4082,0,0,0,1.0,1,1.0,1,1.0,1,0.15703228232762584,53
4870,4,7951,3867,4084,0,0,0,1.0,1,1.0,1,1.0,1,0.1443165954269298,55
4871,1,7952,3868,4084,0,0,0,1.0,1,1.0,1,1.0,1,0.15890923270304896,55
4872,2,7954,3870,4084,0,0,0,1.0,1,1.0,1,1.0,1,0.18397754930644775,56
4873,2,7956,3872,4084,0,0,0,1.0,1,1.0,1,1.0,1,0.1954204874861233,56
4874,7,7963,3874,4089,0,0,0,1.0,1,1.0,1,1.0,1,0.1547768944696147,58
4875,8,7971,3875,4096,0,0,0,1.0,1,1.0,1,1.0,1,0.10257923827917027,56
4876,0,7971,3875,4096,0,0,0,1.0,1,1.0,1,1.0,1,0.0982236026345358,56
4877,4,7975,3877,4098,0,0,0,1.0,1,1.0,1,1.0,1,0.12071694923456931,54
4878,2,7977,3878,4099,0,0,0,1.0,1,1.0,1,1.0,1,0.12406344590396269,54
4879,3,7980,3881,4099,0,0,0,1.0,1,1.0,1,1.0,1,0.1582852228673403,54
4880,2,7982,3881,4101,0,0,0,1.0,1,1.0,1,1.0,1,0.1351845095194077,53
4881,0,7982,3881,4101,0,0,0,1.0,1,1.0,1,1.0,1,0.12961174780001872,54
4882,1,7983,3881,4102,0,0,0,1.0,1,1.0,1,1.0,1,0.12357111705633565,52
4883,2,7985,3883,4102,0,0,0,1.0,1,1.0,1,1.0,1,0.16269377862128656,54
4884,0,7985,3883,4102,0,0,0,1.0,1,1.0,1,1.0,1,0.1554635576352991,52
4885,1,7986,3884,4102,0,0,0,1.0,1,1.0,1,1.0,1,0.19227605805499348,51
4886,0,7986,3884,4102,0,0,0,1.0,1,1.0,1,1.0,1,0.19626243974177005,50
4887,0,7986,3884,4102,0,0,0,1.0,1,1.0,1,1.0,1,0.21972377835828324,49
4888,0,7986,3884,4102,0,0,0,1.0,1,1.0,1,1.0,1,0.22588351043479538,48
4889,0,7986,3884,4102,0,0,0,1.0,1,1.0,1,1.0,1,0.22588351043479538,48
4890,0,7986,3884,4102,0,0,0,1.0,1,1.0,1,1.0,1,0.22588351043479538,48
4891,2,7988,3886,4102,0,0,0,1.0,1,1.0,1,1.0,1,0.2659105310708556,49
4892,3,7991,3886,4105,0,0,0,1.0,1,1.0,1,1.0,1,0.2605165370045786,51
4893,0,7991,3886,4105,0,0,0,1.0,1,1.0,1,1.0,1,0.26179848787640414,51
4894,1,7992,3886,4106,0,0,0,1.0,1,1.0,1,1.0,1,0.2436060182430414,52
4895,1,7993,3886,4107,0,0,0,1.0,1,1.0,1,1.0,1,0.22769799747862668,52
4896,2,7995,3887,4108,0,0,0,1.0,1,1.0,1,1.0,1,0.2081941214112487,51
4897,1,7996,3887,4109,0,0,0,1.0,1,1.0,1,1.0,1,0.19563140024965014,52
4898,2,7998,3889,4109,0,0,0,1.0,1,1.0,1,1.0,1,0.1811587128304654,52
4899,1,7999,3889,4110,0,0,0,1.0,1,1.0,1,1.0,1,0.1719717950217756,53
4900,4,8003,3892,4111,0,0,0,1.0,1,1.0,1,1.0,1,0.16089518295184374,54
4901,4,8007,3894,4113,0,0,0,1.0,1,1.0,1,1.0,1,0.12282827675928826,54
4902,0,8007,3894,4113,0,0,0,1.0,1,1.0,1,1.0,1,0.13284153354370684,55
4903,0,8007,3894,4113,0,0,0,1.0,1,1.0,1,1.0,1,0.1679888385315616,56
4904,2,8009,3895,4114,0,0,0,1.0,1,1.0,1,1.0,1,0.1917172674713815,55
4905,1,8010,3895,4115,0,0,0,1.0,1,1.0,1,1.0,1,0.1891697117787842,54
4906,3,8013,3897,4116,0,0,0,1.0,1,1.0,1,1.0,1,0.20183848375512597,54
4907,3,8016,3897,4119,0,0,0,1.0,1,1.0,1,1.0,1,0.181470317542029,54
4908,1,8017,3897,4120,0,0,0,1.0,1,1.0,1,1.0,1,0.158968261452339,53
4909,4,8021,3899,4122,0,0,0,1.0,1,1.0,1,1.0,1,0.1606726817574523,54
4910,1,8022,3899,4123,0,0,0,1.0,1,1.0,1,1.0,1,0.14897354417588146,55
4911,2,8024,3900,4124,0,0,0,1.0,1,1.0,1,1.0,1,0.15068457221145945,57
4912,2,8026,3902,4124,0,0,0,1.0,1,1.0,1,1.0,1,0.1668935050281893,57
4913,0,8026,3902,4124,0,0,0,1.0,1,1.0,1,1.0,1,0.14923777926622003,56
4914,1,8027,3903,4124,0,0,0,1.0,1,1.0,1,1.0,1,0.18119641498999908,56
4915,4,8031,3905,4126,0,0,0,1.0,1,1.0,1,1.0,1,0.1736634115093542,56
4916,2,8033,3905,4128,0,0,0,1.0,1,1.0,1,1.0,1,0.1537320868991798,54
4917,1,8034,3905,4129,0,0,0,1.0,1,1.0,1,1.0,1,0.14591242472664623,53
4918,1,8035,3906,4129,0,0,0,1.0,1,1.0,1,1.0,1,0.14434726405819845,52
4919,0,8035,3906,4129,0,0,0,1.0,1,1.0,1,1.0,1,0.1828777999357297,49
4920,0,8035,3906,4129,0,0,0,1.0,1,1.0,1,1.0,1,0.1828777999357297,49
4921,3,8038,3908,4130,0,0,0,1.0,1,1.0,1,1.0,1,0.22913041121443994,50
4922,1,8039,3908,4131,0,0,0,1.0,1,1.0,1,1.0,1,0.22177301365457822,50
4923,2,8041,3909,4132,0,0,0,1.0,1,1.0,1,1.0,1,0.21953453248959276,52
4924,2,8043,3910,4133,0,0,0,1.0,1,1.0,1,1.0,1,0.23082681071492359,53
4925,3,8046,3911,4135,0,0,0,1.0,1,1.0,1,1.0,1,0.1696642011745349,54
4926,1,8047,3911,4136,0,0,0,1.0,1,1.0,1,1.0,1,0.16051769744397001,54
4927,2,8049,3913,4136,0,0,0,1.0,1,1.0,1,1.0,1,0.17877074420312333,54
4928,0,8049,3913,4136,0,0,0,1.0,1,1.0,1,1.0,1,0.17877074420312333,54
4929,0,8049,3913,4136,0,0,0,1.0,1,1.0,1,1.0,1,0.16663060483401332,55
4930,2,8051,3914,4137,0,0,0,1.0,1,1.0,1,1.0,1,0.2048613231291822,58
4931,0,8051,3914,4137,0,0,0,1.0,1,1.0,1,1.0,1,0.2048613231291822,58
4932,2,8053,3914,4139,0,0,0,1.0,1,1.0,1,1.0,1,0.18128338502968463,59
4933,0,8053,3914,4139,0,0,0,1.0,1,1.0,1,1.0,1,0.18128338502968463,59
4934,0,8053,3914,4139,0,0,0,1.0,1,1.0,1,1.0,1,0.18128338502968463,59
4935,1,8054,3914,4140,0,0,0,1.0,1,1.0,1,1.0,1,0.1695348331765414,59
4936,3,8057,3915,4142,0,0,0,1.0,1,1.0,1,1.0,1,0.16577471261600127,59
4937,1,8058,3915,4143,0,0,0,1.0,1,1.0,1,1.0,1,0.1630667362313933,61
4938,0,8058,3915,4143,0,0,0,1.0,1,1.0,1,1.0,1,0.17291737801805918,62
4939,1,8059,3915,4144,0,0,0,1.0,1,1.0,1,1.0,1,0.1652671369220777,63
4940,1,8060,3915,4145,0,0,0,1.0,1,1.0,1,1.0,1,0.17384254597022947,65
4941,1,8061,3916,4145,0,0,0,1.0,1,1.0,1,1.0,1,0.18219408098654308,65
4942,3,8064,3918,4146,0,0,0,1.0,1,1.0,1,1.0,1,0.2000376384980103,67
4943,3,8067,3918,4149,0,0,0,1.0,1,1.0,1,1.0,1,0.17384225571823228,66
4944,3,8070,3921,4149,0,0,0,1.0,1,1.0,1,1.0,1,0.22263293475788506,63
4945,5,8075,3923,4152,0,0,0,1.0,1,1.0,1,1.0,1,0.1740034181495563,61
4946,3,8078,3925,4153,0,0,0,1.0,1,1.0,1,1.0,1,0.214461214684788,60
4947,0,8078,3925,4153,0,0,0,1.0,1,1.0,1,1.0,1,0.18867106740617554,58
4948,3,8081,3926,4155,0,0,0,1.0,1,1.0,1,1.0,1,0.19536143646178383,57
4949,3,8084,3927,4157,0,0,0,1.0,1,1.0,1,1.0,1,0.16516276568322696,56
4950,2,8086,3928,4158,0,0,0,1.0,1,1.0,1,1.0,1,0.14804429892525395,57
4951,3,8089,3930,4159,0,0,0,1.0,1,1.0,1,1.0,1,0.17113902438705716,55
4952,5,8094,3934,4160,0,0,0,1.0,1,1.0,1,1.0,1,0.2084470932012721,55
4953,5,8099,3936,4163,0,0,0,1.0,1,1.0,1,1.0,1,0.1879538071399171,54
4954,1,8100,3937,4163,0,0,0,1.0,1,1.0,1,1.0,1,0.2127701047430122,54
4955,2,8102,3937,4165,0,0,0,1.0,1,1.0,1,1.0,1,0.1423108753328467,52
4956,0,8102,3937,4165,0,0,0,1.0,1,1.0,1,1.0,1,0.1423108753328467,52
4957,1,8103,3938,4165,0,0,0,1.0,1,1.0,1,1.0,1,0.12880089304581757,53
4958,2,8105,3939,4166,0,0,0,1.0,1,1.0,1,1.0,1,0.10866203288823574,52
4959,1,8106,3940,4166,0,0,0,1.0,1,1.0,1,1.0,1,0.1347218255264357,51
4960,0,8106,3940,4166,0,0,0,1.0,1,1.0,1,1.0,1,0.13830810584114248,53
4961,0,8106,3940,4166,0,0,0,1.0,1,1.0,1,1.0,1,0.13830810584114248,53
4962,2,8108,3940,4168,0,0,0,1.0,1,1.0,1,1.0,1,0.13780921941362523,55
4963,0,8108,3940,4168,0,0,0,1.0,1,1.0,1,1.0,1,0.11986414788699185,54
4964,1,8109,3941,4168,0,0,0,1.0,1,1.0,1,1.0,1,0.12938505901576633,54
4965,2,8111,3942,4169,0,0,0,1.0,1,1.0,1,1.0,1,0.12554299423432566,54
4966,1,8112,3943,4169,0,0,0,1.0,1,1.0,1,1.0,1,0.11808163359595313,54
4967,2,8114,3945,4169,0,0,0,1.0,1,1.0,1,1.0,1,0.13535886120193066,55
4968,2,8116,3946,4170,0,0,0,1.0,1,1.0,1,1.0,1,0.11879633069780927,55
4969,2,8118,3947,4171,0,0,0,1.0,1,1.0,1,1.0,1,0.1487130042159396,57
4970,2,8120,3948,4172,0,0,0,1.0,1,1.0,1,1.0,1,0.15476533136431797,56
4971,3,8123,3949,4174,0,0,0,1.0,1,1.0,1,1.0,1,0.14814713053257308,57
4972,2,8125,3951,4174,0,0,0,1.0,1,1.0,1,1.0,1,0.2084980378234918,57
4973,1,8126,3951,4175,0,0,0,1.0,1,1.0,1,1.0,1,0.19895311427660453,60
4974,2,8128,3951,4177,0,0,0,1.0,1,1.0,1,1.0,1,0.1702339780768758,58
4975,2,8130,3952,4178,0,0,0,1.0,1,1.0,1,1.0,1,0.1709082929033615,59
4976,3,8133,3953,4180,0,0,0,1.0,1,1.0,1,1.0,1,0.15423471578406903,59
4977,3,8136,3956,4180,0,0,0,1.0,1,1.0,1,1.0,1,0.16911864475680824,59
4978,2,8138,3958,4180,0,0,0,1.0,1,1.0,1,1.0,1,0.15728536003577134,59
4979,0,8138,3958,4180,0,0,0,1.0,1,1.0,1,1.0,1,0.1612932884099131,61
4980,1,8139,3959,4180,0,0,0,1.0,1,1.0,1,1.0,1,0.1857311891712476,62
4981,2,8141,3960,4181,0,0,0,1.0,1,1.0,1,1.0,1,0.188853255081267,62
4982,2,8143,3961,4182,0,0,0,1.0,1,1.0,1,1.0,1,0.16321116013834006,63
4983,2,8145,3961,4184,0,0,0,1.0,1,1.0,1,1.0,1,0.14081074461146867,63
4984,1,8146,3962,4184,0,0,0,1.0,1,1.0,1,1.0,1,0.14869360756906436,61
4985,1,8147,3963,4184,0,0,0,1.0,1,1.0,1,1.0,1,0.15947228021716844,59
4986,4,8151,3965,4186,0,0,0,1.0,1,1.0,1,1.0,1,0.1826387979784737,62
4987,2,8153,3966,4187,0,0,0,1.0,1,1.0,1,1.0,1,0.16802851704757862,60
4988,3,8156,3967,4189,0,0,0,1.0,1,1.0,1,1.0,1,0.14941473332647834,59
4989,3,8159,3968,4191,0,0,0,1.0,1,1.0,1,1.0,1,0.17229888476547053,57
4990,1,8160,3968,4192,0,0,0,1.0,1,1.0,1,1.0,1,0.15994885101494377,55
4991,5,8165,3971,4194,0,0,0,1.0,1,1.0,1,1.0,1,0.1747714015149913,54
4992,0,8165,3971,4194,0,0,0,1.0,1,1.0,1,1.0,1,0.19832536170085,52
4993,1,8166,3971,4195,0,0,0,1.0,1,1.0,1,1.0,1,0.16362687147469746,51
4994,2,8168,3973,4195,0,0,0,1.0,1,1.0,1,1.0,1,0.2238580499136547,49
4995,4,8172,3975,4197,0,0,0,1.0,1,1.0,1,1.0,1,0.22830935692460025,48
4996,5,8177,3980,4197,0,0,0,1.0,1,1.0,1,1.0,1,0.22776556198358036,48
4997,0,8177,3980,4197,0,0,0,1.0,1,1.0,1,1.0,1,0.2216987857391393,46
4998,4,8181,3981,4200,0,0,0,1.0,1,1.0,1,1.0,1,0.2000926935404765,48
4999,3,8184,3984,4200,0,0,0,1.0,1,1.0,1,1.0,1,0.2763528032112726,48
5000,2,8186,3984,4202,0,0,0,1.0,1,1.0,1,1.0,1,0.23356759546767675,47
5001,2,8188,3985,4203,0,0,0,1.0,1,1.0,1,1.0,1,0.25849484990426214,45
5002,3,8191,3987,4204,0,0,0,1.0,1,1.0,1,1.0,1,0.27260573069006055,46
5003,0,8191,3987,4204,0,0,0,1.0,1,1.0,1,1.0,1,0.29189441673064936,46
5004,2,8193,3988,4205,0,0,0,1.0,1,1.0,1,1.0,1,0.286901150101268,46
5005,0,8193,3988,4205,0,0,0,1.0,1,1.0,1,1.0,1,0.3084771221199656,45
5006,1,8194,3988,4206,0,0,0,1.0,1,1.0,1,1.0,1,0.308048645924573,45
5007,1,8195,3988,4207,0,0,0,1.0,1,1.0,1,1.0,1,0.28732325940941544,46
5008,0,8195,3988,4207,0,0,0,1.0,1,1.0,1,1.0,1,0.2952534511789119,49
5009,0,8195,3988,4207,0,0,0,1.0,1,1.0,1,1.0,1,0.29626354215295675,49
5010,0,8195,3988,4207,0,0,0,1.0,1,1.0,1,1.0,1,0.30533269581970957,50
5011,3,8198,3988,4210,0,0,0,1.0,1,1.0,1,1.0,1,0.26675506973075275,51
5012,0,8198,3988,4210,0,0,0,1.0,1,1.0,1,1.0,1,0.278186609958391,52
5013,0,8198,3988,4210,0,0,0,1.0,1,1.0,1,1.0,1,0.278186609958391,52
5014,0,8198,3988,4210,0,0,0,1.0,1,1.0,1,1.0,1,0.2772864614767547,53
5015,2,8200,3989,4211,0,0,0,1.0,1,1.0,1,1.0,1,0.29758945476995236,54
5016,0,8200,3989,4211,0,0,0,1.0,1,1.0,1,1.0,1,0.30353926596350694,55
5017,1,8201,3989,4212,0,0,0,1.0,1,1.0,1,1.0,1,0.2970181210900875,55
5018,1,8202,3989,4213,0,0,0,1.0,1,1.0,1,1.0,1,0.29631156683111765,56
5019,1,8203,3989,4214,0,0,0,1.0,1,1.0,1,1.0,1,0.2925245088292326,56
5020,1,8204,3990,4214,0,0,0,1.0,1,1.0,1,1.0,1,0.28992935738348063,55
5021,2,8206,3990,4216,0,0,0,1.0,1,1.0,1,1.0,1,0.2794728278424519,56
5022,5,8211,3993,4218,0,0,0,1.0,1,1.0,1,1.0,1,0.2946692520974569,56
5023,3,8214,3994,4220,0,0,0,1.0,1,1.0,1,1.0,1,0.259169698708929,55
5024,4,8218,3998,4220,0,0,0,1.0,1,1.0,1,1.0,1,0.30481274201673525,55
5025,4,8222,3999,4223,0,0,0,1.0,1,1.0,1,1.0,1,0.2583045570658342,53
5026,2,8224,4001,4223,0,0,0,1.0,1,1.0,1,1.0,1,0.261051346056961,52
5027,1,8225,4002,4223,0,0,0,1.0,1,1.0,1,1.0,1,0.284100761062151,51
5028,4,8229,4004,4225,0,0,0,1.0,1,1.0,1,1.0,1,0.30974139796659445,51
5029,0,8229,4004,4225,0,0,0,1.0,1,1.0,1,1.0,1,0.3221291944844831,50
5030,1,8230,4005,4225,0,0,0,1.0,1,1.0,1,1.0,1,0.31661105763560743,49
5031,3,8233,4006,4227,0,0,0,1.0,1,1.0,1,1.0,1,0.2968414145310147,49
5032,3,8236,4008,4228,0,0,0,1.0,1,1.0,1,1.0,1,0.30660226145585107,48
5033,4,8240,4011,4229,0,0,0,1.0,1,1.0,1,1.0,1,0.3402414384183895,50
5034,3,8243,4012,4231,0,0,0,1.0,1,1.0,1,1.0,1,0.2912518780501574,49
5035,5,8248,4014,4234,0,0,0,1.0,1,1.0,1,1.0,1,0.2731655757427927,49
5036,1,8249,4015,4234,0,0,0,1.0,1,1.0,1,1.0,1,0.25623977498893413,47
5037,1,8250,4016,4234,0,0,0,1.0,1,1.0,1,1.0,1,0.27575014608096277,47
5038,0,8250,4016,4234,0,0,0,1.0,1,1.0,1,1.0,1,0.2762388195747479,47
5039,0,8250,4016,4234,0,0,0,1.0,1,1.0,1,1.0,1,0.2840645844773255,48
5040,0,8250,4016,4234,0,0,0,1.0,1,1.0,1,1.0,1,0.2840645844773255,48
5041,0,8250,4016,4234,0,0,0,1.0,1,1.0,1,1.0,1,0.2840645844773255,48
5042,0,8250,4016,4234,0,0,0,1.0,1,1.0,1,1.0,1,0.2817614965663983,50
5043,0,8250,4016,4234,0,0,0,1.0,1,1.0,1,1.0,1,0.2806612306003475,51
5044,0,8250,4016,4234,0,0,0,1.0,1,1.0,1,1.0,1,0.2806612306003475,51
5045,2,8252,4016,4236,0,0,0,1.0,1,1.0,1,1.0,1,0.2673210818694215,52
5046,2,8254,4017,4237,0,0,0,1.0,1,1.0,1,1.0,1,0.2856330086551069,51
5047,1,8255,4017,4238,0,0,0,1.0,1,1.0,1,1.0,1,0.2806014179811736,51
5048,2,8257,4018,4239,0,0,0,1.0,1,1.0,1,1.0,1,0.2587353575309209,52
5049,2,8259,4019,4240,0,0,0,1.0,1,1.0,1,1.0,1,0.281904923429854,54
5050,4,8263,4019,4244,0,0,0,1.0,1,1.0,1,1.0,1,0.2568965683239583,56
5051,3,8266,4019,4247,0,0,0,1.0,1,1.0,1,1.0,1,0.22728206575966842,55
5052,0,8266,4019,4247,0,0,0,1.0,1,1.0,1,1.0,1,0.22728206575966842,55
5053,0,8266,4019,4247,0,0,0,1.0,1,1.0,1,1.0,1,0.22728206575966842,55
5054,1,8267,4020,4247,0,0,0,1.0,1,1.0,1,1.0,1,0.24687952215703432,55
5055,2,8269,4020,4249,0,0,0,1.0,1,1.0,1,1.0,1,0.20638073884677438,55
5056,1,8270,4020,4250,0,0,0,1.0,1,1.0,1,1.0,1,0.19607870025731935,56
5057,2,8272,4020,4252,0,0,0,1.0,1,1.0,1,1.0,1,0.18672786260530788,58
5058,1,8273,4020,4253,0,0,0,1.0,1,1.0,1,1.0,1,0.18992991002017043,59
5059,1,8274,4020,4254,0,0,0,1.0,1,1.0,1,1.0,1,0.17713499645635386,59
5060,0,8274,4020,4254,0,0,0,1.0,1,1.0,1,1.0,1,0.17713499645635386,59
5061,0,8274,4020,4254,0,0,0,1.0,1,1.0,1,1.0,1,0.18563683282185706,59
5062,4,8278,4023,4255,0,0,0,1.0,1,1.0,1,1.0,1,0.23990164769818773,59
5063,2,8280,4025,4255,0,0,0,1.0,1,1.0,1,1.0,1,0.2632666088733554,59
5064,4,8284,4028,4256,0,0,0,1.0,1,1.0,1,1.0,1,0.2678716473700305,57
5065,3,8287,4029,4258,0,0,0,1.0,1,1.0,1,1.0,1,0.2577790628093402,55
5066,2,8289,4030,4259,0,0,0,1.0,1,1.0,1,1.0,1,0.27544097701999853,55
5067,4,8293,4031,4262,0,0,0,1.0,1,1.0,1,1.0,1,0.26606186380855973,54
5068,2,8295,4031,4264,0,0,0,1.0,1,1.0,1,1.0,1,0.22808295886660834,54
5069,3,8298,4032,4266,0,0,0,1.0,1,1.0,1,1.0,1,0.1939190461079494,54
5070,2,8300,4034,4266,0,0,0,1.0,1,1.0,1,1.0,1,0.23432459009209894,52
5071,5,8305,4035,4270,0,0,0,1.0,1,1.0,1,1.0,1,0.2101644978593781,54
5072,1,8306,4035,4271,0,0,0,1.0,1,1.0,1,1.0,1,0.17481428430069645,52
5073,0,8306,4035,4271,0,0,0,1.0,1,1.0,1,1.0,1,0.16521258474788655,51
5074,0,8306,4035,4271,0,0,0,1.0,1,1.0,1,1.0,1,0.15573834286750673,52
5075,0,8306,4035,4271,0,0,0,1.0,1,1.0,1,1.0,1,0.16562620995445776,53
5076,0,8306,4035,4271,0,0,0,1.0,1,1.0,1,1.0,1,0.16562620995445776,53
5077,2,8308,4037,4271,0,0,0,1.0,1,1.0,1,1.0,1,0.20346588002966468,56
5078,3,8311,4037,4274,0,0,0,1.0,1,1.0,1,1.0,1,0.18933695055595096,55
5079,0,8311,4037,4274,0,0,0,1.0,1,1.0,1,1.0,1,0.2049695705856047,56
5080,2,8313,4037,4276,0,0,0,1.0,1,1.0,1,1.0,1,0.17358237104319282,57
5081,1,8314,4037,4277,0,0,0,1.0,1,1.0,1,1.0,1,0.16548587415699054,58
5082,0,8314,4037,4277,0,0,0,1.0,1,1.0,1,1.0,1,0.16548587415699054,58
5083,1,8315,4037,4278,0,0,0,1.0,1,1.0,1,1.0,1,0.1701035277026036,59
5084,1,8316,4037,4279,0,0,0,1.0,1,1.0,1,1.0,1,0.1397869716189785,59
5085,2,8318,4038,4280,0,0,0,1.0,1,1.0,1,1.0,1,0.1616285370894916,60
5086,2,8320,4038,4282,0,0,0,1.0,1,1.0,1,1.0,1,0.1337550696278696,61
5087,3,8323,4040,4283,0,0,0,1.0,1,1.0,1,1.0,1,0.13613981421313373,62
5088,2,8325,4041,4284,0,0,0,1.0,1,1.0,1,1.0,1,0.14318084397492759,64
5089,3,8328,4044,4284,0,0,0,1.0,1,1.0,1,1.0,1,0.17136420016661444,64
5090,0,8328,4044,4284,0,0,0,1.0,1,1.0,1,1.0,1,0.17136420016661444,64
5091,5,8333,4047,4286,0,0,0,1.0,1,1.0,1,1.0,1,0.16972965301405196,64
5092,1,8334,4048,4286,0,0,0,1.0,1,1.0,1,1.0,1,0.18475844328767813,64
5093,0,8334,4048,4286,0,0,0,1.0,1,1.0,1,1.0,1,0.18475844328767813,64
5094,1,8335,4049,4286,0,0,0,1.0,1,1.0,1,1.0,1,0.19728938174778274,65
5095,2,8337,4050,4287,0,0,0,1.0,1,1.0,1,1.0,1,0.20607874984126578,66
5096,1,8338,4050,4288,0,0,0,1.0,1,1.0,1,1.0,1,0.18938389076812304,66
5097,3,8341,4051,4290,0,0,0,1.0,1,1.0,1,1.0,1,0.18188791881823305,67
5098,1,8342,4052,4290,0,0,0,1.0,1,1.0,1,1.0,1,0.17728502903528134,67
5099,7,8349,4053,4296,0,0,0,1.0,1,1.0,1,1.0,1,0.141093942942314,70
5100,3,8352,4054,4298,0,0,0,1.0,1,1.0,1,1.0,1,0.1321752097080746,71
5101,1,8353,4055,4298,0,0,0,1.0,1,1.0,1,1.0,1,0.14347059307756932,72
5102,3,8356,4057,4299,0,0,0,1.0,1,1.0,1,1.0,1,0.14853468574195194,72
5103,3,8359,4059,4300,0,0,0,1.0,1,1.0,1,1.0,1,0.15590922322486417,70
5104,4,8363,4062,4301,0,0,0,1.0,1,1.0,1,1.0,1,0.17360690020792063,67
5105,4,8367,4065,4302,0,0,0,1.0,1,1.0,1,1.0,1,0.18601587961035926,66
5106,3,8370,4068,4302,0,0,0,1.0,1,1.0,1,1.0,1,0.22075695267357875,64
5107,3,8373,4071,4302,0,0,0,1.0,1,1.0,1,1.0,1,0.22135943508548359,61
5108,3,8376,4072,4304,0,0,0,1.0,1,1.0,1,1.0,1,0.22187213662705918,57
5109,3,8379,4075,4304,0,0,0,1.0,1,1.0,1,1.0,1,0.25672591805841566,55
5110,3,8382,4076,4306,0,0,0,1.0,1,1.0,1,1.0,1,0.23718322108502718,53
5111,5,8387,4079,4308,0,0,0,1.0,1,1.0,1,1.0,1,0.2594604271313359,52
5112,3,8390,4080,4310,0,0,0,1.0,1,1.0,1,1.0,1,0.23557295192573244,52
5113,3,8393,4080,4313,0,0,0,1.0,1,1.0,1,1.0,1,0.1763839787421046,49
5114,4,8397,4084,4313,0,0,0,1.0,1,1.0,1,1.0,1,0.229087410143674,49
5115,2,8399,4084,4315,0,0,0,1.0,1,1.0,1,1.0,1,0.20456561465842663,48
5116,2,8401,4085,4316,0,0,0,1.0,1,1.0,1,1.0,1,0.2041799529972427,47
5117,0,8401,4085,4316,0,0,0,1.0,1,1.0,1,1.0,1,0.20956478792912694,48
5118,0,8401,4085,4316,0,0,0,1.0,1,1.0,1,1.0,1,0.19366125608286655,49
5119,3,8404,4087,4317,0,0,0,1.0,1,1.0,1,1.0,1,0.16164543866332906,49
5120,0,8404,4087,4317,0,0,0,1.0,1,1.0,1,1.0,1,0.17325181218901214,48
5121,1,8405,4088,4317,0,0,0,1.0,1,1.0,1,1.0,1,0.16153974604995455,48
5122,1,8406,4089,4317,0,0,0,1.0,1,1.0,1,1.0,1,0.1677853910859218,46
5123,0,8406,4089,4317,0,0,0,1.0,1,1.0,1,1.0,1,0.1677853910859218,46
5124,0,8406,4089,4317,0,0,0,1.0,1,1.0,1,1.0,1,0.1716787436771048,47
5125,7,8413,4091,4322,0,0,0,1.0,1,1.0,1,1.0,1,0.16715297696636758,49
5126,0,8413,4091,4322,0,0,0,1.0,1,1.0,1,1.0,1,0.16715297696636758,49
5127,1,8414,4091,4323,0,0,0,1.0,1,1.0,1,1.0,1,0.18369833357749232,51
5128,3,8417,4092,4325,0,0,0,1.0,1,1.0,1,1.0,1,0.2178123141770286,53
5129,5,8422,4093,4329,0,0,0,1.0,1,1.0,1,1.0,1,0.14984699384594577,55
5130,0,8422,4093,4329,0,0,0,1.0,1,1.0,1,1.0,1,0.14984699384594577,55
5131,0,8422,4093,4329,0,0,0,1.0,1,1.0,1,1.0,1,0.14984699384594577,55
5132,0,8422,4093,4329,0,0,0,1.0,1,1.0,1,1.0,1,0.14984699384594577,55
5133,0,8422,4093,4329,0,0,0,1.0,1,1.0,1,1.0,1,0.15348987141236173,56
5134,1,8423,4093,4330,0,0,0,1.0,1,1.0,1,1.0,1,0.17476449027276755,56
5135,1,8424,4094,4330,0,0,0,1.0,1,1.0,1,1.0,1,0.18219422392778287,56
5136,1,8425,4094,4331,0,0,0,1.0,1,1.0,1,1.0,1,0.17426171621368897,55
5137,1,8426,4095,4331,0,0,0,1.0,1,1.0,1,1.0,1,0.20009715941208714,55
5138,0,8426,4095,4331,0,0,0,1.0,1,1.0,1,1.0,1,0.20940031774914714,54
5139,3,8429,4098,4331,0,0,0,1.0,1,1.0,1,1.0,1,0.2193579890422007,54
5140,2,8431,4099,4332,0,0,0,1.0,1,1.0,1,1.0,1,0.22068789708103878,54
5141,4,8435,4102,4333,0,0,0,1.0,1,1.0,1,1.0,1,0.2387910681786398,53
5142,9,8444,4106,4338,0,0,0,1.0,1,1.0,1,1.0,1,0.2414395074530579,55
5143,3,8447,4109,4338,0,0,0,1.0,1,1.0,1,1.0,1,0.22527732022776845,54
5144,5,8452,4112,4340,0,0,0,1.0,1,1.0,1,1.0,1,0.2057328815586299,50
5145,4,8456,4113,4343,0,0,0,1.0,1,1.0,1,1.0,1,0.1879632875755074,51
5146,3,8459,4114,4345,0,0,0,1.0,1,1.0,1,1.0,1,0.1518557060400388,48
5147,3,8462,4115,4347,0,0,0,1.0,1,1.0,1,1.0,1,0.1474387682848757,49
5148,0,8462,4115,4347,0,0,0,1.0,1,1.0,1,1.0,1,0.12312690263878787,47
5149,1,8463,4116,4347,0,0,0,1.0,1,1.0,1,1.0,1,0.17159632201869016,46
5150,4,8467,4120,4347,0,0,0,1.0,1,1.0,1,1.0,1,0.18207020164024984,46
5151,1,8468,4120,4348,0,0,0,1.0,1,1.0,1,1.0,1,0.14616202351470658,45
5152,3,8471,4123,4348,0,0,0,1.0,1,1.0,1,1.0,1,0.17906091101702712,45
5153,2,8473,4124,4349,0,0,0,1.0,1,1.0,1,1.0,1,0.18340478919068023,45
5154,2,8475,4125,4350,0,0,0,1.0,1,1.0,1,1.0,1,0.19928893737671494,45
5155,1,8476,4126,4350,0,0,0,1.0,1,1.0,1,1.0,1,0.23476441717894178,44
5156,2,8478,4127,4351,0,0,0,1.0,1,1.0,1,1.0,1,0.2281172512311073,44
5157,0,8478,4127,4351,0,0,0,1.0,1,1.0,1,1.0,1,0.21662312574628453,42
5158,1,8479,4128,4351,0,0,0,1.0,1,1.0,1,1.0,1,0.24180632068225918,43
5159,1,8480,4128,4352,0,0,0,1.0,1,1.0,1,1.0,1,0.24791639474031646,43
5160,0,8480,4128,4352,0,0,0,1.0,1,1.0,1,1.0,1,0.24791639474031646,43
5161,0,8480,4128,4352,0,0,0,1.0,1,1.0,1,1.0,1,0.24791639474031646,43
5162,1,8481,4128,4353,0,0,0,1.0,1,1.0,1,1.0,1,0.23623769958727947,44
5163,1,8482,4128,4354,0,0,0,1.0,1,1.0,1,1.0,1,0.2381308485963238,46
5164,2,8484,4129,4355,0,0,0,1.0,1,1.0,1,1.0,1,0.21630215853304086,46
5165,0,8484,4129,4355,0,0,0,1.0,1,1.0,1,1.0,1,0.21630215853304086,46
5166,7,8491,4132,4359,0,0,0,1.0,1,1.0,1,1.0,1,0.20255346522013837,47
5167,1,8492,4132,4360,0,0,0,1.0,1,1.0,1,1.0,1,0.1904439194281225,47
5168,3,8495,4134,4361,0,0,0,1.0,1,1.0,1,1.0,1,0.20288134841806413,47
5169,0,8495,4134,4361,0,0,0,1.0,1,1.0,1,1.0,1,0.20288134841806413,47
5170,2,8497,4135,4362,0,0,0,1.0,1,1.0,1,1.0,1,0.1943343741738032,48
5171,1,8498,4136,4362,0,0,0,1.0,1,1.0,1,1.0,1,0.21742194626537123,48
5172,1,8499,4136,4363,0,0,0,1.0,1,1.0,1,1.0,1,0.17037420165224634,49
5173,1,8500,4136,4364,0,0,0,1.0,1,1.0,1,1.0,1,0.16078196270817718,49
5174,1,8501,4136,4365,0,0,0,1.0,1,1.0,1,1.0,1,0.16693362223323718,52
5175,1,8502,4137,4365,0,0,0,1.0,1,1.0,1,1.0,1,0.17552075496912015,53
5176,1,8503,4137,4366,0,0,0,1.0,1,1.0,1,1.0,1,0.1675574170007438,54
5177,3,8506,4140,4366,0,0,0,1.0,1,1.0,1,1.0,1,0.2033883140192894,54
5178,5,8511,4142,4369,0,0,0,1.0,1,1.0,1,1.0,1,0.1585100342906867,55
5179,0,8511,4142,4369,0,0,0,1.0,1,1.0,1,1.0,1,0.16004723694108497,53
5180,0,8511,4142,4369,0,0,0,1.0,1,1.0,1,1.0,1,0.17677507176610885,52
5181,1,8512,4143,4369,0,0,0,1.0,1,1.0,1,1.0,1,0.16275795168355522,52
5182,1,8513,4144,4369,0,0,0,1.0,1,1.0,1,1.0,1,0.1682698315094513,52
5183,3,8516,4147,4369,0,0,0,1.0,1,1.0,1,1.0,1,0.2239689806458641,52
5184,2,8518,4148,4370,0,0,0,1.0,1,1.0,1,1.0,1,0.23236311483375982,52
5185,3,8521,4150,4371,0,0,0,1.0,1,1.0,1,1.0,1,0.2519600870121783,50
5186,2,8523,4151,4372,0,0,0,1.0,1,1.0,1,1.0,1,0.2736799015426432,48
5187,1,8524,4151,4373,0,0,0,1.0,1,1.0,1,1.0,1,0.27030874354825946,46
5188,1,8525,4151,4374,0,0,0,1.0,1,1.0,1,1.0,1,0.23341514699001617,44
5189,0,8525,4151,4374,0,0,0,1.0,1,1.0,1,1.0,1,0.2190766220981732,44
5190,1,8526,4152,4374,0,0,0,1.0,1,1.0,1,1.0,1,0.2400128078482575,45
5191,1,8527,4152,4375,0,0,0,1.0,1,1.0,1,1.0,1,0.2281511424303348,45
5192,2,8529,4153,4376,0,0,0,1.0,1,1.0,1,1.0,1,0.228161813661399,45
5193,1,8530,4153,4377,0,0,0,1.0,1,1.0,1,1.0,1,0.2010614430741231,45
5194,0,8530,4153,4377,0,0,0,1.0,1,1.0,1,1.0,1,0.20367892963416262,45
5195,2,8532,4154,4378,0,0,0,1.0,1,1.0,1,1.0,1,0.20003055796142383,46
5196,0,8532,4154,4378,0,0,0,1.0,1,1.0,1,1.0,1,0.20003055796142383,46
5197,2,8534,4156,4378,0,0,0,1.0,1,1.0,1,1.0,1,0.2267566461387752,46
5198,2,8536,4156,4380,0,0,0,1.0,1,1.0,1,1.0,1,0.18045414181018624,47
5199,1,8537,4157,4380,0,0,0,1.0,1,1.0,1,1.0,1,0.21104209685968395,49
5200,3,8540,4158,4382,0,0,0,1.0,1,1.0,1,1.0,1,0.19657391464359483,49
5201,2,8542,4160,4382,0,0,0,1.0,1,1.0,1,1.0,1,0.21237329984589293,50
5202,1,8543,4160,4383,0,0,0,1.0,1,1.0,1,1.0,1,0.19283891803288397,52
5203,1,8544,4160,4384,0,0,0,1.0,1,1.0,1,1.0,1,0.1763010526592519,52
5204,0,8544,4160,4384,0,0,0,1.0,1,1.0,1,1.0,1,0.16774664536579037,54
5205,0,8544,4160,4384,0,0,0,1.0,1,1.0,1,1.0,1,0.16774664536579037,54
5206,0,8544,4160,4384,0,0,0,1.0,1,1.0,1,1.0,1,0.17904720021931267,55
5207,0,8544,4160,4384,0,0,0,1.0,1,1.0,1,1.0,1,0.182419945399443,54
5208,0,8544,4160,4384,0,0,0,1.0,1,1.0,1,1.0,1,0.182419945399443,54
5209,1,8545,4160,4385,0,0,0,1.0,1,1.0,1,1.0,1,0.15942287595100216,54
5210,1,8546,4160,4386,0,0,0,1.0,1,1.0,1,1.0,1,0.1409515320991308,54
5211,1,8547,4161,4386,0,0,0,1.0,1,1.0,1,1.0,1,0.17077185090395833,56
5212,0,8547,4161,4386,0,0,0,1.0,1,1.0,1,1.0,1,0.15725004895258818,57
5213,1,8548,4162,4386,0,0,0,1.0,1,1.0,1,1.0,1,0.17677459198385687,57
5214,5,8553,4164,4389,0,0,0,1.0,1,1.0,1,1.0,1,0.2019115582069196,58
5215,4,8557,4164,4393,0,0,0,1.0,1,1.0,1,1.0,1,0.17432945869566235,57
5216,0,8557,4164,4393,0,0,0,1.0,1,1.0,1,1.0,1,0.17432945869566235,57
5217,3,8560,4166,4394,0,0,0,1.0,1,1.0,1,1.0,1,0.15696489438759445,56
5218,2,8562,4167,4395,0,0,0,1.0,1,1.0,1,1.0,1,0.16842840959274175,56
5219,0,8562,4167,4395,0,0,0,1.0,1,1.0,1,1.0,1,0.18630816987682697,54
5220,0,8562,4167,4395,0,0,0,1.0,1,1.0,1,1.0,1,0.20923596342711195,53
5221,2,8564,4167,4397,0,0,0,1.0,1,1.0,1,1.0,1,0.19796978664439868,52
5222,3,8567,4169,4398,0,0,0,1.0,1,1.0,1,1.0,1,0.2022275150009722,52
5223,2,8569,4171,4398,0,0,0,1.0,1,1.0,1,1.0,1,0.21365302685530685,52
5224,7,8576,4174,4402,0,0,0,1.0,1,1.0,1,1.0,1,0.17660069800075773,52
5225,0,8576,4174,4402,0,0,0,1.0,1,1.0,1,1.0,1,0.18355166338946238,50
5226,3,8579,4176,4403,0,0,0,1.0,1,1.0,1,1.0,1,0.18022045592949446,51
5227,2,8581,4178,4403,0,0,0,1.0,1,1.0,1,1.0,1,0.2320646069514739,49
5228,2,8583,4178,4405,0,0,0,1.0,1,1.0,1,1.0,1,0.22598333338133436,48
5229,0,8583,4178,4405,0,0,0,1.0,1,1.0,1,1.0,1,0.21045255659482057,49
5230,0,8583,4178,4405,0,0,0,1.0,1,1.0,1,1.0,1,0.21045255659482057,49
5231,1,8584,4179,4405,0,0,0,1.0,1,1.0,1,1.0,1,0.19495510538436164,49
5232,2,8586,4181,4405,0,0,0,1.0,1,1.0,1,1.0,1,0.22160614326399483,51
5233,3,8589,4182,4407,0,0,0,1.0,1,1.0,1,1.0,1,0.212786850281101,51
5234,6,8595,4185,4410,0,0,0,1.0,1,1.0,1,1.0,1,0.19148895210752315,52
5235,2,8597,4185,4412,0,0,0,1.0,1,1.0,1,1.0,1,0.15412422695342048,52
5236,1,8598,4185,4413,0,0,0,1.0,1,1.0,1,1.0,1,0.14588725011178855,52
5237,0,8598,4185,4413,0,0,0,1.0,1,1.0,1,1.0,1,0.1635326260699802,53
5238,0,8598,4185,4413,0,0,0,1.0,1,1.0,1,1.0,1,0.1635326260699802,53
5239,1,8599,4185,4414,0,0,0,1.0,1,1.0,1,1.0,1,0.14832286567370284,53
5240,4,8603,4185,4418,0,0,0,1.0,1,1.0,1,1.0,1,0.11165268437628668,55
5241,0,8603,4185,4418,0,0,0,1.0,1,1.0,1,1.0,1,0.11372445800460752,56
5242,0,8603,4185,4418,0,0,0,1.0,1,1.0,1,1.0,1,0.12634073706680668,54
5243,1,8604,4186,4418,0,0,0,1.0,1,1.0,1,1.0,1,0.14585479116450803,55
5244,2,8606,4187,4419,0,0,0,1.0,1,1.0,1,1.0,1,0.16121188183815058,55
5245,2,8608,4188,4420,0,0,0,1.0,1,1.0,1,1.0,1,0.15401802096570752,55
5246,3,8611,4190,4421,0,0,0,1.0,1,1.0,1,1.0,1,0.2285995383344615,55
5247,4,8615,4191,4424,0,0,0,1.0,1,1.0,1,1.0,1,0.18571587319263957,54
5248,2,8617,4192,4425,0,0,0,1.0,1,1.0,1,1.0,1,0.19299613074941277,53
5249,1,8618,4193,4425,0,0,0,1.0,1,1.0,1,1.0,1,0.21576937109755262,55
5250,4,8622,4195,4427,0,0,0,1.0,1,1.0,1,1.0,1,0.19069375445416814,55
5251,4,8626,4196,4430,0,0,0,1.0,1,1.0,1,1.0,1,0.18951796867976786,57
5252,1,8627,4196,4431,0,0,0,1.0,1,1.0,1,1.0,1,0.17717663277623905,58
5253,1,8628,4197,4431,0,0,0,1.0,1,1.0,1,1.0,1,0.20537088666246878,59
5254,4,8632,4198,4434,0,0,0,1.0,1,1.0,1,1.0,1,0.1719938552694983,59
5255,1,8633,4199,4434,0,0,0,1.0,1,1.0,1,1.0,1,0.1721670055242508,58
5256,2,8635,4200,4435,0,0,0,1.0,1,1.0,1,1.0,1,0.18295129692541875,59
5257,1,8636,4201,4435,0,0,0,1.0,1,1.0,1,1.0,1,0.20476440239705937,58
5258,0,8636,4201,4435,0,0,0,1.0,1,1.0,1,1.0,1,0.19557536415830504,56
5259,1,8637,4201,4436,0,0,0,1.0,1,1.0,1,1.0,1,0.2018452295892012,56
5260,2,8639,4202,4437,0,0,0,1.0,1,1.0,1,1.0,1,0.19687514862040997,55
5261,1,8640,4203,4437,0,0,0,1.0,1,1.0,1,1.0,1,0.20536888951193175,54
5262,3,8643,4205,4438,0,0,0,1.0,1,1.0,1,1.0,1,0.2162126356084039,54
5263,3,8646,4207,4439,0,0,0,1.0,1,1.0,1,1.0,1,0.23978176269693116,53
5264,2,8648,4208,4440,0,0,0,1.0,1,1.0,1,1.0,1,0.21911445077796396,51
5265,1,8649,4209,4440,0,0,0,1.0,1,1.0,1,1.0,1,0.21704327685787653,50
5266,5,8654,4212,4442,0,0,0,1.0,1,1.0,1,1.0,1,0.18666461406090434,49
5267,3,8657,4214,4443,0,0,0,1.0,1,1.0,1,1.0,1,0.20775750395254244,48
5268,3,8660,4216,4444,0,0,0,1.0,1,1.0,1,1.0,1,0.1914888374436645,47
5269,1,8661,4217,4444,0,0,0,1.0,1,1.0,1,1.0,1,0.2247802214457163,45
5270,1,8662,4217,4445,0,0,0,1.0,1,1.0,1,1.0,1,0.22828341059741494,47
5271,3,8665,4218,4447,0,0,0,1.0,1,1.0,1,1.0,1,0.19346736252750021,45
5272,5,8670,4223,4447,0,0,0,1.0,1,1.0,1,1.0,1,0.26511760835513126,46
5273,2,8672,4223,4449,0,0,0,1.0,1,1.0,1,1.0,1,0.22457125603917635,44
5274,2,8674,4224,4450,0,0,0,1.0,1,1.0,1,1.0,1,0.24395801979615075,44
5275,5,8679,4226,4453,0,0,0,1.0,1,1.0,1,1.0,1,0.21313571276595072,46
5276,1,8680,4227,4453,0,0,0,1.0,1,1.0,1,1.0,1,0.19790564687212445,46
5277,1,8681,4227,4454,0,0,0,1.0,1,1.0,1,1.0,1,0.17475903025573664,46
5278,3,8684,4230,4454,0,0,0,1.0,1,1.0,1,1.0,1,0.17053042012398323,46
5279,1,8685,4231,4454,0,0,0,1.0,1,1.0,1,1.0,1,0.21443776961636282,47
5280,2,8687,4232,4455,0,0,0,1.0,1,1.0,1,1.0,1,0.19730181380770415,47
5281,1,8688,4232,4456,0,0,0,1.0,1,1.0,1,1.0,1,0.19063587131432685,48
5282,2,8690,4234,4456,0,0,0,1.0,1,1.0,1,1.0,1,0.22595681069548748,48
5283,2,8692,4234,4458,0,0,0,1.0,1,1.0,1,1.0,1,0.21456806493033181,49
5284,0,8692,4234,4458,0,0,0,1.0,1,1.0,1,1.0,1,0.21456806493033181,49
5285,0,8692,4234,4458,0,0,0,1.0,1,1.0,1,1.0,1,0.19333954311415927,50
5286,0,8692,4234,4458,0,0,0,1.0,1,1.0,1,1.0,1,0.20705539177193377,51
5287,0,8692,4234,4458,0,0,0,1.0,1,1.0,1,1.0,1,0.20705539177193377,51
5288,1,8693,4234,4459,0,0,0,1.0,1,1.0,1,1.0,1,0.1980733208946859,51
5289,0,8693,4234,4459,0,0,0,1.0,1,1.0,1,1.0,1,0.20150931199655925,53
5290,1,8694,4234,4460,0,0,0,1.0,1,1.0,1,1.0,1,0.19253829223786786,53
5291,3,8697,4235,4462,0,0,0,1.0,1,1.0,1,1.0,1,0.1895426294537648,53
5292,3,8700,4236,4464,0,0,0,1.0,1,1.0,1,1.0,1,0.2019624164974356,53
5293,3,8703,4238,4465,0,0,0,1.0,1,1.0,1,1.0,1,0.24666983114956942,53
5294,2,8705,4239,4466,0,0,0,1.0,1,1.0,1,1.0,1,0.25381135358520823,54
5295,2,8707,4240,4467,0,0,0,1.0,1,1.0,1,1.0,1,0.2566034396837833,52
5296,4,8711,4240,4471,0,0,0,1.0,1,1.0,1,1.0,1,0.21654522693594178,49
5297,2,8713,4242,4471,0,0,0,1.0,1,1.0,1,1.0,1,0.27432851528692664,49
5298,0,8713,4242,4471,0,0,0,1.0,1,1.0,1,1.0,1,0.27152918476984433,49
5299,4,8717,4244,4473,0,0,0,1.0,1,1.0,1,1.0,1,0.2561288956304032,50
5300,1,8718,4244,4474,0,0,0,1.0,1,1.0,1,1.0,1,0.23473804011731184,48
5301,1,8719,4245,4474,0,0,0,1.0,1,1.0,1,1.0,1,0.26224287719946554,46
5302,2,8721,4246,4475,0,0,0,1.0,1,1.0,1,1.0,1,0.25963942160573816,47
5303,2,8723,4248,4475,0,0,0,1.0,1,1.0,1,1.0,1,0.2768328739819809,46
5304,2,8725,4250,4475,0,0,0,1.0,1,1.0,1,1.0,1,0.3317491579645713,45
5305,4,8729,4251,4478,0,0,0,1.0,1,1.0,1,1.0,1,0.26722834568480436,44
5306,2,8731,4253,4478,0,0,0,1.0,1,1.0,1,1.0,1,0.3183946993778656,42
5307,2,8733,4254,4479,0,0,0,1.0,1,1.0,1,1.0,1,0.3041427807842127,42
5308,3,8736,4255,4481,0,0,0,1.0,1,1.0,1,1.0,1,0.2875140244608052,43
5309,0,8736,4255,4481,0,0,0,1.0,1,1.0,1,1.0,1,0.27814492610889097,41
5310,1,8737,4256,4481,0,0,0,1.0,1,1.0,1,1.0,1,0.3111982814363279,41
5311,1,8738,4257,4481,0,0,0,1.0,1,1.0,1,1.0,1,0.319405875928052,42
5312,0,8738,4257,4481,0,0,0,1.0,1,1.0,1,1.0,1,0.3327268573268173,43
5313,0,8738,4257,4481,0,0,0,1.0,1,1.0,1,1.0,1,0.33051741867781764,44
5314,1,8739,4257,4482,0,0,0,1.0,1,1.0,1,1.0,1,0.3079303149287768,44
5315,3,8742,4258,4484,0,0,0,1.0,1,1.0,1,1.0,1,0.3120540226777686,45
5316,3,8745,4258,4487,0,0,0,1.0,1,1.0,1,1.0,1,0.2925289182902079,46
5317,1,8746,4258,4488,0,0,0,1.0,1,1.0,1,1.0,1,0.29207117678012934,46
5318,1,8747,4259,4488,0,0,0,1.0,1,1.0,1,1.0,1,0.2861484468239992,46
5319,1,8748,4259,4489,0,0,0,1.0,1,1.0,1,1.0,1,0.2895685968116522,47
5320,4,8752,4260,4492,0,0,0,1.0,1,1.0,1,1.0,1,0.2185401167164508,48
5321,2,8754,4260,4494,0,0,0,1.0,1,1.0,1,1.0,1,0.2097605704473219,49
5322,0,8754,4260,4494,0,0,0,1.0,1,1.0,1,1.0,1,0.2097605704473219,49
5323,0,8754,4260,4494,0,0,0,1.0,1,1.0,1,1.0,1,0.23333245037340475,51
5324,2,8756,4260,4496,0,0,0,1.0,1,1.0,1,1.0,1,0.21106595507662437,53
5325,1,8757,4261,4496,0,0,0,1.0,1,1.0,1,1.0,1,0.22165841558025648,53
5326,2,8759,4262,4497,0,0,0,1.0,1,1.0,1,1.0,1,0.23310500276660834,53
5327,0,8759,4262,4497,0,0,0,1.0,1,1.0,1,1.0,1,0.25023297108834874,53
5328,2,8761,4262,4499,0,0,0,1.0,1,1.0,1,1.0,1,0.2314169571361322,54
5329,3,8764,4263,4501,0,0,0,1.0,1,1.0,1,1.0,1,0.24726865638538237,53
5330,2,8766,4265,4501,0,0,0,1.0,1,1.0,1,1.0,1,0.28261511780616383,52
5331,3,8769,4265,4504,0,0,0,1.0,1,1.0,1,1.0,1,0.2691939257269835,51
5332,2,8771,4265,4506,0,0,0,1.0,1,1.0,1,1.0,1,0.2516133819018566,52
5333,1,8772,4266,4506,0,0,0,1.0,1,1.0,1,1.0,1,0.2899085522197787,53
5334,2,8774,4267,4507,0,0,0,1.0,1,1.0,1,1.0,1,0.3031655677820574,54
5335,3,8777,4267,4510,0,0,0,1.0,1,1.0,1,1.0,1,0.2797063247556201,55
5336,0,8777,4267,4510,0,0,0,1.0,1,1.0,1,1.0,1,0.2836218516998609,54
5337,0,8777,4267,4510,0,0,0,1.0,1,1.0,1,1.0,1,0.29051736210097306,55
5338,0,8777,4267,4510,0,0,0,1.0,1,1.0,1,1.0,1,0.29051736210097306,55
5339,0,8777,4267,4510,0,0,0,1.0,1,1.0,1,1.0,1,0.29051736210097306,55
5340,0,8777,4267,4510,0,0,0,1.0,1,1.0,1,1.0,1,0.29051736210097306,55
5341,1,8778,4267,4511,0,0,0,1.0,1,1.0,1,1.0,1,0.3335647065563909,54
5342,1,8779,4268,4511,0,0,0,1.0,1,1.0,1,1.0,1,0.3451435633099456,55
5343,2,8781,4270,4511,0,0,0,1.0,1,1.0,1,1.0,1,0.34764451228064014,54
5344,3,8784,4273,4511,0,0,0,1.0,1,1.0,1,1.0,1,0.36370366244006735,55
5345,2,8786,4273,4513,0,0,0,1.0,1,1.0,1,1.0,1,0.32577989240008337,53
5346,4,8790,4276,4514,0,0,0,1.0,1,1.0,1,1.0,1,0.311851418355799,53
5347,7,8797,4279,4518,0,0,0,1.0,1,1.0,1,1.0,1,0.30085747866943086,51
5348,3,8800,4281,4519,0,0,0,1.0,1,1.0,1,1.0,1,0.27079804167863325,53
5349,4,8804,4284,4520,0,0,0,1.0,1,1.0,1,1.0,1,0.29448933329553745,52
5350,2,8806,4285,4521,0,0,0,1.0,1,1.0,1,1.0,1,0.29693020885362353,50
5351,7,8813,4287,4526,0,0,0,1.0,1,1.0,1,1.0,1,0.30299272462168375,52
5352,4,8817,4289,4528,0,0,0,1.0,1,1.0,1,1.0,1,0.27754069943763576,49
5353,1,8818,4289,4529,0,0,0,1.0,1,1.0,1,1.0,1,0.24590286382065357,49
5354,1,8819,4289,4530,0,0,0,1.0,1,1.0,1,1.0,1,0.21494900350808338,49
5355,1,8820,4289,4531,0,0,0,1.0,1,1.0,1,1.0,1,0.19143571920674207,48
5356,3,8823,4291,4532,0,0,0,1.0,1,1.0,1,1.0,1,0.23989224224553907,49
5357,1,8824,4291,4533,0,0,0,1.0,1,1.0,1,1.0,1,0.22117906998968062,47
5358,2,8826,4292,4534,0,0,0,1.0,1,1.0,1,1.0,1,0.2426821986142326,48
5359,1,8827,4292,4535,0,0,0,1.0,1,1.0,1,1.0,1,0.229295806971937,48
5360,1,8828,4292,4536,0,0,0,1.0,1,1.0,1,1.0,1,0.22183874549534324,48
5361,1,8829,4292,4537,0,0,0,1.0,1,1.0,1,1.0,1,0.2291656302620697,50
5362,1,8830,4292,4538,0,0,0,1.0,1,1.0,1,1.0,1,0.22122370708201688,50
5363,0,8830,4292,4538,0,0,0,1.0,1,1.0,1,1.0,1,0.22122370708201688,50
5364,3,8833,4294,4539,0,0,0,1.0,1,1.0,1,1.0,1,0.20237198545947832,51
5365,2,8835,4294,4541,0,0,0,1.0,1,1.0,1,1.0,1,0.19310210389958368,52
5366,0,8835,4294,4541,0,0,0,1.0,1,1.0,1,1.0,1,0.19310210389958368,52
5367,3,8838,4295,4543,0,0,0,1.0,1,1.0,1,1.0,1,0.18734587703160416,54
5368,1,8839,4295,4544,0,0,0,1.0,1,1.0,1,1.0,1,0.18530561020685196,55
5369,2,8841,4296,4545,0,0,0,1.0,1,1.0,1,1.0,1,0.18315427361962913,53
5370,4,8845,4298,4547,0,0,0,1.0,1,1.0,1,1.0,1,0.2099194898310748,54
5371,2,8847,4300,4547,0,0,0,1.0,1,1.0,1,1.0,1,0.23149062313231325,53
5372,4,8851,4303,4548,0,0,0,1.0,1,1.0,1,1.0,1,0.29901710709608403,53
5373,4,8855,4303,4552,0,0,0,1.0,1,1.0,1,1.0,1,0.23362404603394357,52
5374,1,8856,4303,4553,0,0,0,1.0,1,1.0,1,1.0,1,0.21182133531694924,51
5375,1,8857,4303,4554,0,0,0,1.0,1,1.0,1,1.0,1,0.17511269878437735,52
5376,3,8860,4305,4555,0,0,0,1.0,1,1.0,1,1.0,1,0.20504123119281037,51
5377,0,8860,4305,4555,0,0,0,1.0,1,1.0,1,1.0,1,0.2178276749006311,52
5378,2,8862,4307,4555,0,0,0,1.0,1,1.0,1,1.0,1,0.27737447240446517,50
5379,2,8864,4307,4557,0,0,0,1.0,1,1.0,1,1.0,1,0.25790685078811126,50
5380,1,8865,4307,4558,0,0,0,1.0,1,1.0,1,1.0,1,0.26248966783492805,52
5381,1,8866,4307,4559,0,0,0,1.0,1,1.0,1,1.0,1,0.2517732848578104,52
5382,0,8866,4307,4559,0,0,0,1.0,1,1.0,1,1.0,1,0.25135132077530103,52
5383,1,8867,4307,4560,0,0,0,1.0,1,1.0,1,1.0,1,0.20990308213480496,51
5384,3,8870,4308,4562,0,0,0,1.0,1,1.0,1,1.0,1,0.19575243821527993,52
5385,1,8871,4309,4562,0,0,0,1.0,1,1.0,1,1.0,1,0.24302762723387542,51
5386,4,8875,4311,4564,0,0,0,1.0,1,1.0,1,1.0,1,0.22527493541713073,52
5387,2,8877,4311,4566,0,0,0,1.0,1,1.0,1,1.0,1,0.18935160549113975,53
5388,2,8879,4311,4568,0,0,0,1.0,1,1.0,1,1.0,1,0.1646608880369572,54
5389,3,8882,4312,4570,0,0,0,1.0,1,1.0,1,1.0,1,0.11972978811172606,55
5390,2,8884,4313,4571,0,0,0,1.0,1,1.0,1,1.0,1,0.11556535591163848,56
5391,1,8885,4314,4571,0,0,0,1.0,1,1.0,1,1.0,1,0.12366662041602892,56
5392,2,8887,4316,4571,0,0,0,1.0,1,1.0,1,1.0,1,0.1637656301033492,56
5393,3,8890,4317,4573,0,0,0,1.0,1,1.0,1,1.0,1,0.14221969084926323,54
5394,1,8891,4318,4573,0,0,0,1.0,1,1.0,1,1.0,1,0.1544491106195562,53
5395,3,8894,4321,4573,0,0,0,1.0,1,1.0,1,1.0,1,0.19794474982897206,53
5396,2,8896,4322,4574,0,0,0,1.0,1,1.0,1,1.0,1,0.22851703386159436,54
5397,3,8899,4323,4576,0,0,0,1.0,1,1.0,1,1.0,1,0.17722542420681114,53
5398,1,8900,4324,4576,0,0,0,1.0,1,1.0,1,1.0,1,0.17189339959788055,53
5399,6,8906,4326,4580,0,0,0,1.0,1,1.0,1,1.0,1,0.15850234197095356,55
5400,1,8907,4326,4581,0,0,0,1.0,1,1.0,1,1.0,1,0.14983611922252185,55
5401,2,8909,4328,4581,0,0,0,1.0,1,1.0,1,1.0,1,0.20544676991715966,56
5402,0,8909,4328,4581,0,0,0,1.0,1,1.0,1,1.0,1,0.0,0
